200 PA4-D-Debug-Output.txt
    -6.835      5.001     45.730       -6.838      5.001     45.730     0.002091
    10.718      1.945     63.124       10.718      1.945     63.124     0.000604
    -8.707      1.884    -40.079       -8.708      1.883    -40.078     0.001183
    11.306      4.787    -17.448       11.306      4.789    -17.449     0.002017
    19.041    -17.387     -9.840       19.042    -17.393     -9.839     0.005912
     8.871    -12.146    -20.567        8.869    -12.145    -20.565     0.003246
   -36.801    -18.881    -12.282      -36.800    -18.880    -12.283     0.001416
   -19.392     11.854    -31.474      -19.392     11.850    -31.473     0.004804
   -22.914    -16.179     -6.115      -22.914    -16.179     -6.117     0.001754
   -43.852    -10.080    -23.443      -43.858    -10.081    -23.441     0.006754
    38.440     10.617      4.190       38.443     10.619      4.190     0.003652
   -35.435     -7.579     -9.039      -35.433     -7.581     -9.044     0.006142
     1.135     -7.067    -27.412        1.138     -7.067    -27.415     0.004480
    -1.393    -16.725     -6.512       -1.393    -16.724     -6.513     0.001220
     4.223     21.315     36.728        4.222     21.323     36.729     0.007348
     1.008     19.424     46.128        1.006     19.436     46.128     0.011522
    17.173     -3.920     48.937       17.171     -3.917     48.937     0.002883
     7.237    -12.517      6.315        7.236    -12.523      6.315     0.006241
    22.114      2.392     48.253       22.106      2.396     48.252     0.008817
    -8.426    -12.746      0.278       -8.426    -12.741      0.275     0.005208
    -5.094     21.135     14.604       -5.094     21.133     14.605     0.001514
   -40.622      0.102    -20.873      -40.618      0.100    -20.873     0.004127
    17.290     26.719      4.053       17.290     26.720      4.053     0.001148
    13.783     -5.065     61.958       13.782     -5.063     61.956     0.002967
   -22.670      2.246    -44.648      -22.670      2.246    -44.649     0.000724
   -15.474    -12.616     -2.891      -15.475    -12.618     -2.889     0.003007
   -11.945      6.632     11.813      -11.946      6.632     11.813     0.001707
    -6.054     -3.298     33.420       -6.049     -3.295     33.419     0.005671
   -15.325     13.072     28.872      -15.330     13.069     28.872     0.005150
    30.762     20.328     -2.467       30.762     20.329     -2.467     0.000758
    -5.743     13.802      8.188       -5.745     13.804      8.186     0.002918
     3.828    -17.145     -9.819        3.827    -17.140     -9.819     0.004752
    11.881     20.391    -22.149       11.884     20.389    -22.149     0.002704
    -3.380     16.681      8.835       -3.378     16.680      8.837     0.003340
    30.712      2.467    -27.737       30.711      2.467    -27.736     0.001032
   -37.956    -21.027    -15.950      -37.957    -21.028    -15.949     0.001356
    28.854     21.790     -5.705       28.856     21.792     -5.704     0.003281
    13.701     24.745    -10.462       13.701     24.745    -10.462     0.000287
    -6.769      2.848     57.540       -6.771      2.848     57.540     0.001728
    -7.358     -4.339     24.776       -7.363     -4.341     24.776     0.005422
     6.546     -6.822     42.407        6.546     -6.824     42.407     0.002128
    -6.654      3.261     47.820       -6.657      3.260     47.820     0.003088
   -26.741    -31.200    -19.917      -26.742    -31.201    -19.916     0.001905
    -3.914    -24.115    -31.255       -3.911    -24.117    -31.256     0.003855
     3.489    -12.928      2.378        3.489    -12.929      2.378     0.001118
   -42.958    -15.817    -24.108      -42.957    -15.817    -24.108     0.000800
     2.363    -16.503     -7.364        2.363    -16.503     -7.364     0.000102
   -17.756     11.869    -24.292      -17.756     11.866    -24.292     0.003453
    31.583     19.490    -10.212       31.582     19.490    -10.212     0.000790
     3.870     20.189     43.727        3.872     20.175     43.725     0.014262
    11.657     25.206     13.694       11.658     25.199     13.692     0.007037
    11.711     18.016    -22.615       11.703     18.013    -22.614     0.008135
   -10.982      7.467     22.945      -10.979      7.468     22.944     0.002743
     6.300     20.198     -3.878        6.298     20.199     -3.879     0.002252
    16.580     -2.320    -22.298       16.580     -2.319    -22.299     0.000642
   -36.938    -24.309    -33.808      -36.936    -24.308    -33.807     0.002277
     3.373      1.111     63.422        3.373      1.112     63.420     0.001437
    22.999     -5.018     20.603       23.000     -5.019     20.603     0.002071
     0.255     19.510      6.893        0.255     19.510      6.893     0.000027
    12.099     22.870     28.596       12.099     22.866     28.595     0.004098
     8.904    -13.920    -18.378        8.903    -13.917    -18.377     0.003181
    -9.813     -2.831     16.208       -9.807     -2.830     16.207     0.005576
     5.317    -13.234    -22.316        5.319    -13.235    -22.318     0.003567
   -33.784    -25.502    -15.861      -33.783    -25.499    -15.863     0.003102
    33.985      2.968     13.403       33.988      2.968     13.406     0.004317
     1.529     -6.858     62.857        1.530     -6.852     62.854     0.006280
    -4.059      8.003    -17.563       -4.059      8.004    -17.564     0.001214
   -19.254      7.442    -39.505      -19.254      7.444    -39.507     0.003528
     1.785      1.085    -23.470        1.785      1.085    -23.470     0.000199
   -32.273     -4.842     -9.429      -32.272     -4.843     -9.431     0.001789
   -25.611    -27.591    -39.828      -25.611    -27.590    -39.827     0.001474
    31.637     19.434     -9.331       31.637     19.435     -9.331     0.000824
   -11.274     10.861     15.023      -11.274     10.862     15.023     0.000169
    31.584     -5.020     11.483       31.582     -5.015     11.481     0.005168
     3.849     20.911     39.856        3.849     20.911     39.856     0.000179
    19.756     -6.003     22.277       19.756     -6.004     22.277     0.001117
    37.160      8.529      8.564       37.158      8.528      8.562     0.002846
    39.301      8.722      2.712       39.304      8.723      2.712     0.003696
    17.731     -7.398    -22.678       17.732     -7.398    -22.677     0.001173
     6.307     24.190      4.452        6.307     24.189      4.452     0.001059
   -41.164    -10.388    -31.156      -41.169    -10.390    -31.159     0.006197
    16.857     -5.684     31.596       16.858     -5.687     31.596     0.003064
     2.751    -11.750     10.060        2.750    -11.755     10.062     0.004998
    31.656     19.396     -8.782       31.657     19.397     -8.782     0.001251
    29.566      6.915    -28.872       29.565      6.915    -28.871     0.002099
   -12.559    -30.180    -32.827      -12.560    -30.178    -32.827     0.002425
    18.120      7.576    -25.802       18.119      7.576    -25.803     0.002075
    37.416     -1.645      7.050       37.421     -1.648      7.051     0.006032
     4.608    -16.531    -19.203        4.609    -16.533    -19.203     0.001928
   -37.335    -18.257    -12.679      -37.336    -18.257    -12.678     0.001281
   -16.207     10.007    -35.989      -16.208     10.004    -35.988     0.003133
    25.010     -0.094    -28.440       25.009     -0.095    -28.442     0.001748
    -9.894      9.379     32.316       -9.889      9.385     32.314     0.008157
    -2.162     -8.429     25.468       -2.161     -8.425     25.467     0.004152
     8.574     18.332     -8.858        8.574     18.332     -8.858     0.000271
   -43.220    -13.690    -22.614      -43.219    -13.690    -22.614     0.000362
    11.756     24.333     18.715       11.756     24.343     18.717     0.009736
    -6.716     -2.424     31.848       -6.724     -2.425     31.849     0.007404
     3.623     19.399      1.295        3.626     19.398      1.296     0.003873
   -37.375    -17.155    -40.859      -37.371    -17.154    -40.856     0.004806
    14.551     22.569     32.407       14.551     22.563     32.407     0.005396
   -37.871    -17.478    -12.941      -37.873    -17.479    -12.940     0.001801
   -22.421    -11.351    -49.508      -22.420    -11.350    -49.507     0.001805
    22.978      8.354     47.500       22.981      8.354     47.500     0.002253
   -26.250     -6.486    -47.962      -26.250     -6.486    -47.962     0.000315
    -4.642     -3.307     41.516       -4.638     -3.304     41.516     0.004202
   -39.370    -13.877    -39.246      -39.371    -13.877    -39.246     0.000993
     0.898     21.277     37.087        0.898     21.275     37.086     0.001467
     4.088     -7.991    -25.099        4.087     -7.991    -25.098     0.000795
    14.257     -5.826     39.193       14.258     -5.830     39.192     0.004678
    -8.185     16.016     13.311       -8.183     16.014     13.314     0.004287
    31.044      0.334    -26.983       31.048      0.334    -26.985     0.004605
    -7.940      7.987    -21.847       -7.941      7.986    -21.847     0.001140
    -0.028    -13.120    -33.429       -0.025    -13.120    -33.430     0.003461
    37.189      4.573    -14.196       37.190      4.573    -14.197     0.002221
    10.442     19.914    -11.587       10.444     19.913    -11.586     0.002048
   -18.936      1.466    -45.250      -18.936      1.465    -45.248     0.002897
     1.269      1.024    -24.038        1.267      1.023    -24.036     0.003048
   -35.134    -14.075    -44.768      -35.135    -14.075    -44.769     0.002347
   -39.514    -22.734    -28.459      -39.515    -22.735    -28.459     0.000669
   -13.970     -9.391    -48.026      -13.971     -9.392    -48.024     0.001885
     8.064     -9.837    -22.483        8.064     -9.837    -22.484     0.001134
   -37.327    -16.342    -41.451      -37.327    -16.342    -41.451     0.000111
    -6.080      6.049    -25.475       -6.081      6.049    -25.475     0.000429
   -32.048      5.951    -36.790      -32.049      5.952    -36.790     0.000924
    22.724     -7.060    -24.841       22.724     -7.060    -24.840     0.000165
     0.318    -20.180    -24.068        0.316    -20.179    -24.067     0.002170
    27.981     12.265    -28.397       27.982     12.265    -28.398     0.000192
   -29.045      8.874    -33.110      -29.046      8.876    -33.111     0.002355
   -12.684    -14.227     -3.163      -12.685    -14.232     -3.158     0.006937
    -8.569     -7.392     10.752       -8.569     -7.392     10.752     0.000114
    -3.787    -10.215     11.440       -3.785    -10.208     11.439     0.006726
    -5.707     24.926     26.659       -5.706     24.933     26.659     0.006891
   -37.549    -17.724    -40.255      -37.549    -17.724    -40.255     0.000499
     3.665     23.927     21.117        3.665     23.930     21.117     0.002480
   -40.240     -3.462    -36.034      -40.237     -3.463    -36.033     0.003613
     7.682      2.975     63.182        7.683      2.975     63.184     0.001634
    36.994     10.129    -11.286       36.997     10.130    -11.287     0.003436
     2.233    -17.746    -22.459        2.231    -17.744    -22.458     0.003001
    12.293    -16.771     -4.251       12.292    -16.774     -4.250     0.003359
     3.762     17.065     -1.624        3.760     17.067     -1.625     0.003062
    21.250     -0.728     44.832       21.255     -0.731     44.833     0.005869
    22.457    -12.228    -21.222       22.457    -12.228    -21.224     0.001181
   -32.398     -1.501    -43.692      -32.400     -1.499    -43.695     0.003824
    11.175    -14.941    -14.824       11.175    -14.940    -14.824     0.000203
   -37.539    -22.652    -16.982      -37.539    -22.652    -16.982     0.000031
    -5.411     19.832     13.231       -5.410     19.830     13.233     0.002900
   -41.962     -2.513    -20.340      -41.963     -2.513    -20.339     0.001059
     1.146      8.716    -14.706        1.146      8.715    -14.705     0.001155
    33.697     -5.738      5.329       33.689     -5.729      5.329     0.011610
   -34.040    -27.183    -33.850      -34.045    -27.188    -33.852     0.008357
   -31.828    -10.467    -46.702      -31.827    -10.467    -46.701     0.001079
   -15.960    -17.238     -5.766      -15.960    -17.239     -5.763     0.002928
    10.453     23.320     25.209       10.453     23.309     25.207     0.010480
    -6.787      4.439     46.760       -6.784      4.439     46.760     0.002809
   -37.717      0.629    -16.243      -37.716      0.628    -16.243     0.001833
    13.021    -17.243     -7.823       13.020    -17.243     -7.823     0.000761
    -6.171      2.777    -32.302       -6.174      2.776    -32.302     0.002432
    38.625      4.084    -11.904       38.622      4.084    -11.903     0.002676
    14.283     -5.893     34.336       14.285     -5.900     34.337     0.007239
   -15.319    -31.865    -25.379      -15.319    -31.867    -25.379     0.002324
    23.938     -3.704     23.730       23.934     -3.696     23.727     0.009720
   -39.688      2.175    -28.417      -39.693      2.179    -28.418     0.006359
   -15.849      5.771    -41.685      -15.849      5.773    -41.687     0.002468
    33.062     -5.281    -21.906       33.065     -5.283    -21.907     0.002979
    29.857     20.615      6.777       29.857     20.615      6.777     0.000629
    31.214     -3.984    -25.259       31.210     -3.982    -25.255     0.005324
    19.606     21.324     26.999       19.605     21.321     26.998     0.002892
    18.522      6.527    -25.571       18.524      6.528    -25.569     0.002054
     9.204     -7.868    -22.077        9.205     -7.866    -22.079     0.003471
   -16.188     10.691    -21.647      -16.188     10.689    -21.648     0.001507
    -1.218     20.273     40.295       -1.217     20.269     40.294     0.004207
    -2.120     -5.384     45.782       -2.120     -5.385     45.782     0.000429
    -0.438     18.813     46.291       -0.435     18.808     46.291     0.005669
    -5.101     -0.446     62.778       -5.102     -0.446     62.779     0.001027
    -3.496    -17.863     -8.368       -3.496    -17.861     -8.369     0.002691
     5.579     17.540     -4.109        5.580     17.539     -4.108     0.001144
   -27.288     11.266    -24.918      -27.288     11.268    -24.918     0.001420
    26.377     10.829     27.751       26.380     10.830     27.752     0.003864
    27.264    -12.689    -13.697       27.262    -12.687    -13.697     0.003659
    -6.487      1.573     48.302       -6.488      1.573     48.302     0.000890
     5.844    -12.306    -22.280        5.845    -12.308    -22.285     0.005237
    30.853     13.576    -24.381       30.851     13.575    -24.379     0.002990
    32.891      9.179     13.663       32.897      9.181     13.668     0.008117
    38.175     11.187      2.839       38.187     11.194      2.840     0.013743
   -12.994     10.012    -28.939      -12.995     10.010    -28.939     0.002447
     0.863     17.971     56.375        0.862     17.975     56.376     0.004143
     6.809     21.968     33.274        6.809     21.971     33.275     0.003712
     3.356      8.681    -14.807        3.356      8.679    -14.806     0.001419
   -39.673      1.899    -30.315      -39.673      1.899    -30.315     0.000394
    14.719     -6.817     21.828       14.720     -6.822     21.829     0.005213
   -27.065    -31.477    -32.220      -27.061    -31.468    -32.219     0.008935
     6.912     -6.829     38.427        6.911     -6.823     38.427     0.006622
    30.011     21.010      0.057       30.008     21.006      0.057     0.004788
    23.775     11.319    -30.987       23.775     11.320    -30.984     0.003074
    -5.309     24.855     25.458       -5.310     24.849     25.458     0.006147
    19.851     13.870     59.512       19.846     13.867     59.511     0.005656
   -25.797     -4.826     -8.180      -25.797     -4.826     -8.179     0.001184
   -33.356      7.786    -22.211      -33.360      7.793    -22.209     0.007801
    11.325     26.890      3.574       11.324     26.892      3.574     0.002403
