200 PA4-C-Debug-Output.txt
   -21.349     12.052    -29.856      -21.350     12.058    -29.857     0.005491
   -29.461    -14.952    -47.146      -29.461    -14.952    -47.148     0.002012
    16.323     20.930     41.854       16.323     20.929     41.854     0.001241
    30.009     17.087     12.559       30.007     17.086     12.558     0.002110
    20.428     24.421     10.438       20.428     24.423     10.438     0.002387
   -25.240      4.989    -14.145      -25.240      4.989    -14.145     0.000826
    38.335      1.408    -12.574       38.337      1.408    -12.575     0.001821
   -13.544     18.071     34.483      -13.545     18.072     34.484     0.001551
     6.889      4.845    -17.835        6.889      4.846    -17.836     0.000741
    -0.343    -11.610      7.229       -0.343    -11.610      7.229     0.000065
    10.233     -8.135    -21.780       10.231     -8.137    -21.778     0.003030
    36.872     -2.286     -7.593       36.877     -2.290     -7.592     0.006391
   -34.878      6.556    -22.161      -34.878      6.556    -22.161     0.000156
    12.198     21.133    -28.412       12.198     21.133    -28.412     0.000112
    -5.724    -12.569      2.004       -5.725    -12.573      2.006     0.005069
   -39.216    -21.209    -18.206      -39.217    -21.209    -18.206     0.000887
    -2.098    -21.212    -33.643       -2.097    -21.212    -33.643     0.000263
    -8.031     -7.788     10.991       -8.031     -7.787     10.991     0.000298
   -11.576      6.503     19.731      -11.575      6.504     19.731     0.000667
   -41.343    -10.338    -15.864      -41.342    -10.338    -15.864     0.000345
    25.695    -12.805     -6.150       25.696    -12.806     -6.150     0.001215
     4.144    -12.565      4.525        4.144    -12.564      4.525     0.000192
   -14.008      8.986    -35.836      -14.007      8.987    -35.837     0.002002
   -32.600     -8.168     -7.989      -32.600     -8.168     -7.989     0.000653
    22.709      4.356     46.632       22.705      4.356     46.631     0.003909
   -10.640    -28.327    -35.105      -10.641    -28.325    -35.104     0.002487
    31.341      4.266    -27.038       31.339      4.267    -27.036     0.002923
     1.201      2.382    -22.910        1.201      2.382    -22.910     0.000046
    18.286     16.154     58.119       18.287     16.156     58.120     0.002183
   -32.544     -7.512     -8.245      -32.543     -7.513     -8.249     0.004033
    -9.811     -7.948      7.728       -9.809     -7.947      7.728     0.001847
    30.174     20.422    -16.484       30.173     20.422    -16.484     0.000942
    24.490    -14.375    -10.491       24.491    -14.377    -10.491     0.001924
    27.558      8.100     25.628       27.557      8.100     25.628     0.000759
     7.693     25.410      8.871        7.694     25.407      8.870     0.003003
    33.907     -5.379      6.929       33.907     -5.378      6.929     0.000260
    30.257     13.012     15.946       30.254     13.011     15.945     0.004055
   -15.580    -30.512    -19.079      -15.580    -30.512    -19.079     0.000531
    -2.217     -2.438    -29.219       -2.216     -2.437    -29.220     0.001516
    28.033      9.869    -29.767       28.033      9.869    -29.766     0.000963
   -26.110     -6.434     -7.327      -26.110     -6.434     -7.328     0.001110
   -13.700      4.523     -3.326      -13.701      4.524     -3.326     0.001229
    -4.236     13.761     57.261       -4.238     13.763     57.261     0.002164
    28.487     21.328      8.200       28.487     21.329      8.201     0.001259
    25.499     24.121     -0.180       25.497     24.116     -0.180     0.005366
     9.336     -3.450    -22.061        9.335     -3.450    -22.058     0.003190
    22.200     21.654     18.898       22.201     21.656     18.899     0.002981
    17.067     21.599     36.186       17.067     21.599     36.186     0.000230
   -16.335    -30.490    -18.507      -16.334    -30.492    -18.506     0.002926
    -0.411     -6.125     46.042       -0.413     -6.128     46.042     0.003120
    16.421     -4.605     48.445       16.421     -4.605     48.445     0.000138
    -7.552    -11.872    -44.750       -7.551    -11.872    -44.750     0.000883
     7.443     12.967     63.170        7.443     12.967     63.169     0.001316
   -27.853    -27.666    -13.376      -27.854    -27.668    -13.374     0.002876
    21.467     -0.902     42.623       21.466     -0.901     42.623     0.000751
   -21.934     12.278    -28.109      -21.933     12.275    -28.108     0.002888
    -5.022     -2.218     50.579       -5.024     -2.219     50.579     0.002043
   -26.801    -28.729    -14.772      -26.800    -28.726    -14.773     0.002848
   -39.650      2.180    -29.435      -39.647      2.177    -29.435     0.004251
     7.113     13.998     63.144        7.113     13.998     63.144     0.000263
    17.200     23.211    -26.900       17.199     23.209    -26.898     0.002684
   -12.350     10.012    -26.598      -12.352     10.010    -26.597     0.002856
    -8.885      7.117    -30.267       -8.885      7.116    -30.267     0.000479
    17.848     -7.460    -22.791       17.849     -7.459    -22.791     0.001300
    21.624      7.990     57.809       21.626      7.990     57.809     0.001404
    15.016     -0.353    -21.637       15.017     -0.354    -21.636     0.001513
    23.645     13.249    -30.082       23.645     13.249    -30.082     0.000518
    38.630      1.680    -11.813       38.630      1.680    -11.813     0.000587
   -10.818     18.490     36.975      -10.820     18.491     36.977     0.003448
    10.489     20.712     56.554       10.489     20.711     56.554     0.000478
    31.561     19.488     -8.302       31.561     19.488     -8.302     0.000039
   -21.135    -31.944    -19.742      -21.135    -31.946    -19.742     0.001481
    20.104     15.406     49.060       20.103     15.405     49.060     0.002270
    -2.601     15.846     53.718       -2.601     15.846     53.718     0.000082
   -27.112    -30.260    -35.010      -27.111    -30.256    -35.007     0.005003
   -24.403      9.830    -35.666      -24.404      9.832    -35.667     0.002802
    13.120    -13.094    -17.214       13.120    -13.094    -17.214     0.000053
    37.204      8.287    -12.082       37.207      8.288    -12.083     0.002835
     9.806     -6.483     35.759        9.806     -6.485     35.759     0.002480
   -18.659    -32.538    -26.606      -18.659    -32.534    -26.607     0.003788
     9.871     -6.772     28.752        9.872     -6.777     28.752     0.004624
    15.585     21.302     40.969       15.586     21.304     40.969     0.001957
   -14.122      6.788    -39.757      -14.123      6.785    -39.755     0.003744
    -2.289     -6.522    -36.568       -2.293     -6.523    -36.566     0.004813
    23.662     22.761    -23.037       23.664     22.764    -23.039     0.004081
    -4.251      4.335    -25.877       -4.251      4.335    -25.877     0.000009
    11.787     25.551     -6.006       11.787     25.552     -6.006     0.001004
     6.814     -9.188     17.067        6.813     -9.185     17.066     0.003743
    21.210     11.740     54.746       21.213     11.741     54.746     0.002786
    -7.277     -3.427    -42.376       -7.276     -3.426    -42.377     0.001869
    15.149     -5.392     45.082       15.148     -5.389     45.082     0.003425
    23.429     24.829     -7.105       23.428     24.825     -7.105     0.003243
    23.359      2.507     41.469       23.361      2.507     41.469     0.001695
   -18.401     -7.709     -2.347      -18.400     -7.709     -2.347     0.000782
    -4.920     24.474     22.308       -4.921     24.472     22.308     0.002071
    -2.796      8.513    -15.871       -2.796      8.513    -15.871     0.000809
   -17.303     -7.231     -0.665      -17.306     -7.231     -0.664     0.002574
     0.843     -6.516    -27.660        0.845     -6.516    -27.661     0.001633
     2.465     -7.218     56.791        2.464     -7.220     56.791     0.001490
   -14.181    -11.950    -48.312      -14.182    -11.950    -48.310     0.001805
    10.105      6.224    -15.848       10.106      6.224    -15.848     0.000885
   -40.573    -20.384    -20.756      -40.574    -20.385    -20.756     0.002035
    36.189      1.137     10.829       36.189      1.137     10.830     0.000350
   -18.504     12.228    -27.977      -18.504     12.226    -27.977     0.002395
     3.681     24.102     11.825        3.683     24.096     11.825     0.006178
    25.182     23.292    -19.519       25.184     23.297    -19.520     0.005076
    28.385    -11.588    -12.219       28.386    -11.589    -12.218     0.001594
    18.140     23.517    -26.027       18.140     23.519    -26.029     0.002808
    32.660     14.436     11.658       32.662     14.437     11.660     0.002934
    21.946     15.319     38.181       21.943     15.318     38.181     0.003171
    18.049     25.710    -11.909       18.049     25.714    -11.909     0.004118
    21.202      4.781    -28.612       21.201      4.781    -28.613     0.000825
     4.951     21.420     37.090        4.951     21.418     37.090     0.001602
    -8.442     11.364      9.634       -8.445     11.365      9.632     0.003697
     7.044     25.151     11.670        7.044     25.151     11.670     0.000379
    25.983      2.949    -29.826       25.983      2.949    -29.825     0.000399
    17.038     -0.327    -22.278       17.038     -0.327    -22.277     0.000353
    25.981      3.284     31.017       25.980      3.284     31.017     0.000272
    -3.389     -5.594     36.178       -3.385     -5.590     36.178     0.005594
   -37.248    -23.919    -18.605      -37.249    -23.920    -18.605     0.001497
   -38.757      0.520    -35.280      -38.760      0.522    -35.281     0.003762
    20.087      3.001     62.155       20.086      3.001     62.154     0.001254
    20.465     13.131     58.408       20.465     13.131     58.408     0.000373
   -33.036     -0.804    -42.947      -33.036     -0.803    -42.949     0.002375
   -25.514    -29.029    -14.711      -25.515    -29.031    -14.710     0.002657
   -33.917      3.583    -14.950      -33.918      3.584    -14.949     0.001514
   -13.853     22.762     24.106      -13.852     22.761     24.106     0.001577
   -14.772     -8.309      1.339      -14.774     -8.311      1.341     0.003693
   -43.126     -6.680    -20.070      -43.125     -6.680    -20.070     0.001610
    39.167      9.653      0.402       39.166      9.652      0.402     0.000754
     2.755     -7.301     60.752        2.755     -7.300     60.752     0.001014
    15.129     -7.376     17.431       15.129     -7.370     17.430     0.006053
     7.904     -4.003     63.405        7.904     -4.003     63.407     0.001356
    -7.247     -3.457     27.346       -7.249     -3.458     27.346     0.002538
   -21.183    -19.208    -47.338      -21.183    -19.209    -47.339     0.000559
    29.835     18.713    -20.972       29.834     18.712    -20.971     0.001734
    11.779     12.520     63.120       11.779     12.520     63.119     0.000879
   -11.365    -26.486    -14.932      -11.366    -26.484    -14.933     0.001821
   -36.646    -21.433    -14.105      -36.646    -21.433    -14.105     0.000605
   -21.978    -32.712    -26.091      -21.978    -32.712    -26.091     0.000260
   -11.298     -0.038     14.234      -11.299     -0.038     14.234     0.001324
    10.617     -3.310    -21.943       10.617     -3.310    -21.944     0.001068
    13.110    -17.302     -7.604       13.110    -17.301     -7.604     0.000712
   -18.455    -31.450    -34.353      -18.454    -31.453    -34.354     0.003127
    12.831     23.177     26.960       12.831     23.180     26.960     0.002940
    15.163     19.175     55.991       15.163     19.176     55.991     0.000704
   -31.801     -9.212    -46.879      -31.801     -9.212    -46.879     0.000750
    -4.550     -0.983    -36.307       -4.549     -0.982    -36.307     0.001658
     4.967     -7.100     49.412        4.967     -7.103     49.412     0.003575
   -14.871    -21.023    -44.959      -14.871    -21.023    -44.960     0.000920
    -7.825     -3.871     23.477       -7.828     -3.872     23.478     0.003141
    -2.360      7.898    -17.678       -2.360      7.899    -17.679     0.000691
    21.761     16.612     35.392       21.764     16.615     35.393     0.004359
    29.348     -8.367      3.267       29.348     -8.367      3.266     0.000446
   -38.750      1.837    -33.130      -38.748      1.836    -33.130     0.002474
   -43.090    -12.211    -20.915      -43.094    -12.211    -20.914     0.003745
    29.309    -10.821    -18.280       29.310    -10.823    -18.281     0.002558
    -7.284      6.384     38.911       -7.282      6.384     38.911     0.001913
    -6.031     -0.522     39.832       -6.029     -0.522     39.832     0.002416
    11.659     21.399     50.910       11.659     21.401     50.911     0.002500
   -39.755      0.632    -19.090      -39.758      0.635    -19.089     0.004310
    13.819     -7.240     19.478       13.819     -7.238     19.477     0.002304
   -10.246     -1.103    -43.549      -10.246     -1.103    -43.550     0.000388
    -4.434    -25.313    -29.416       -4.430    -25.316    -29.417     0.004582
     2.315     18.650     53.981        2.315     18.648     53.980     0.002470
    10.739     -6.711     60.397       10.739     -6.711     60.397     0.000355
   -23.353    -21.040    -46.090      -23.354    -21.041    -46.090     0.000962
    24.635     10.306     35.967       24.634     10.306     35.967     0.001433
   -12.649    -23.328    -10.519      -12.648    -23.329    -10.519     0.000583
    25.797     -5.502     13.947       25.798     -5.506     13.947     0.003879
    24.930    -11.698     -2.656       24.929    -11.693     -2.657     0.005318
    18.277     25.831      7.743       18.277     25.832      7.743     0.000950
   -28.584    -19.081    -46.233      -28.584    -19.081    -46.235     0.002163
    18.484     -5.666     26.004       18.484     -5.665     26.004     0.000740
   -40.482    -21.331    -24.758      -40.481    -21.331    -24.758     0.000694
   -10.614      4.029    -39.898      -10.615      4.028    -39.896     0.002028
    -2.515      0.374    -27.635       -2.514      0.375    -27.637     0.002169
   -17.406    -22.448     -8.700      -17.406    -22.447     -8.702     0.002171
    29.280     16.301    -23.682       29.280     16.301    -23.682     0.000365
    34.785     -3.837     -2.512       34.786     -3.837     -2.512     0.000986
   -11.709      5.836     15.559      -11.710      5.836     15.559     0.000588
    24.710      4.471     36.192       24.710      4.471     36.192     0.000078
   -11.782      6.669     14.255      -11.782      6.669     14.255     0.000055
    31.907     15.275    -21.073       31.906     15.274    -21.073     0.000994
    22.081     25.259     -7.962       22.083     25.263     -7.962     0.004679
   -25.093    -31.164    -34.191      -25.092    -31.161    -34.190     0.003744
   -39.486      2.323    -30.004      -39.483      2.322    -30.003     0.003270
    15.435     18.226     61.394       15.435     18.227     61.394     0.000987
   -10.800     10.473     14.085      -10.796     10.473     14.087     0.004448
    19.665    -13.590    -18.090       19.665    -13.591    -18.091     0.001882
     1.177     -6.805    -27.331        1.177     -6.804    -27.332     0.001222
    -6.691      3.536     47.356       -6.690      3.536     47.356     0.001843
   -10.009     13.016     13.765      -10.007     13.015     13.766     0.001560
     8.766     -2.572    -22.176        8.766     -2.571    -22.177     0.000797
     1.336     22.501     11.187        1.338     22.499     11.187     0.002487
   -24.816    -24.226     -9.150      -24.816    -24.225     -9.151     0.002437
   -36.436    -22.892    -36.930      -36.436    -22.892    -36.930     0.000088
    -6.764      4.229     44.861       -6.766      4.229     44.861     0.001579
    12.711     20.508     57.438       12.711     20.510     57.439     0.002696
    33.025     -2.012     12.951       33.024     -2.011     12.950     0.001677
