200 PA4-H-Unknown-Output.txt
    -7.019      6.965     59.542       -7.016      6.965     59.542     0.003385
    10.200     24.853     15.303       10.200     24.860     15.304     0.006719
    11.039     26.354     -0.056       11.037     26.357     -0.057     0.004013
     0.200     -6.434     58.091        0.197     -6.439     58.092     0.005545
     3.829      0.806     63.377        3.828      0.807     63.373     0.004273
    23.972      7.775     41.074       23.977      7.776     41.075     0.004952
    32.556     -1.855    -24.427       32.562     -1.856    -24.431     0.007033
    -7.036      4.860     57.168       -7.033      4.860     57.168     0.002899
    -8.734    -26.883    -35.694       -8.732    -26.886    -35.696     0.004859
    20.092     13.058     60.748       20.088     13.057     60.747     0.003713
    -0.488     13.797     -0.370       -0.488     13.798     -0.370     0.001089
    18.604     25.705      7.786       18.605     25.709      7.787     0.004399
    20.300      3.836    -26.471       20.293      3.832    -26.474     0.007714
   -18.432    -31.363    -34.577      -18.432    -31.363    -34.577     0.000515
    -1.248    -20.089    -33.620       -1.249    -20.089    -33.620     0.000783
    28.996    -10.857    -18.906       28.995    -10.856    -18.906     0.001277
     6.204     25.006      8.549        6.203     25.009      8.549     0.003166
    10.785      6.570     62.886       10.785      6.570     62.889     0.003487
   -30.753      7.764    -17.414      -30.757      7.770    -17.411     0.007409
   -34.345      1.144    -40.628      -34.345      1.144    -40.628     0.000894
   -39.280     -3.217    -37.862      -39.277     -3.218    -37.861     0.004062
    10.944    -12.812    -18.619       10.945    -12.814    -18.621     0.003358
    13.627     -4.876     62.245       13.626     -4.875     62.244     0.002239
    18.515     -8.265     11.329       18.514     -8.263     11.328     0.002335
    26.084     13.896    -28.555       26.084     13.895    -28.553     0.002839
    38.314     -0.336      6.417       38.316     -0.337      6.418     0.001921
    -2.900      8.875    -13.517       -2.901      8.882    -13.518     0.007149
    18.369    -12.142      1.890       18.371    -12.145      1.891     0.003129
    19.050     25.510    -20.718       19.050     25.508    -20.718     0.002362
   -15.490      8.381    -16.506      -15.490      8.381    -16.506     0.000189
   -27.575      5.913    -39.947      -27.575      5.913    -39.947     0.000107
    11.291      4.036    -18.166       11.293      4.030    -18.160     0.008693
   -18.634    -29.948    -37.326      -18.633    -29.953    -37.329     0.005235
   -13.841     -4.731      5.319      -13.839     -4.730      5.318     0.002506
    17.226    -14.897    -16.250       17.227    -14.895    -16.248     0.002872
    -5.004     -4.322    -40.563       -5.004     -4.322    -40.563     0.000537
    10.338     14.418     63.141       10.338     14.418     63.141     0.000105
   -11.514    -30.293    -29.359      -11.516    -30.289    -29.359     0.004763
    -3.255     -0.510    -29.286       -3.254     -0.510    -29.287     0.000710
    26.439     18.100     16.958       26.444     18.104     16.960     0.006128
    33.996     -6.061    -16.640       33.997     -6.061    -16.640     0.000549
    29.626      0.488     18.700       29.626      0.488     18.700     0.000459
   -37.189    -21.008    -14.683      -37.191    -21.009    -14.683     0.001827
    18.119    -11.867      2.843       18.118    -11.865      2.842     0.002666
    25.978     22.742    -19.853       25.974     22.735    -19.851     0.008225
    -7.512    -26.081    -17.841       -7.514    -26.079    -17.843     0.003601
    -8.541    -20.344     -9.457       -8.541    -20.344     -9.457     0.000276
    -8.428      8.198    -23.619       -8.427      8.199    -23.619     0.000628
   -13.943     11.482     28.306      -13.939     11.489     28.305     0.008154
     5.804    -16.205    -17.300        5.801    -16.202    -17.299     0.004905
    12.331     17.727    -17.703       12.328     17.726    -17.703     0.002737
    24.865      8.564     35.663       24.862      8.564     35.662     0.003192
    21.173      3.023     55.794       21.178      3.022     55.795     0.005060
    19.834     -8.961      7.346       19.834     -8.961      7.346     0.000211
    12.041     20.925    -15.306       12.036     20.926    -15.307     0.005204
   -27.849      8.600    -35.701      -27.849      8.600    -35.701     0.000422
    25.082     24.218      0.864       25.083     24.219      0.864     0.000764
   -28.200    -25.295    -10.872      -28.200    -25.296    -10.872     0.000364
    10.420     23.527     23.860       10.420     23.527     23.859     0.000355
   -25.302    -31.978    -21.492      -25.302    -31.978    -21.492     0.000853
   -11.561     -3.275     11.249      -11.561     -3.275     11.248     0.000926
   -14.811    -31.654    -24.320      -14.811    -31.657    -24.320     0.002779
   -11.759     -4.587      9.205      -11.761     -4.588      9.206     0.002337
    25.824      3.949    -29.763       25.825      3.948    -29.765     0.001744
   -33.662     -0.463    -42.434      -33.662     -0.462    -42.435     0.001351
   -25.619    -32.342    -27.687      -25.619    -32.341    -27.687     0.001365
    -1.158      3.864    -23.578       -1.159      3.861    -23.575     0.004685
   -22.418    -11.634    -49.389      -22.417    -11.633    -49.385     0.004227
     1.120     19.869     43.755        1.120     19.867     43.754     0.002139
    -7.946      1.676    -39.332       -7.944      1.678    -39.334     0.003733
    -2.694     19.612     10.874       -2.692     19.610     10.876     0.003014
     4.836     -7.405     56.006        4.835     -7.410     56.006     0.004880
    -5.556    -20.242    -39.796       -5.556    -20.242    -39.795     0.000147
    32.464     18.212     -4.944       32.464     18.212     -4.944     0.000501
    20.305    -11.155      1.846       20.305    -11.156      1.847     0.001311
    16.553     -3.872     55.920       16.554     -3.874     55.920     0.002331
   -18.976     -5.638     -2.190      -18.973     -5.636     -2.195     0.005750
     8.133     -6.685     37.877        8.133     -6.690     37.877     0.005268
     8.274    -15.764    -14.898        8.273    -15.763    -14.897     0.001579
   -31.594      5.546    -15.165      -31.594      5.546    -15.165     0.000397
    21.244     20.297    -27.541       21.245     20.298    -27.543     0.002523
   -29.410      6.739    -15.388      -29.410      6.739    -15.387     0.000781
   -38.460    -18.636    -14.551      -38.460    -18.635    -14.551     0.000494
    32.235     11.713     13.372       32.234     11.712     13.372     0.001381
    -7.037     10.924      5.024       -7.029     10.916      5.027     0.011533
    24.191      0.155     33.433       24.189      0.156     33.432     0.002307
    11.596     23.160     26.685       11.596     23.166     26.686     0.006415
     4.355     -7.042     38.973        4.356     -7.036     38.973     0.005025
   -38.035     -8.640    -41.920      -38.036     -8.640    -41.920     0.000475
    21.241    -13.148    -19.102       21.241    -13.148    -19.102     0.000149
     4.499     -3.314    -23.822        4.502     -3.313    -23.827     0.005544
    -3.941    -14.375    -40.376       -3.938    -14.375    -40.379     0.003778
    19.749     11.124     62.813       19.753     11.127     62.819     0.007932
     4.012      0.049     63.350        4.012      0.049     63.347     0.002763
    11.885     22.454     31.830       11.885     22.447     31.830     0.006868
    -7.872     24.282     21.289       -7.873     24.287     21.287     0.004484
   -12.703      4.850      5.074      -12.699      4.847      5.074     0.004486
    16.116     -5.470     35.136       16.117     -5.478     35.136     0.008128
   -36.006    -26.512    -22.759      -36.003    -26.507    -22.759     0.006126
    11.666     19.453    -17.135       11.666     19.453    -17.135     0.000005
   -18.732      7.315    -39.814      -18.732      7.317    -39.815     0.002508
   -25.265    -31.984    -21.507      -25.266    -31.989    -21.505     0.005280
    -8.905      2.983     25.486       -8.906      2.983     25.486     0.001185
    10.669     21.713     41.138       10.668     21.717     41.138     0.004132
   -14.581     10.620    -30.545      -14.583     10.616    -30.545     0.004695
   -17.990      1.347    -45.413      -17.990      1.349    -45.416     0.003543
    39.101      1.787    -10.512       39.101      1.787    -10.512     0.000079
    -4.144     23.794     18.926       -4.144     23.798     18.925     0.003662
    22.596     18.909     26.267       22.591     18.906     26.265     0.006176
    -5.528     -1.126     60.691       -5.523     -1.126     60.692     0.005649
    -6.119    -21.331    -39.369       -6.119    -21.331    -39.369     0.000386
    28.878     14.337     17.107       28.873     14.334     17.104     0.005630
    10.847     -6.018    -22.019       10.847     -6.019    -22.021     0.001339
    -6.685     23.862     19.642       -6.685     23.857     19.644     0.004518
   -10.605     16.245     37.406      -10.606     16.244     37.406     0.000986
    -3.876     10.408     -3.550       -3.877     10.411     -3.551     0.003899
    20.381     15.361     47.210       20.382     15.362     47.210     0.001319
   -15.137    -22.323     -9.159      -15.138    -22.322     -9.161     0.002307
   -10.048    -25.253    -13.964      -10.049    -25.251    -13.965     0.002093
    -7.486      8.833     -0.680       -7.492      8.841     -0.682     0.009810
   -39.282     -2.709    -37.566      -39.281     -2.710    -37.565     0.001505
   -15.348      3.286     -5.071      -15.346      3.283     -5.072     0.004133
    -0.553     -4.510    -28.471       -0.554     -4.511    -28.470     0.001814
    17.346     20.694     40.537       17.344     20.690     40.536     0.004089
    -2.513     17.373      8.466       -2.511     17.371      8.468     0.003709
    12.110     23.964    -10.192       12.111     23.961    -10.191     0.003498
    31.327     15.390    -21.906       31.324     15.389    -21.904     0.003463
    10.709     22.394    -10.152       10.706     22.396    -10.153     0.003522
    20.104     24.960    -23.520       20.104     24.961    -23.520     0.001201
   -13.197     11.223     29.438      -13.196     11.224     29.438     0.001690
   -12.742    -27.669    -38.524      -12.739    -27.673    -38.526     0.005327
    -8.360      7.404     32.921       -8.363      7.403     32.922     0.002554
    -4.519     14.717      7.932       -4.518     14.716      7.934     0.002299
    18.639     -1.227     59.007       18.639     -1.227     59.007     0.000224
    14.167     13.143    -22.915       14.163     13.140    -22.914     0.005197
    28.041      7.837    -29.993       28.042      7.837    -29.994     0.001066
   -21.979    -10.437    -49.015      -21.980    -10.435    -49.012     0.004098
    26.291      4.540     30.178       26.290      4.540     30.177     0.001045
    10.865     23.279     25.441       10.865     23.275     25.441     0.004633
    32.020     15.471    -20.611       32.021     15.471    -20.612     0.000502
   -27.283    -20.038     -7.139      -27.283    -20.038     -7.141     0.001880
   -39.492    -22.798    -28.423      -39.483    -22.792    -28.422     0.010302
    15.465     25.871     -8.763       15.466     25.867     -8.762     0.004185
   -25.496    -10.684    -48.621      -25.497    -10.684    -48.623     0.001687
    -8.114     -8.696      9.045       -8.114     -8.696      9.045     0.000621
     3.799     24.039     20.264        3.799     24.038     20.264     0.001457
    -4.881      1.851    -29.757       -4.882      1.851    -29.757     0.000938
    -6.479     11.766     45.078       -6.481     11.766     45.078     0.002171
    21.558     18.943     29.821       21.556     18.940     29.820     0.003981
    13.096     23.684     22.399       13.096     23.680     22.398     0.003877
   -10.322     24.800     24.543      -10.321     24.795     24.543     0.005390
   -36.034    -20.374    -12.464      -36.036    -20.376    -12.461     0.003218
    32.197      2.427    -25.344       32.196      2.427    -25.343     0.001194
    -4.393     -3.997     39.014       -4.402     -4.003     39.016     0.010810
    28.154      6.946     24.160       28.150      6.946     24.159     0.004205
   -23.712    -32.713    -29.152      -23.712    -32.713    -29.152     0.000034
   -35.822    -17.466    -10.479      -35.821    -17.466    -10.480     0.001553
   -35.991    -26.812    -27.403      -35.993    -26.814    -27.403     0.003330
   -14.117      1.621      4.792      -14.119      1.623      4.793     0.002736
   -37.879    -24.271    -21.140      -37.875    -24.268    -21.141     0.005300
    21.222    -10.747      1.921       21.221    -10.745      1.920     0.001946
    20.353      3.624    -26.369       20.350      3.623    -26.371     0.004247
    -8.014      6.836     33.856       -8.016      6.835     33.857     0.002226
    37.747      0.177      8.343       37.744      0.178      8.341     0.002810
    -6.054     12.627      7.060       -6.056     12.630      7.058     0.004087
   -25.792    -18.755    -46.911      -25.792    -18.755    -46.913     0.002037
   -16.256      5.503    -42.077      -16.259      5.498    -42.071     0.008286
    -6.333     -8.790     12.951       -6.328     -8.784     12.950     0.008119
   -21.964    -10.178    -49.121      -21.963    -10.180    -49.126     0.005045
   -23.604    -22.503     -7.871      -23.604    -22.503     -7.871     0.000186
     6.846    -12.483      6.930        6.846    -12.478      6.930     0.004757
    -2.015     18.580     44.927       -2.017     18.588     44.931     0.008585
     6.805    -14.008    -20.235        6.800    -14.003    -20.232     0.007554
    13.680     -6.975     21.892       13.679     -6.968     21.891     0.007226
   -15.770     20.187     26.489      -15.774     20.189     26.489     0.004757
   -20.241     -4.015    -48.115      -20.240     -4.016    -48.112     0.003326
    -5.515    -21.089    -38.868       -5.514    -21.090    -38.869     0.001147
     3.086      8.483    -15.242        3.086      8.487    -15.244     0.004557
    27.221     23.244     -1.837       27.224     23.248     -1.837     0.005470
    34.137     -6.344    -15.194       34.142     -6.347    -15.194     0.005633
    -6.345    -25.400    -18.337       -6.345    -25.400    -18.337     0.000086
    33.417      2.896     14.172       33.417      2.896     14.172     0.000022
    12.376     17.903    -16.412       12.376     17.902    -16.411     0.001076
   -24.755     11.987    -26.695      -24.755     11.987    -26.695     0.000802
   -39.949    -15.539    -34.046      -39.947    -15.538    -34.046     0.002515
    29.903     15.106     14.570       29.906     15.107     14.572     0.002829
     4.442     -7.428     59.920        4.443     -7.421     59.920     0.007420
   -31.962    -18.278     -8.508      -31.962    -18.277     -8.508     0.000439
   -39.607    -16.987    -15.001      -39.606    -16.987    -15.001     0.000575
    -8.127    -16.969     -5.987       -8.127    -16.971     -5.986     0.001979
    34.733     15.405    -12.680       34.736     15.407    -12.680     0.003241
     0.396     20.888      8.664        0.399     20.883      8.666     0.006137
   -27.816    -26.405    -40.662      -27.816    -26.407    -40.663     0.003208
   -33.230    -26.973    -35.752      -33.230    -26.973    -35.752     0.000804
   -38.053     -3.276    -13.489      -38.053     -3.276    -13.489     0.000450
    18.231     -8.077    -23.090       18.231     -8.078    -23.091     0.001204
    20.397     17.611    -29.850       20.394     17.608    -29.845     0.006522
    -6.131    -25.931    -19.665       -6.128    -25.935    -19.664     0.004329
    21.782     -0.523     41.677       21.779     -0.521     41.677     0.002930
    20.930     14.138     49.402       20.930     14.138     49.402     0.000090
