200 PA4-F-Debug-Output.txt
    23.844      5.134     41.407       23.849      5.134     41.408     0.005757
   -32.140     -4.603     -9.520      -32.145     -4.595     -9.502     0.020414
    -0.595     -3.612    -27.619       -0.540     -3.579    -27.655     0.072930
    33.488     -7.206    -12.951       33.409     -7.124    -12.968     0.114952
    25.095     24.190      2.916       25.028     24.054      2.904     0.151792
   -10.444    -29.192    -20.993      -10.486    -29.111    -21.015     0.094118
    -8.860     24.490     22.421       -8.859     24.577     22.397     0.090113
    -5.929     -0.033     55.274       -5.944     -0.038     55.274     0.015199
    13.936     11.672     63.193       13.939     11.671     63.134     0.059287
    -2.921     13.318      2.660       -2.881     13.281      2.682     0.058355
    19.674     -8.897    -22.618       19.674     -8.891    -22.612     0.008404
    -3.479     -4.380     48.593       -3.421     -4.306     48.586     0.094269
    25.833      8.128     31.660       25.851      8.130     31.666     0.019221
   -15.558      4.664    -42.466      -15.561      4.659    -42.458     0.010048
   -11.802      6.075     -3.536      -11.783      6.042     -3.534     0.037549
   -26.364     -2.604     -9.984      -26.355     -2.615    -10.000     0.021932
    -6.662      2.718     46.306       -6.610      2.723     46.306     0.052363
   -11.417     23.935     22.687      -11.458     24.074     22.643     0.151273
    -8.423      6.059    -33.258       -8.301      6.171    -33.267     0.166921
    28.569     14.791     16.985       28.602     14.814     17.005     0.044829
   -19.202    -10.474     -3.170      -19.226    -10.489     -3.112     0.064391
   -11.038      8.664    -18.025      -11.026      8.714    -18.002     0.056439
    19.306     26.146     -8.365       19.304     26.131     -8.365     0.015128
    22.221    -15.620    -14.204       22.231    -15.671    -14.208     0.051768
    -8.579    -14.250    -44.982       -8.595    -14.243    -44.965     0.024336
   -27.047    -31.025    -19.577      -27.053    -31.045    -19.574     0.020493
    -8.384     10.264      7.181       -8.457     10.341      7.157     0.108257
    -6.619      3.664     47.216       -6.703      3.656     47.217     0.084582
    -6.648     13.335      8.922       -6.642     13.329      8.926     0.008993
   -21.771      4.966    -13.717      -21.774      4.980    -13.700     0.022652
    35.140      0.160     11.851       35.113      0.164     11.825     0.037892
    29.736     -7.729    -23.444       29.653     -7.596    -23.365     0.175303
    30.942     -8.541     -2.723       31.013     -8.646     -2.708     0.127255
   -30.419    -24.287    -11.224      -30.402    -24.264    -11.245     0.035475
    12.903     26.715      8.058       12.895     26.654      8.050     0.062419
    17.003      2.439    -22.114       16.983      2.440    -22.141     0.033505
   -24.460    -30.985    -34.607      -24.474    -31.064    -34.643     0.087483
     7.656     23.661     24.000        7.655     23.539     23.976     0.123777
    20.097      1.127     57.158       20.279      1.033     57.187     0.206718
    -5.481      4.042    -28.177       -5.469      4.048    -28.182     0.014210
     9.755     -6.789     27.405        9.766     -6.879     27.411     0.090805
   -11.986    -23.220    -42.994      -11.977    -23.234    -43.006     0.021361
    -4.837      0.338     63.155       -4.833      0.336     63.131     0.024412
    17.347     -2.626     60.163       17.338     -2.618     60.162     0.012852
   -25.968     -9.349     -6.417      -25.952     -9.353     -6.467     0.052803
   -27.515      3.617    -42.320      -27.514      3.615    -42.318     0.003348
    -3.307    -21.568    -15.464       -3.319    -21.554    -15.472     0.019693
    12.269     21.701    -14.635       12.165     21.730    -14.649     0.108555
    -7.741     -3.371     24.490       -7.849     -3.421     24.510     0.120100
   -15.344     -0.991      4.401      -15.199     -1.005      4.348     0.154974
   -39.272     -2.437    -37.441      -39.266     -2.439    -37.437     0.007888
    -6.588     -2.788    -41.404       -6.587     -2.787    -41.405     0.001912
   -39.821    -12.249    -35.863      -39.850    -12.256    -35.859     0.029303
    -5.367      8.453    -13.699       -5.386      8.525    -13.707     0.074559
   -29.740      0.937    -43.146      -29.792      1.002    -43.235     0.121776
     5.617      4.715     63.368        5.613      4.712     63.314     0.054744
    -1.051     10.819     63.252       -1.051     10.821     63.307     0.055028
   -43.423     -9.713    -21.633      -43.454     -9.715    -21.626     0.031664
   -38.400    -18.952    -14.691      -38.381    -18.940    -14.705     0.025992
    26.539     10.481     27.790       26.485     10.464     27.775     0.058786
    -2.757     14.579      4.653       -2.750     14.573      4.656     0.010167
    -1.244    -10.956     10.158       -1.259    -11.097     10.179     0.143512
    -6.650     13.751      9.497       -6.653     13.754      9.495     0.004699
     6.528     -6.179    -23.290        6.535     -6.176    -23.309     0.020428
    27.376     -3.202     18.866       27.319     -3.139     18.834     0.089969
    29.599      7.843     19.934       29.662      7.850     19.961     0.068922
    12.631     17.846    -15.299       12.605     17.830    -15.295     0.030940
     1.202     16.142      1.695        1.146     16.231      1.651     0.114100
    15.405     19.544    -30.757       15.396     19.571    -30.788     0.041881
   -12.288     10.141    -25.776      -12.284     10.146    -25.777     0.005893
   -16.288    -12.436     -3.146      -16.286    -12.434     -3.150     0.005747
    -5.549     -0.239     61.327       -5.594     -0.239     61.322     0.045333
    -9.294      2.384     23.362       -9.343      2.373     23.375     0.051930
   -22.093      5.602    -14.110      -22.095      5.509    -14.194     0.125177
    22.228     25.113    -11.820       22.247     25.168    -11.819     0.058394
    17.459    -15.805    -14.960       17.456    -15.819    -14.967     0.015816
    11.825    -10.477    -20.704       11.814    -10.449    -20.677     0.041253
    -3.006      9.654     -7.795       -3.023      9.713     -7.814     0.063562
   -10.963    -27.052    -38.193      -11.024    -26.961    -38.129     0.127223
    -4.562    -12.173    -41.442       -4.502    -12.182    -41.490     0.078465
    36.809     -1.681    -13.631       36.749     -1.638    -13.606     0.078239
    -2.368     -1.757    -28.896       -2.368     -1.757    -28.896     0.000685
   -25.732     -4.294    -47.429      -25.726     -4.282    -47.453     0.027474
    -2.879      8.727    -14.779       -2.879      8.729    -14.779     0.001889
     7.774     25.162     10.724        7.723     25.346     10.726     0.191328
   -30.261      8.300    -33.661      -30.253      8.275    -33.651     0.027876
    28.345     18.821    -22.445       28.374     18.840    -22.471     0.043203
    32.815     14.541     11.293       32.849     14.567     11.313     0.047333
    21.115     11.970     56.674       21.040     11.944     56.670     0.078919
   -33.018    -28.701    -22.093      -33.000    -28.672    -22.099     0.034596
    10.996     26.554      1.636       10.934     26.683      1.611     0.145070
     4.037     22.904      5.886        4.065     22.882      5.890     0.036316
   -40.396    -11.191    -31.952      -40.338    -11.163    -31.916     0.074061
    22.151     -6.848     12.988       22.139     -6.810     12.979     0.040880
    12.459     22.461     33.563       12.466     22.368     33.549     0.094184
    -0.256      4.977    -21.760       -0.242      4.994    -21.775     0.027181
    -8.721      9.656     35.539       -8.661      9.686     35.520     0.070205
   -34.894     -3.482    -43.130      -34.932     -3.455    -43.199     0.082751
    18.069     15.979     57.892       18.293     16.177     57.919     0.300423
     4.490    -15.023     -4.027        4.491    -15.127     -3.988     0.111322
    11.024     24.229     19.419       11.026     24.267     19.424     0.037798
    26.105     23.592    -15.016       26.037     23.456    -15.016     0.151829
   -32.520     -2.252    -43.970      -32.508     -2.261    -43.944     0.030116
   -13.675      2.326      5.128      -13.663      2.322      5.126     0.012904
   -18.620     -5.678     -1.974      -18.609     -5.672     -1.992     0.022091
    38.263     11.236      0.353       38.238     11.220      0.353     0.030208
    33.793      2.044    -23.065       33.758      2.044    -23.041     0.042974
    18.196     -1.817     59.553       18.121     -1.756     59.545     0.096950
   -26.799      3.951    -42.422      -26.779      3.897    -42.364     0.080785
   -37.709    -14.512    -11.329      -37.677    -14.505    -11.350     0.038765
    -6.463     19.413     13.550       -6.469     19.419     13.539     0.014430
    -6.186    -11.611      3.861       -6.199    -11.650      3.878     0.044224
     9.660    -16.190     -6.517        9.655    -16.209     -6.516     0.019627
    21.622     -2.912     34.023       21.594     -2.886     34.012     0.039027
    -3.742     -2.236    -34.434       -3.837     -2.263    -34.416     0.100921
    10.407     -4.330     63.315       10.408     -4.329     63.358     0.043389
    14.481     18.413     62.214       14.470     18.399     62.183     0.036306
     2.161     -8.057     26.965        2.173     -8.120     26.980     0.065167
    14.367      1.642     62.970       14.368      1.642     63.002     0.031846
   -16.776      5.925    -41.781      -16.778      5.933    -41.792     0.013253
   -15.885     19.925     26.647      -15.887     19.926     26.647     0.001549
     0.045    -12.459    -32.050        0.090    -12.441    -32.055     0.048816
    15.311    -17.024    -10.515       15.304    -17.055    -10.524     0.032827
   -26.211    -29.158    -15.365      -26.203    -29.128    -15.377     0.033795
    24.048     -6.141     13.278       24.071     -6.207     13.290     0.070948
    29.112     -9.341      0.924       29.103     -9.319      0.916     0.025526
    -7.269     25.156     25.308       -7.273     25.069     25.308     0.087689
   -28.789      3.560    -13.949      -28.782      3.584    -13.839     0.113413
    31.786     -7.581     -1.569       31.822     -7.611     -1.565     0.046368
   -36.806    -25.585    -29.515      -36.849    -25.629    -29.522     0.062348
    -8.201      5.736     30.500       -8.237      5.726     30.505     0.038200
    10.536     26.436      5.099       10.540     26.415      5.099     0.022004
    -8.164      1.045     27.049       -8.132      1.050     27.042     0.032865
    14.093     -3.153    -22.226       14.095     -3.154    -22.163     0.063441
     5.265    -10.226     15.193        5.236    -10.123     15.167     0.110589
    38.499      3.996    -12.286       38.451      3.988    -12.257     0.056819
    35.121     -4.131     -7.844       35.060     -4.064     -7.852     0.091450
   -19.199    -21.228    -46.434      -19.184    -21.259    -46.518     0.091024
   -11.939    -13.154    -47.085      -11.923    -13.160    -47.142     0.059547
     6.052    -12.281      5.674        6.038    -12.453      5.716     0.177706
    21.648      8.131     57.771       21.623      8.129     57.767     0.025646
     1.724     10.562    -10.196        1.778     10.414    -10.141     0.167249
   -12.250     11.502     32.807      -12.126     11.634     32.755     0.188235
    -4.419     10.852     -1.060       -4.440     10.878     -1.068     0.033870
   -11.269    -16.138    -46.008      -11.270    -16.138    -46.007     0.000868
    19.792    -10.950      2.947       19.761    -10.894      2.921     0.068993
    -6.580      2.865     48.121       -6.615      2.861     48.121     0.035324
    11.903     24.213     19.372       11.904     24.233     19.375     0.020183
   -18.617      5.397    -13.106      -18.604      5.367    -13.135     0.044257
     1.754    -18.002    -10.908        1.794    -18.182    -10.850     0.193115
   -38.028    -17.440    -13.072      -37.999    -17.426    -13.091     0.037342
    -0.315     -0.468    -25.436       -0.310     -0.465    -25.441     0.007207
    -5.284      0.166     62.732       -5.296      0.163     62.745     0.018035
    -3.981     -5.086     34.104       -4.041     -5.140     34.133     0.085459
    16.450     18.263     56.498       16.376     18.165     56.481     0.123744
    -3.275      2.950    -26.255       -3.231      2.990    -26.286     0.066896
    24.905      9.476     34.369       25.045      9.484     34.396     0.141983
     1.922    -18.339    -11.719        1.940    -18.419    -11.694     0.085367
    -1.562     19.437      8.930       -1.454     19.331      9.020     0.175522
    34.366     16.557      4.194       34.339     16.533      4.191     0.035564
   -26.058     -0.382    -11.756      -26.100     -0.300    -11.662     0.131885
    -3.343    -21.805    -15.688       -3.386    -21.756    -15.716     0.071519
    12.820    -17.111     -8.475       12.837    -17.064     -8.460     0.051914
    -3.119     16.362      8.191       -3.117     16.360      8.192     0.003462
    -7.351     24.764     28.037       -7.345     24.871     28.064     0.109973
    -2.368     -2.220     63.421       -2.368     -2.220     63.434     0.013676
    -3.553     -4.907     39.094       -3.592     -4.948     39.102     0.057511
    25.155     -6.901     10.969       25.151     -6.791     10.936     0.114321
    -3.255     22.428     34.110       -3.233     22.560     34.157     0.142078
   -29.067      2.312    -42.647      -29.080      2.329    -42.669     0.030216
   -35.844    -17.772    -42.259      -35.778    -17.726    -42.193     0.104332
   -41.406     -1.253    -31.349      -41.388     -1.263    -31.342     0.021017
    10.812     -7.415     21.694       10.804     -7.331     21.684     0.085194
   -40.016    -17.699    -16.528      -40.092    -17.730    -16.495     0.088375
   -15.121     10.596    -32.286      -15.148     10.539    -32.273     0.064263
    27.691     -1.682     20.414       27.659     -1.655     20.398     0.044156
     1.105    -11.624      8.455        1.102    -11.636      8.456     0.012081
   -14.351     -5.459      4.232      -14.315     -5.446      4.205     0.046725
   -13.847     -0.725      7.195      -13.901     -0.735      7.216     0.058567
    27.542     22.428    -14.425       27.610     22.533    -14.423     0.125694
    15.258      9.637     63.103       15.257      9.636     63.175     0.071421
   -41.088    -17.749    -30.230      -41.097    -17.752    -30.236     0.011597
    -4.990     -2.706     56.798       -4.783     -2.564     56.799     0.250726
   -31.729      7.763    -33.439      -31.664      7.659    -33.391     0.131758
    -0.298     -5.914     53.171       -0.388     -6.120     53.152     0.225406
    -2.285     -7.233    -34.853       -2.278     -7.231    -34.852     0.007708
    10.736     -6.609     32.448       10.724     -6.486     32.446     0.123981
    -3.454    -23.367    -19.440       -3.427    -23.406    -19.429     0.048467
   -18.832      5.506    -13.101      -18.775      5.378    -13.225     0.187111
    27.997      7.035     24.768       27.951      7.028     24.753     0.048654
    17.544     10.088     63.178       17.543     10.088     63.164     0.014856
   -32.067    -27.720    -16.964      -32.047    -27.680    -16.981     0.047199
   -30.678    -28.193    -16.677      -30.663    -28.177    -16.689     0.024351
    -6.791    -20.584    -10.334       -6.801    -20.569    -10.357     0.029363
    -0.361     -1.551    -26.564       -0.397     -1.581    -26.514     0.068057
    -5.142    -23.496    -16.596       -5.107    -23.548    -16.571     0.066828
    21.131     -6.909     12.825       21.193     -7.118     12.875     0.223434
    13.355     -6.058     41.811       13.392     -6.177     41.816     0.124939
    23.839     19.778    -25.994       23.841     19.780    -25.996     0.002483
    -7.038      5.652     38.998       -7.125      5.634     38.997     0.088436
