75 PA4-A-Debug-Output.txt
    -8.503    -19.545     -8.678       -8.502    -19.546     -8.677     0.001729
     3.295     18.504     60.472        3.296     18.502     60.472     0.001801
    38.373      4.223    -12.318       38.373      4.223    -12.318     0.000260
   -14.323    -28.190    -38.494      -14.322    -28.191    -38.494     0.001237
   -18.709    -32.611    -28.059      -18.709    -32.611    -28.059     0.000396
   -12.812     23.665     24.599      -12.811     23.663     24.599     0.002538
    21.214     -7.706     10.724       21.214     -7.708     10.725     0.002542
    23.596     -6.145     14.244       23.596     -6.146     14.244     0.000284
    16.945     -3.214     59.034       16.941     -3.211     59.034     0.004642
    38.681      2.663    -11.837       38.680      2.663    -11.837     0.001495
     3.541    -14.208    -23.991        3.544    -14.209    -23.993     0.003378
    26.096    -12.153    -19.926       26.096    -12.152    -19.925     0.001585
    -5.346     -1.634     51.159       -5.344     -1.633     51.159     0.002178
   -39.979     -7.705    -38.312      -39.977     -7.705    -38.312     0.001622
   -35.094     -7.843    -44.452      -35.094     -7.843    -44.452     0.000362
    -0.106     19.972     42.589       -0.105     19.968     42.588     0.003873
   -42.345     -7.568    -17.972      -42.343     -7.568    -17.974     0.002677
   -15.979    -31.645    -22.352      -15.979    -31.643    -22.352     0.001454
    30.011      7.607     19.320       30.010      7.607     19.319     0.001328
    16.042     -4.578     52.362       16.040     -4.575     52.362     0.003314
   -42.320     -2.418    -23.539      -42.323     -2.417    -23.539     0.003757
   -31.171    -26.114    -14.292      -31.172    -26.115    -14.291     0.001497
   -41.216     -0.020    -28.309      -41.217     -0.019    -28.309     0.001137
    -3.852     -6.525     30.579       -3.852     -6.525     30.579     0.000109
    -5.834      2.063    -33.238       -5.833      2.063    -33.238     0.000152
   -37.888      1.486    -35.772      -37.889      1.487    -35.772     0.000909
    35.391     14.982     -1.200       35.391     14.982     -1.200     0.000066
     0.317      0.440    -24.798        0.317      0.440    -24.797     0.001476
    -7.349     12.757      9.309       -7.348     12.757      9.310     0.000870
     1.982    -11.493     10.552        1.983    -11.492     10.551     0.001781
    32.763      2.232     15.096       32.761      2.232     15.095     0.001826
     6.476      6.370    -16.418        6.476      6.370    -16.418     0.000115
   -40.443    -14.165    -31.019      -40.444    -14.165    -31.019     0.000836
   -29.875    -15.288     -7.042      -29.875    -15.288     -7.041     0.000943
    14.650     -6.926     21.012       14.651     -6.929     21.013     0.002610
    35.177     -3.496     -4.077       35.178     -3.496     -4.077     0.000855
    -8.241     14.768     39.784       -8.241     14.768     39.784     0.000010
    -4.580    -10.940      6.915       -4.579    -10.938      6.914     0.002357
    35.143     -4.127     -8.998       35.140     -4.125     -8.998     0.003606
   -30.769    -14.676     -6.917      -30.770    -14.677     -6.915     0.002539
     6.552     -2.736     63.382        6.552     -2.736     63.383     0.000679
     0.179    -10.417     15.793        0.179    -10.414     15.793     0.003548
    -2.730    -10.068     15.289       -2.730    -10.069     15.289     0.001582
     9.127     -6.427    -21.908        9.126     -6.426    -21.906     0.002580
    21.813     15.635     37.639       21.817     15.636     37.640     0.003703
   -19.182    -27.205    -41.318      -19.182    -27.207    -41.320     0.003234
    -0.417    -10.656     14.512       -0.417    -10.656     14.512     0.000096
    -8.698    -25.880    -16.056       -8.698    -25.880    -16.056     0.000528
    23.837     24.724     -5.467       23.837     24.723     -5.467     0.001297
    34.725     15.667    -11.700       34.724     15.666    -11.700     0.001070
    -0.837    -10.061     17.214       -0.837    -10.060     17.213     0.001232
    10.526     24.520     -5.768       10.526     24.520     -5.768     0.000346
    -3.569     10.682     -3.251       -3.568     10.680     -3.251     0.002382
   -29.166      4.575    -14.057      -29.166      4.574    -14.058     0.001525
    -0.093    -19.797    -15.819       -0.095    -19.794    -15.820     0.004311
    36.970     13.125     -2.475       36.967     13.122     -2.474     0.005159
   -16.765      0.172      0.163      -16.767      0.172      0.164     0.001953
   -23.350     11.803    -22.107      -23.350     11.806    -22.107     0.002670
    15.507    -17.217    -10.128       15.507    -17.215    -10.127     0.002693
   -34.704    -19.289    -10.761      -34.703    -19.288    -10.762     0.001230
   -31.736      3.084    -13.919      -31.737      3.085    -13.917     0.002080
    19.499     15.978     51.022       19.500     15.979     51.022     0.000610
   -33.189    -28.271    -20.762      -33.190    -28.272    -20.762     0.001188
    18.839     18.231     43.596       18.839     18.230     43.596     0.000293
    -1.228    -13.307    -36.241       -1.226    -13.307    -36.242     0.002656
     6.570     23.074     27.083        6.570     23.071     27.082     0.003294
    21.834     23.565    -23.777       21.833     23.564    -23.777     0.001366
    11.186     24.631     16.755       11.186     24.634     16.756     0.003373
    -1.929      0.319    -26.841       -1.927      0.320    -26.843     0.002694
   -15.131    -16.776     -5.592      -15.131    -16.775     -5.594     0.002336
   -41.909    -10.791    -29.649      -41.909    -10.791    -29.649     0.000082
    -6.004     11.085     48.802       -6.002     11.084     48.802     0.001973
   -31.403    -20.716     -8.959      -31.402    -20.716     -8.959     0.000672
    -0.865    -20.412    -16.481       -0.862    -20.418    -16.480     0.006380
    34.817     15.584    -11.497       34.817     15.584    -11.497     0.000316
