200 PA4-J-Unknown-Output.txt
    18.410    -10.112      6.248       18.391    -10.076      6.229     0.044140
    -1.022      1.303    -25.204       -1.046      1.294    -25.186     0.031504
    27.978     22.217    -11.487       28.028     22.296    -11.492     0.093609
    -6.628      2.326     48.026       -6.565      2.332     48.025     0.062899
    34.063      1.335     13.093       34.135      1.329     13.147     0.089479
     1.076     10.319     -9.390        1.042     10.414     -9.425     0.106224
    14.266    -16.325    -12.048       14.277    -16.288    -12.034     0.041253
    34.817     15.223    -12.993       34.788     15.212    -12.987     0.031822
   -39.955    -13.401    -36.567      -39.915    -13.398    -36.563     0.040458
    21.151      4.634    -28.419       21.129      4.619    -28.443     0.036050
    25.451     14.112     26.259       25.466     14.120     26.263     0.017757
    19.970     22.555    -26.491       19.986     22.585    -26.511     0.039583
    31.582     12.914     13.679       31.572     12.911     13.672     0.012327
     9.595    -14.701    -16.343        9.598    -14.714    -16.350     0.015510
    35.590      7.863    -18.803       35.610      7.865    -18.811     0.021826
    38.314      5.603      8.082       38.330      5.605      8.093     0.019279
   -12.280     10.106    -21.317      -12.292     10.074    -21.322     0.034705
     2.494    -13.193      0.107        2.485    -13.257      0.120     0.065567
    15.118     -4.346     60.730       15.167     -4.422     60.730     0.090185
   -43.072    -13.359    -21.603      -43.062    -13.357    -21.606     0.010005
   -24.663    -32.063    -21.626      -24.675    -32.130    -21.604     0.071515
    19.243     24.794     10.888       19.212     24.688     10.864     0.113340
   -39.919    -11.230    -34.751      -39.951    -11.239    -34.747     0.033219
    -7.113     13.447      9.657       -7.094     13.429      9.671     0.029559
    12.207     -6.461     30.166       12.201     -6.410     30.163     0.051432
   -22.210     12.071    -25.342      -22.210     12.132    -25.331     0.061990
    -8.842    -29.082    -25.470       -8.853    -29.067    -25.473     0.018871
     8.824     19.916     59.933        8.819     19.888     59.910     0.037002
     3.374    -15.759    -22.099        3.492    -15.828    -22.147     0.144414
    -5.987    -18.313     -8.296       -6.005    -18.280     -8.311     0.040346
    39.459      3.500      3.922       39.553      3.491      3.927     0.094881
    11.549     14.720     63.063       11.550     14.720     63.111     0.048277
   -34.440     -0.038    -41.546      -34.453     -0.023    -41.562     0.026081
     0.390      4.016    -22.311        0.389      4.015    -22.310     0.002346
    -6.466     -1.286     36.152       -6.297     -1.252     36.130     0.172954
     2.462     -4.283     63.445        2.462     -4.283     63.448     0.002468
    10.973    -12.723    -18.559       11.002    -12.794    -18.617     0.096145
    12.512     17.124    -28.663       12.488     17.114    -28.669     0.026263
    22.591     13.966     40.247       22.538     13.939     40.240     0.059838
   -43.004    -10.479    -27.944      -43.102    -10.525    -28.008     0.125664
   -22.593     -1.780    -47.306      -22.585     -1.745    -47.384     0.086471
    -6.041     24.601     28.146       -6.014     24.741     28.182     0.146683
    29.134     -6.297     10.937       29.105     -6.215     10.902     0.093345
   -33.173      5.106    -37.519      -33.104      5.040    -37.449     0.117860
    25.272     11.771     30.190       25.392     11.810     30.218     0.129119
    -4.140     20.971     38.287       -4.103     20.761     38.201     0.229795
    25.526     14.735     25.064       25.542     14.744     25.069     0.018702
   -32.373      0.472    -42.378      -32.359      0.449    -42.346     0.041785
   -30.947      7.447    -16.878      -30.913      7.400    -16.902     0.062739
    12.374     -0.435    -21.390       12.367     -0.393    -21.467     0.088125
    15.263    -12.957      3.305       15.246    -12.906      3.281     0.059397
   -21.098    -14.717     -5.632      -21.098    -14.717     -5.633     0.000349
    13.088    -14.972      1.046       13.073    -14.940      1.028     0.039319
     4.003      0.178    -22.656        3.995      0.170    -22.637     0.022048
   -25.090     11.811    -25.484      -25.089     11.805    -25.485     0.006510
   -11.804      5.839      5.519      -11.887      5.899      5.529     0.103479
    -8.064     19.315     14.354       -8.046     19.297     14.386     0.040459
     5.526    -15.744     -6.311        5.526    -15.746     -6.310     0.002169
     0.721     -7.590     31.715        0.719     -7.557     31.712     0.033459
   -16.325     17.388     23.867      -16.312     17.384     23.869     0.014346
   -32.405     -2.834    -44.257      -32.389     -2.847    -44.222     0.040936
    -8.801    -27.132    -35.302       -8.806    -27.124    -35.299     0.009601
    14.984     23.217     23.512       14.984     23.217     23.512     0.000398
    12.597    -10.556      8.504       12.646    -10.768      8.576     0.228901
    27.797      5.827     26.151       27.643      5.842     26.100     0.162456
   -15.868     -5.954      1.959      -15.843     -5.945      1.939     0.033721
    23.758     14.025     34.035       23.654     13.970     34.009     0.120891
   -15.853    -13.863    -48.472      -15.853    -13.862    -48.474     0.002127
     2.849     -7.379     30.306        2.860     -7.545     30.312     0.166743
    -2.334     -9.895     17.226       -2.354     -9.951     17.234     0.060156
   -12.151    -23.592    -42.710      -12.150    -23.594    -42.712     0.003077
    25.264     24.017    -10.413       25.217     23.913    -10.407     0.114275
    36.959      9.127      8.696       36.885      9.099      8.631     0.103023
    11.123     -3.790     63.356       11.123     -3.790     63.329     0.026324
     3.747     -7.198     52.874        3.757     -7.125     52.880     0.074922
   -42.415    -13.252    -18.825      -42.346    -13.236    -18.847     0.074850
    21.563     18.070    -28.982       21.512     18.009    -28.897     0.116001
   -43.461     -8.623    -21.384      -43.454     -8.623    -21.386     0.006707
     0.924      1.354     63.435        0.923      1.352     63.460     0.024513
    -6.335     10.422     60.155       -6.176     10.342     60.157     0.178051
    34.739     -4.915    -17.254       34.716     -4.898    -17.246     0.029570
    -7.244      7.388     40.534       -7.217      7.389     40.530     0.027517
    12.319      8.589     63.024       12.319      8.589     63.034     0.010332
     4.230     -7.951     25.369        4.252     -8.067     25.391     0.120307
    22.519     14.956     36.001       22.591     14.995     36.020     0.084248
    -5.071     -2.249     51.067       -5.012     -2.215     51.065     0.068607
    27.024      5.100     27.644       27.076      5.094     27.660     0.054810
   -17.058    -21.179    -45.791      -17.055    -21.184    -45.798     0.009086
   -33.819     -9.892     -7.663      -33.818     -9.892     -7.670     0.007579
   -23.718     10.240    -35.167      -23.723     10.266    -35.172     0.026906
    26.055      7.029    -30.231       26.055      7.029    -30.232     0.000585
   -13.542      9.116    -34.717      -13.549      9.103    -34.713     0.014939
   -28.495    -31.581    -28.120      -28.433    -31.437    -28.109     0.156919
   -31.335    -28.471    -34.672      -31.364    -28.519    -34.692     0.059613
    -0.028     19.843     42.672       -0.069     19.966     42.690     0.130497
    15.355     27.076     -3.757       15.370     26.956     -3.735     0.123140
     4.619     -5.374    -24.250        4.599     -5.381    -24.219     0.037728
    -9.425    -20.517    -43.377       -9.406    -20.550    -43.444     0.076801
    -1.411     18.156      7.752       -1.421     18.165      7.745     0.015319
     0.120    -12.597    -32.167        0.136    -12.591    -32.169     0.017614
    17.249     10.676    -28.063       17.245     10.672    -28.065     0.006055
    -6.601      8.766     59.875       -6.661      8.785     59.873     0.062936
    -0.787     -8.739    -31.147       -0.915     -8.767    -31.076     0.149456
   -25.806     11.664    -24.483      -25.796     11.603    -24.489     0.062411
   -34.685    -26.846    -19.547      -34.647    -26.796    -19.562     0.064887
   -35.473    -26.039    -18.837      -35.421    -25.980    -18.870     0.085634
   -35.355      1.396    -13.682      -35.346      1.390    -13.691     0.013562
   -39.861     -6.475    -14.148      -39.913     -6.461    -14.114     0.063996
    -8.216    -25.459    -37.338       -8.215    -25.461    -37.339     0.002566
    11.183     -6.417     49.321       11.173     -6.340     49.317     0.077207
   -22.323     -5.065     -5.449      -22.301     -5.080     -5.480     0.041602
    14.129     14.161     63.017       14.126     14.162     63.105     0.088029
    28.099     -7.677      7.062       28.109     -7.725      7.079     0.051503
    28.128      8.303    -30.026       28.125      8.304    -30.020     0.006969
     0.549     -3.389     63.433        0.549     -3.391     63.409     0.024970
    31.321     -3.400    -25.222       31.382     -3.422    -25.280     0.086806
     4.226     -7.654    -24.912        4.230     -7.653    -24.917     0.006944
   -11.750      6.019    -38.699      -11.757      6.011    -38.693     0.011647
     5.202    -13.104    -22.406        5.224    -13.115    -22.436     0.038737
   -29.372      9.013    -18.878      -29.358      8.967    -18.905     0.054635
    23.283     24.413    -19.787       23.265     24.326    -19.770     0.091282
    -3.282     -3.852    -33.289       -3.284     -3.852    -33.289     0.002043
   -35.113    -13.155    -45.108      -35.172    -13.191    -45.180     0.099966
   -18.604     -6.906     -2.345      -18.615     -6.910     -2.326     0.022418
    37.186     12.455      6.768       37.199     12.462      6.773     0.015312
    17.298    -16.062    -14.487       17.307    -16.026    -14.470     0.040642
     8.806     26.074      5.815        8.812     26.061      5.815     0.013434
    -0.286     -6.183     50.720       -0.259     -6.120     50.719     0.068145
    -5.052     -2.043     62.432       -5.036     -2.037     62.414     0.024201
     1.861     21.811     34.532        1.860     21.788     34.527     0.023561
    -6.011     -0.322     49.197       -5.852     -0.268     49.193     0.168004
    -2.395     24.065     28.241       -2.392     24.079     28.244     0.014696
   -33.448    -28.293    -32.499      -33.389    -28.204    -32.463     0.112828
    33.689     -7.129    -15.296       33.638     -7.087    -15.278     0.067445
   -28.729    -22.832     -9.177      -28.755    -22.887     -9.080     0.114626
   -36.760      4.553    -21.065      -36.730      4.520    -21.079     0.046274
    22.847     -6.388    -25.085       22.831     -6.398    -25.115     0.034827
    22.018     -5.571     20.339       22.006     -5.535     20.336     0.037394
   -19.237     11.436    -33.413      -19.247     11.362    -33.396     0.076033
   -35.226    -27.157    -30.248      -35.199    -27.128    -30.243     0.039365
    14.969     24.832     14.701       14.961     24.781     14.690     0.052268
    31.726      1.414    -25.922       31.746      1.413    -25.935     0.023697
     6.756     -7.279     54.151        6.752     -7.239     54.151     0.040492
   -28.279    -20.454    -45.576      -28.330    -20.529    -45.718     0.168570
   -13.114     17.443     17.548      -13.116     17.444     17.546     0.002710
    12.262     15.354     63.138       12.261     15.354     63.093     0.044702
    31.503     15.269    -21.869       31.437     15.241    -21.827     0.082700
    11.924     17.062    -25.437       11.888     17.046    -25.444     0.040443
   -25.634      5.706    -40.983      -25.646      5.739    -41.018     0.049875
     7.512     -7.405     60.718        7.510     -7.353     60.722     0.051825
    -5.407     -1.081     47.127       -5.544     -1.192     47.173     0.182679
    22.863      1.247    -27.834       22.888      1.264    -27.799     0.045956
    23.082      3.905     44.711       23.011      3.917     44.695     0.073465
    24.693     -4.217     19.808       24.740     -4.302     19.832     0.100524
    22.110      5.103     51.843       22.175      5.091     51.853     0.067425
     5.333    -16.789    -12.758        5.360    -16.843    -12.759     0.060182
    31.265     -9.068    -13.961       31.352     -9.171    -13.949     0.135021
    34.003     16.443     -8.345       34.091     16.523     -8.335     0.119383
    24.074      6.267     41.944       23.907      6.261     41.919     0.168720
    15.704     25.659    -10.777       15.728     25.584    -10.765     0.080254
    -6.137     -0.234     44.373       -5.932     -0.161     44.374     0.216842
   -13.038     -7.224      4.682      -13.008     -7.198      4.657     0.046500
   -16.240     17.019     22.653      -16.295     17.045     22.648     0.060823
   -13.418    -13.756    -47.707      -13.443    -13.748    -47.664     0.049796
    25.663    -12.340     -3.900       25.650    -12.306     -3.926     0.044785
   -16.996      2.403     -6.048      -16.988      2.393     -6.051     0.012476
    15.593      4.141     63.054       15.593      4.141     63.049     0.005822
    -0.708    -16.470    -34.848       -0.645    -16.496    -34.870     0.071878
     3.445    -17.518    -17.789        3.475    -17.571    -17.799     0.061350
   -13.113      3.214      8.434      -13.123      3.217      8.435     0.010710
    -0.722     21.575     35.938       -0.715     21.652     35.956     0.079067
    29.352     -6.198    -24.928       29.355     -6.134    -24.866     0.089114
    -2.729     -4.648     47.538       -2.874     -4.830     47.554     0.233729
    13.073     -6.127     30.071       13.091     -6.318     30.080     0.192583
    -1.939     22.999     31.541       -1.898     23.197     31.593     0.208589
   -12.618     10.604    -23.886      -12.581     10.692    -23.867     0.097003
    -3.629    -17.609     -8.118       -3.616    -17.737     -8.061     0.140848
    -2.109      9.306    -10.276       -2.140      9.408    -10.298     0.109062
   -34.458     -8.116    -45.075      -34.464     -8.113    -45.083     0.010486
    -3.872    -23.985    -19.639       -3.920    -23.937    -19.662     0.071188
   -39.949    -19.874    -18.192      -39.974    -19.887    -18.180     0.030298
    18.231     -5.407     29.657       18.235     -5.419     29.657     0.012930
    12.000    -16.036    -11.945       12.000    -16.009    -11.934     0.028583
   -32.984    -15.321    -45.462      -32.990    -15.331    -45.481     0.022670
    16.162    -17.030    -11.864       16.198    -16.860    -11.814     0.180818
    34.175     -3.891    -20.231       34.135     -3.885    -20.223     0.041169
    -5.624      0.736     62.424       -5.713      0.735     62.416     0.089859
    -8.772    -25.675    -37.797       -8.813    -25.622    -37.758     0.076982
   -40.621      0.680    -28.107      -40.706      0.739    -28.110     0.103569
    -3.159      0.782    -28.271       -3.204      0.754    -28.228     0.068404
    27.133      1.761    -30.156       27.158      1.799    -30.074     0.094448
   -12.390    -27.564    -38.439      -12.399    -27.548    -38.428     0.020602
    12.475     19.097    -29.546       12.411     19.112    -29.594     0.081029
    22.485      7.282     52.048       22.333      7.280     52.025     0.153539
   -16.032    -12.433     -2.941      -16.005    -12.397     -2.998     0.072196
   -11.723    -27.002    -38.738      -11.744    -26.966    -38.712     0.049413
   -16.468      4.776    -11.075      -16.521      4.925    -11.008     0.172031
    21.189     24.913      7.069       21.208     24.960      7.082     0.052493
    19.250     -3.887     39.136       19.076     -3.658     39.073     0.294461
   -10.584      8.059    -16.208      -10.589      8.113    -16.204     0.054281
