200 PA4-E-Debug-Output.txt
   -30.552      9.489    -21.329      -30.517      9.399    -21.353     0.099308
    -3.494    -23.271    -32.864       -3.480    -23.289    -32.867     0.022731
    -8.085      8.178    -12.990       -8.084      8.171    -12.990     0.006938
    -5.956    -24.944    -34.513       -5.960    -24.940    -34.511     0.005988
   -32.472     -7.418     -8.234      -32.464     -7.428     -8.257     0.026213
    27.296      5.191     27.117       27.259      5.195     27.105     0.039335
   -11.392     -3.078     11.532      -11.493     -3.146     11.579     0.130599
     9.888     25.219     14.028        9.878     25.156     14.016     0.065280
   -29.009    -21.299     -8.056      -29.023    -21.312     -8.027     0.034835
    -9.028      2.603     24.579       -9.061      2.596     24.588     0.034890
   -29.674      7.431    -36.073      -29.696      7.488    -36.094     0.065748
   -22.583      9.470    -17.994      -22.584      9.416    -18.070     0.093197
    20.551     -0.350     49.729       20.626     -0.387     49.741     0.084314
     0.811     -8.109    -28.050        0.844     -8.102    -28.073     0.040755
    37.241     -2.006      4.143       37.218     -1.988      4.145     0.028410
   -22.785    -17.635     -6.297      -22.785    -17.639     -6.275     0.022201
    33.464      8.856    -23.466       33.436      8.855    -23.453     0.030693
   -38.412    -22.426    -18.196      -38.353    -22.378    -18.224     0.081017
   -25.581     -1.448    -46.812      -25.591     -1.436    -46.841     0.033114
    15.754     -6.475     21.239       15.792     -6.730     21.269     0.259433
   -19.962    -13.200     -4.837      -19.964    -13.206     -4.826     0.013055
    18.580     -1.537     58.270       18.521     -1.484     58.262     0.080220
   -25.705     -0.466    -46.193      -25.719     -0.446    -46.224     0.039830
     4.396     12.477     63.215        4.395     12.475     63.190     0.024376
    38.195     -0.281      2.639       38.202     -0.285      2.639     0.007977
    33.995     -3.833     10.399       33.994     -3.832     10.398     0.001408
    -5.834     -0.392     40.517       -6.023     -0.444     40.524     0.196120
    -6.826     19.500     14.066       -6.896     19.612     13.952     0.174445
    -6.398     20.902     14.607       -6.323     20.783     14.739     0.193199
    35.596     11.659    -14.647       35.597     11.659    -14.648     0.000922
     6.253     17.811     62.809        6.267     17.898     62.882     0.114036
    11.853     21.761     45.585       11.893     21.623     45.569     0.144775
   -37.692    -11.427    -42.594      -37.621    -11.432    -42.549     0.084414
   -11.162     21.971     18.629      -11.134     21.931     18.671     0.064641
     5.359     -8.371     22.693        5.334     -8.276     22.679     0.098488
   -25.779    -29.634    -37.083      -25.758    -29.552    -37.047     0.092174
     5.866     23.810      3.931        5.924     23.737      3.952     0.095497
   -10.727    -14.682    -46.275      -10.710    -14.694    -46.303     0.034210
    -5.632    -22.641    -37.233       -5.559    -22.697    -37.284     0.105846
     9.689    -15.174    -13.880        9.715    -15.375    -13.935     0.210589
    13.920      6.711     62.991       13.918      6.710     63.016     0.024644
   -35.037      3.916    -15.983      -35.106      3.973    -15.870     0.143862
    14.063     -6.876     21.589       14.073     -6.944     21.597     0.069032
    33.272     -6.017     -3.656       33.170     -5.946     -3.660     0.124603
     7.889     20.480     45.767        7.864     20.626     45.777     0.148021
    20.035     25.441      6.930       20.048     25.474      6.939     0.036218
   -14.577    -24.757    -42.612      -14.585    -24.724    -42.573     0.051950
    21.296     15.943     39.837       21.385     15.999     39.847     0.105752
   -24.561      0.753    -45.817      -24.560      0.750    -45.813     0.005566
    36.868     -1.561     -2.302       36.924     -1.615     -2.296     0.077676
    39.857      7.650     -3.676       39.820      7.635     -3.668     0.040472
    -8.937      9.218      5.496       -8.892      9.181      5.513     0.060390
   -24.411     -8.000     -6.065      -24.403     -8.002     -6.090     0.026275
   -13.963      5.229     -8.277      -13.962      5.226     -8.277     0.002461
     2.833     18.561      2.152        2.866     18.538      2.165     0.042160
    -9.478     -4.432     14.286       -9.528     -4.458     14.298     0.057356
   -25.048     -0.069    -11.350      -25.039     -0.086    -11.370     0.027488
    -6.775      1.401     36.306       -6.753      1.403     36.303     0.021972
    28.373     -7.761      7.045       28.360     -7.695      7.022     0.070767
    18.429    -12.717    -18.702       18.426    -12.727    -18.715     0.016701
    21.626      8.789     56.404       21.748      8.796     56.419     0.123242
    36.169     -3.421     -9.835       36.103     -3.361     -9.858     0.092158
    13.612    -10.799    -20.151       13.604    -10.634    -19.996     0.226543
    -4.556     -4.464     37.737       -4.460     -4.365     37.718     0.139488
   -39.385    -14.669    -13.742      -39.358    -14.665    -13.760     0.033469
     9.886     22.739     29.926        9.885     22.625     29.905     0.116337
    -3.257    -14.477    -39.673       -3.290    -14.478    -39.639     0.047066
    -1.526     -5.520     50.525       -1.520     -5.509     50.526     0.012218
    34.361     -3.148     10.571       34.377     -3.161     10.587     0.026783
    -7.820    -10.676      4.654       -7.801    -10.634      4.631     0.051425
   -26.109    -28.694    -14.476      -26.127    -28.766    -14.447     0.079504
     0.507     10.842     -7.951        0.514     10.824     -7.942     0.021449
    20.036      0.396    -24.421       20.045      0.399    -24.413     0.011657
    -5.008     -2.385     62.249       -5.014     -2.389     62.249     0.007393
     1.297     -3.889    -26.177        1.286     -3.893    -26.163     0.017065
   -43.117     -9.687    -20.158      -43.087     -9.685    -20.166     0.031083
    25.476     16.107    -27.659       25.472     16.102    -27.649     0.011900
   -40.320     -1.239    -17.586      -40.326     -1.237    -17.581     0.008047
     3.476     18.975     56.280        3.514     18.854     56.273     0.127187
    25.405      5.936     34.097       25.416      5.935     34.100     0.011962
    -7.084      6.783     50.157       -7.001      6.767     50.157     0.084377
    14.683    -17.394     -9.402       14.710    -17.272     -9.367     0.130377
    28.684      0.687     21.100       28.592      0.723     21.059     0.107442
   -38.835    -21.177    -17.467      -38.826    -21.172    -17.472     0.011594
    23.814      4.476    -29.875       23.787      4.446    -29.969     0.102574
    -8.927      7.572     30.813       -8.929      7.571     30.813     0.002127
   -14.057     10.806    -21.653      -14.072     10.742    -21.666     0.067359
   -34.095     -5.175    -44.314      -34.098     -5.173    -44.318     0.005464
    -1.054    -10.290     16.206       -1.053    -10.266     16.201     0.024669
     9.863      8.383     63.037        9.863      8.382     63.047     0.010009
   -11.969      9.617     16.661      -11.844      9.643     16.679     0.128375
   -29.872    -29.412    -18.475      -29.869    -29.400    -18.481     0.013143
     8.107     -6.939     30.183        8.103     -6.915     30.182     0.023714
   -22.260      8.833    -37.546      -22.260      8.872    -37.580     0.051450
   -43.084    -16.124    -26.272      -43.092    -16.126    -26.272     0.007567
     9.139     21.864     -7.343        9.083     21.913     -7.371     0.079647
   -36.028    -19.718    -11.892      -36.000    -19.684    -11.939     0.064163
    18.844     21.649     28.314       18.828     21.620     28.311     0.033209
     3.882     -7.295     32.518        3.882     -7.292     32.518     0.003241
    31.207     16.994    -20.056       31.249     17.021    -20.070     0.052483
   -10.129    -18.528     -7.776      -10.130    -18.620     -7.670     0.140404
    -5.619     -1.185     48.861       -5.555     -1.163     48.859     0.067794
    13.570     21.994     37.472       13.601     22.120     37.466     0.129831
    20.298     11.428    -30.698       20.297     11.426    -30.700     0.002179
    13.504     27.125      4.488       13.503     27.122      4.488     0.002789
    -3.372     -4.995     43.565       -3.329     -4.942     43.558     0.068029
   -42.574     -9.933    -18.441      -42.588     -9.935    -18.436     0.014806
    -9.510      7.118     26.826       -9.853      6.975     26.901     0.378992
    33.961     -4.727    -20.605       33.860     -4.658    -20.577     0.125200
     7.393     25.433      6.038        7.375     25.476      6.037     0.046022
   -19.316    -24.517     -9.542      -19.302    -24.549     -9.476     0.073893
    26.221     -9.777      1.196       26.226     -9.907      1.241     0.137143
    34.559     15.129      7.677       34.530     15.102      7.663     0.041930
    -6.274     -8.360     15.066       -6.287     -8.376     15.069     0.021430
    -5.528     -1.556     56.477       -5.424     -1.519     56.476     0.110508
   -34.947      1.281    -40.079      -34.933      1.265    -40.061     0.028301
     2.925     23.305     28.101        2.915     23.232     28.091     0.074804
    35.063      7.504    -19.903       35.228      7.523    -19.964     0.176839
   -19.310    -24.918    -43.709      -19.312    -24.914    -43.704     0.006318
   -30.093    -30.880    -24.751      -30.050    -30.794    -24.760     0.096779
   -41.822     -1.067    -27.325      -41.912     -1.012    -27.331     0.105394
     2.418     -7.963     27.208        2.427     -8.014     27.220     0.053382
    31.251     13.382    -24.378       31.120     13.290    -24.284     0.185804
    -0.239     -6.895    -29.081       -0.185     -6.879    -29.126     0.072640
    13.607     -5.808     55.660       13.552     -5.711     55.654     0.111731
    -3.929     -2.310    -35.209       -3.894     -2.298    -35.208     0.037153
    15.600     19.536    -30.823       15.591     19.561    -30.853     0.040183
     6.817     -8.271     19.394        6.862     -8.429     19.443     0.171587
    24.787     16.428    -27.710       24.808     16.453    -27.760     0.059609
   -15.179    -17.302    -47.165      -15.179    -17.302    -47.163     0.002229
     0.687     -6.967     35.669        0.693     -7.038     35.680     0.072016
    32.249      8.333    -25.805       32.296      8.337    -25.841     0.059320
   -22.122      2.344    -11.665      -22.145      2.383    -11.634     0.054472
   -36.899    -11.536    -43.391      -36.977    -11.532    -43.452     0.099772
    -8.247     25.011     24.285       -8.247     25.021     24.284     0.010377
     8.103    -10.629    -21.959        8.130    -10.648    -22.006     0.057328
    12.063     -6.517     60.027       11.971     -6.286     60.027     0.248733
    16.549     22.494     28.441       16.540     22.431     28.430     0.064342
     7.899     22.209     32.501        7.900     22.195     32.498     0.014485
    17.702    -12.959    -18.446       17.725    -12.897    -18.368     0.103159
    19.837     -8.432    -23.002       19.834     -8.457    -23.030     0.037875
    -1.493    -13.455     -0.072       -1.490    -13.485     -0.059     0.032555
     9.596     21.233     52.816        9.594     21.065     52.794     0.169295
   -14.496     17.450     33.262      -14.538     17.459     33.287     0.049849
    35.340     -4.608    -15.719       35.277     -4.569    -15.719     0.074738
    -4.709     12.269     61.368       -4.785     12.321     61.378     0.092958
    28.138     18.583    -22.851       28.170     18.609    -22.881     0.050889
   -26.791    -32.152    -26.289      -26.797    -32.183    -26.291     0.031256
   -12.285      2.457     12.117      -12.245      2.460     12.111     0.040132
    27.073     21.087    -21.404       27.149     21.170    -21.486     0.138827
    39.948      4.470      1.355       39.798      4.487      1.346     0.151213
    14.044     22.024     34.784       14.046     22.171     34.830     0.153958
     3.922     14.119     -5.778        3.963     14.068     -5.732     0.080187
    -3.632      2.265     63.134       -3.632      2.264     63.135     0.000453
    20.939     19.016    -28.467       20.954     19.034    -28.492     0.034855
    -9.621      2.401     21.623       -9.702      2.385     21.638     0.084453
   -18.271     -3.922    -47.467      -18.271     -3.921    -47.475     0.008362
    16.655     19.296     48.264       16.669     19.310     48.266     0.019181
    24.572      5.584     37.527       24.605      5.580     37.533     0.034092
    14.735    -17.484     -8.510       14.730    -17.511     -8.513     0.027572
   -40.261     -8.043    -34.650      -40.263     -8.043    -34.650     0.001504
   -13.383     18.057     34.819      -13.316     18.038     34.762     0.090228
   -19.709    -31.688    -17.593      -19.734    -31.634    -17.616     0.063712
    -6.079     14.170      9.277       -6.106     14.191      9.261     0.038239
   -24.947    -11.418    -48.562      -24.964    -11.431    -48.594     0.038290
    30.218     19.979    -18.095       30.176     19.954    -18.082     0.050454
     1.914     16.842      1.756        1.847     16.894      1.722     0.091724
   -24.754    -12.256    -48.504      -24.758    -12.257    -48.534     0.029704
    30.258    -10.739    -14.458       30.189    -10.661    -14.480     0.106185
     2.396     21.535     35.148        2.400     21.615     35.166     0.082315
    -3.780     -4.975     38.128       -3.767     -4.961     38.126     0.019056
   -14.380     -5.821      4.042      -14.333     -5.805      4.008     0.059733
   -21.298    -22.762     -8.245      -21.292    -22.797     -8.188     0.066723
    24.409     16.477     25.209       24.536     16.542     25.254     0.150099
   -21.875     -5.618     -5.011      -21.915     -5.591     -4.955     0.073521
    -8.019     -5.888    -44.333       -7.963     -5.848    -44.401     0.096850
   -16.540      6.231    -13.157      -16.542      6.237    -13.151     0.008636
    18.265     26.595     -4.415       18.269     26.626     -4.420     0.031339
    18.984     -6.216     19.548       19.011     -6.371     19.563     0.157509
    20.043      0.948     59.821       19.930      1.003     59.806     0.126943
    11.046    -11.543    -19.848       11.060    -11.572    -19.879     0.045293
    11.701     25.409     13.460       11.714     25.271     13.426     0.142997
    30.199      0.055    -27.478       30.216      0.044    -27.501     0.030323
    -6.822      9.242     -1.943       -6.773      9.173     -1.933     0.085133
    34.675     15.358      6.687       34.728     15.404      6.713     0.075124
   -30.277      9.925    -24.108      -30.298      9.974    -24.107     0.053190
   -30.144      9.815    -29.347      -30.140      9.803    -29.344     0.012812
   -30.625      5.585    -39.077      -30.629      5.593    -39.081     0.009976
   -18.917    -29.396    -38.168      -18.900    -29.471    -38.216     0.090126
   -38.870    -21.293    -33.888      -38.908    -21.315    -33.904     0.046582
   -16.726      1.537     -2.117      -16.763      1.567     -2.108     0.048783
    -4.554     -3.719     39.149       -4.571     -3.733     39.155     0.022798
     7.340     24.307     17.836        7.332     24.411     17.849     0.105504
     8.373     20.797     45.248        8.381     20.750     45.245     0.046849
   -18.304      4.737    -11.987      -18.307      4.745    -11.984     0.009397
   -31.130      5.770    -37.988      -31.173      5.855    -38.026     0.102688
    -2.815     -2.498    -30.094       -2.779     -2.479    -30.118     0.047039
    37.350     12.575      1.935       37.383     12.598      1.933     0.039761
    -3.623     11.756     -0.807       -3.537     11.632     -0.770     0.154824
   -39.894      1.844    -28.762      -39.907      1.853    -28.762     0.016441
