200 PA4-G-Unknown-Output.txt
    16.765     -8.244    -21.947       16.765     -8.244    -21.948     0.000870
   -25.441    -15.757    -47.872      -25.440    -15.757    -47.871     0.001312
    15.446     17.869     62.070       15.447     17.870     62.073     0.003624
    19.485      6.948    -27.113       19.486      6.948    -27.113     0.000975
    18.140     19.928     40.514       18.141     19.930     40.515     0.001845
    -6.857      3.466     37.338       -6.859      3.466     37.338     0.002027
     2.398     -9.149     21.453        2.397     -9.145     21.452     0.003831
   -41.814     -1.162    -29.931      -41.814     -1.161    -29.931     0.000931
   -22.888     12.298    -27.421      -22.888     12.297    -27.421     0.001341
     3.873     18.341     -0.614        3.867     18.345     -0.616     0.007331
     0.692    -18.863    -24.940        0.693    -18.863    -24.941     0.001465
   -19.813     -4.189     -3.119      -19.814     -4.189     -3.119     0.000097
    -4.470      0.298     63.187       -4.470      0.298     63.186     0.000453
    29.460     -3.667    -26.082       29.460     -3.667    -26.085     0.003277
   -11.012      8.330    -33.439      -11.013      8.328    -33.438     0.002914
    10.948    -15.607     -0.896       10.948    -15.607     -0.896     0.000110
    13.366     -5.768     56.525       13.361     -5.759     56.524     0.009683
    36.584     -2.919      6.586       36.590     -2.923      6.587     0.007017
     1.641    -17.310     -8.732        1.641    -17.312     -8.730     0.003191
    16.045     23.108    -27.666       16.045     23.108    -27.666     0.000444
   -17.501     -1.139     -0.540      -17.494     -1.141     -0.543     0.008516
    14.416     13.957    -28.468       14.413     13.954    -28.469     0.005034
    -0.078    -10.318     16.084       -0.078    -10.323     16.085     0.004761
   -13.241     15.596     34.655      -13.245     15.594     34.659     0.006154
   -18.015    -30.174    -16.474      -18.015    -30.173    -16.475     0.000761
    23.127     15.368    -29.209       23.125     15.367    -29.205     0.004794
    -6.081      0.255     45.968       -6.089      0.252     45.968     0.008875
    39.502      3.336      4.536       39.509      3.335      4.537     0.006780
   -38.992    -20.821    -34.389      -38.992    -20.821    -34.389     0.000562
   -37.931     -9.605    -10.651      -37.932     -9.605    -10.651     0.001709
     5.713    -10.751    -23.112        5.716    -10.752    -23.115     0.004933
    -7.083      5.492     58.503       -7.080      5.492     58.502     0.003249
    37.680     11.983     -3.965       37.682     11.984     -3.965     0.003233
    32.940      5.833     14.771       32.937      5.832     14.770     0.002605
    37.462     12.007      6.708       37.458     12.005      6.707     0.005037
    -5.172    -19.264    -10.015       -5.172    -19.263    -10.015     0.000275
    28.860     11.504     19.628       28.866     11.506     19.631     0.006260
    30.212     20.687      4.317       30.214     20.689      4.318     0.002026
     8.824     22.358     31.759        8.824     22.355     31.759     0.002626
    24.793     -2.896     24.132       24.790     -2.894     24.131     0.003480
    -5.437     18.760     40.925       -5.436     18.759     40.924     0.002325
    11.473      7.291     62.941       11.473      7.291     62.942     0.000779
    -6.682      3.300     49.106       -6.673      3.301     49.107     0.008387
   -12.191    -23.259    -43.124      -12.191    -23.259    -43.125     0.000586
    37.781      8.677    -10.395       37.781      8.677    -10.395     0.000981
     5.709     23.187      2.656        5.708     23.188      2.656     0.001289
    -9.641      7.468    -33.574       -9.641      7.468    -33.574     0.000005
    14.398     21.760     42.716       14.399     21.761     42.716     0.001583
    14.150     12.926    -15.080       14.154     12.926    -15.081     0.003696
    15.632     11.521    -22.994       15.630     11.519    -22.994     0.002935
   -14.234    -27.920    -15.167      -14.235    -27.916    -15.169     0.004531
    16.141      9.554    -21.632       16.135      9.553    -21.633     0.006386
    19.274     19.594    -29.067       19.277     19.597    -29.071     0.005486
   -43.703     -5.657    -24.413      -43.709     -5.656    -24.411     0.006899
   -41.744    -14.607    -17.968      -41.742    -14.606    -17.969     0.002388
    -0.708     -6.220     62.312       -0.712     -6.227     62.315     0.007580
    27.744     17.209     15.564       27.746     17.210     15.565     0.002771
   -13.686      6.930    -13.493      -13.686      6.931    -13.493     0.000801
   -10.622    -29.351    -31.788      -10.625    -29.344    -31.787     0.007297
   -34.911    -10.008     -7.933      -34.913    -10.008     -7.930     0.003526
    12.681     17.522    -14.750       12.678     17.519    -14.753     0.005184
    20.163     19.720     31.154       20.168     19.725     31.154     0.007829
   -28.014    -31.109    -31.999      -28.014    -31.109    -31.999     0.000489
    35.598     -3.552     -7.618       35.597     -3.552     -7.618     0.000612
    -6.396      3.352    -32.271       -6.403      3.349    -32.271     0.007679
     1.798      0.737     63.449        1.798      0.737     63.449     0.000139
    30.579     20.460     -6.911       30.582     20.464     -6.911     0.004501
   -27.503    -31.435    -21.443      -27.500    -31.429    -21.445     0.006827
    31.542     13.956    -22.939       31.542     13.955    -22.939     0.000883
    -2.662     18.574     44.219       -2.666     18.582     44.222     0.009023
    -6.854    -14.917     -2.848       -6.854    -14.918     -2.848     0.000434
    21.781      1.801     48.865       21.773      1.804     48.864     0.009249
    -4.402     11.845      1.904       -4.403     11.846      1.904     0.001466
     7.815     22.220     -4.595        7.815     22.220     -4.595     0.000286
    22.617     13.875     39.867       22.618     13.875     39.867     0.000964
   -18.892    -26.933    -11.660      -18.892    -26.932    -11.661     0.001797
   -37.981    -24.824    -25.096      -37.981    -24.824    -25.096     0.000334
    33.802      1.348    -22.990       33.800      1.348    -22.988     0.002153
     0.136    -10.441    -29.885        0.134    -10.442    -29.883     0.002794
   -38.943     -8.333    -12.052      -38.941     -8.333    -12.053     0.002189
   -15.543      2.295     -0.261      -15.551      2.300     -0.258     0.009233
    24.259     23.795    -19.730       24.261     23.799    -19.731     0.004748
     1.749     -7.113     55.045        1.748     -7.122     55.044     0.009111
   -30.882    -30.378    -24.788      -30.879    -30.372    -24.789     0.005867
    16.958     21.933    -28.749       16.958     21.932    -28.748     0.001366
   -12.830      8.939    -34.030      -12.830      8.939    -34.030     0.001003
    40.074      3.642     -1.140       40.069      3.641     -1.141     0.005641
    17.813     25.500    -14.130       17.814     25.496    -14.129     0.004163
     3.107     -3.246    -24.551        3.107     -3.246    -24.551     0.000177
    -2.897     15.802     49.480       -2.897     15.803     49.480     0.000893
   -31.785    -26.350    -38.176      -31.787    -26.353    -38.178     0.004553
    29.574     -1.651     17.497       29.575     -1.652     17.498     0.001875
    12.905     24.972     -9.037       12.904     24.973     -9.038     0.001847
   -11.155    -19.133    -44.821      -11.154    -19.134    -44.820     0.001842
   -39.469    -22.134    -30.595      -39.466    -22.132    -30.594     0.003106
     4.298    -15.406    -21.612        4.299    -15.407    -21.613     0.002048
     2.275    -13.605    -26.063        2.275    -13.605    -26.063     0.000544
     0.710      6.175    -19.445        0.711      6.177    -19.446     0.001829
   -11.867    -26.603    -39.326      -11.870    -26.598    -39.322     0.006481
     7.660     20.859     -5.882        7.660     20.858     -5.882     0.000580
    -6.753     13.926      9.856       -6.753     13.926      9.856     0.000539
    36.931     12.570     -7.834       36.934     12.571     -7.834     0.002673
    21.783     -5.080     22.675       21.786     -5.085     22.677     0.006685
    -0.730     21.684     35.789       -0.730     21.691     35.791     0.006773
    -6.898      5.696    -27.606       -6.900      5.693    -27.605     0.003323
   -35.365    -18.433    -10.623      -35.366    -18.434    -10.621     0.002947
     8.117     22.889     28.520        8.117     22.883     28.519     0.006556
     4.957    -16.909    -11.029        4.959    -16.915    -11.028     0.006149
   -23.769     -7.925    -48.972      -23.770     -7.927    -48.969     0.003899
     6.417     21.059     -2.814        6.417     21.059     -2.814     0.000186
    -5.835     23.453     33.253       -5.834     23.456     33.255     0.003954
   -34.044    -21.023    -11.283      -34.044    -21.024    -11.282     0.000319
    18.540     16.735     52.789       18.546     16.739     52.790     0.007425
    18.623     -1.116     59.770       18.625     -1.117     59.771     0.001713
    29.434     -9.244      0.434       29.435     -9.245      0.434     0.000397
   -34.716    -26.564    -18.960      -34.715    -26.562    -18.961     0.002512
    25.630     -2.593     23.132       25.627     -2.590     23.130     0.004705
    -7.653    -27.170    -33.367       -7.650    -27.173    -33.368     0.004953
   -37.917    -23.983    -31.673      -37.920    -23.986    -31.674     0.003951
   -25.752    -20.117    -46.512      -25.752    -20.118    -46.514     0.002087
    27.028     20.158    -22.634       27.026     20.157    -22.633     0.002560
   -10.143    -29.322    -22.470      -10.140    -29.327    -22.468     0.006673
   -13.901      6.371    -11.724      -13.903      6.375    -11.723     0.004724
    -1.395      0.813    -25.884       -1.398      0.812    -25.882     0.003273
     6.021     -7.814     24.351        6.024     -7.824     24.353     0.010157
   -15.110     20.234     22.180      -15.109     20.234     22.181     0.001696
    38.354     11.045     -0.710       38.355     11.045     -0.710     0.001265
    23.937    -14.626    -16.078       23.938    -14.626    -16.078     0.000701
   -14.174    -31.578    -26.258      -14.175    -31.576    -26.258     0.002393
    17.153     22.963     22.855       17.154     22.967     22.855     0.004074
    12.304     -7.427    -21.746       12.304     -7.426    -21.745     0.001339
    12.305     16.518    -26.393       12.307     16.519    -26.393     0.002199
    26.819    -11.798     -7.067       26.818    -11.797     -7.067     0.001998
    29.483     20.945    -17.281       29.484     20.947    -17.282     0.002376
   -37.473    -12.271    -10.743      -37.471    -12.270    -10.745     0.002401
    23.835      7.136     42.199       23.833      7.136     42.199     0.002066
    31.108     19.913     -0.571       31.113     19.916     -0.571     0.006495
    18.552     23.382     17.830       18.550     23.378     17.829     0.004254
    19.694     26.480      0.132       19.695     26.484      0.132     0.003866
    11.141    -11.362      7.879       11.141    -11.363      7.879     0.001096
    -3.464     -4.245     48.698       -3.473     -4.255     48.699     0.013738
    15.403    -12.099    -18.592       15.403    -12.099    -18.592     0.000508
   -19.294     10.371    -19.600      -19.293     10.374    -19.597     0.003271
   -29.517    -14.664    -47.155      -29.517    -14.664    -47.154     0.000904
    12.277     23.202     26.469       12.277     23.197     26.468     0.004509
    25.401    -12.761     -5.031       25.404    -12.766     -5.030     0.005956
    -0.656     17.472     52.724       -0.656     17.472     52.724     0.000630
    11.741     14.290    -11.439       11.741     14.290    -11.439     0.000609
    -9.951      7.055     -4.931       -9.952      7.058     -4.931     0.003358
    19.146     -8.888      8.290       19.146     -8.888      8.290     0.000318
   -12.434      4.805      8.381      -12.427      4.801      8.381     0.008130
    37.366      8.876    -11.308       37.366      8.876    -11.308     0.000043
   -18.286    -30.404    -16.657      -18.286    -30.405    -16.656     0.001613
   -11.604     -1.858     12.293      -11.599     -1.857     12.290     0.005870
    37.671      7.171    -11.685       37.672      7.172    -11.685     0.000420
    22.124     13.966    -30.054       22.124     13.966    -30.055     0.000676
    -2.595    -22.325    -18.157       -2.591    -22.329    -18.156     0.005631
   -22.756     11.645    -31.465      -22.756     11.642    -31.464     0.003065
    15.219     14.409    -29.634       15.219     14.409    -29.634     0.000199
    28.438     22.146     -3.281       28.437     22.144     -3.281     0.001635
    25.560    -12.837     -5.746       25.560    -12.837     -5.746     0.000301
    20.569    -14.853     -3.926       20.569    -14.853     -3.926     0.000029
    -9.733    -23.708    -40.960       -9.732    -23.709    -40.961     0.001824
    -7.122      1.830     33.578       -7.118      1.830     33.578     0.003735
   -34.063    -24.765    -15.213      -34.062    -24.764    -15.214     0.001744
    35.859     14.867      2.501       35.858     14.867      2.501     0.000889
    33.941     16.001      7.250       33.940     16.000      7.250     0.001594
    19.643      0.224     58.896       19.641      0.225     58.896     0.001918
   -38.407    -16.747    -13.197      -38.405    -16.746    -13.198     0.001890
   -22.260    -12.701    -47.989      -22.260    -12.698    -47.988     0.002735
   -17.793      4.318    -42.851      -17.792      4.316    -42.849     0.002588
    -0.662     -4.768     63.462       -0.662     -4.768     63.460     0.002758
     2.652     -7.548     30.280        2.653     -7.561     30.280     0.013580
    12.697    -16.897     -8.836       12.698    -16.895     -8.835     0.002916
    -6.706      5.066    -29.305       -6.703      5.069    -29.306     0.004565
    21.241     20.767     24.636       21.242     20.770     24.637     0.002574
   -24.678     11.420    -22.317      -24.676     11.415    -22.317     0.005645
     9.862     -5.353     63.383        9.862     -5.353     63.383     0.000213
   -15.368     10.664    -32.196      -15.368     10.664    -32.196     0.000159
     8.439     12.211    -10.200        8.438     12.213    -10.202     0.003131
   -31.306      6.941    -35.570      -31.307      6.944    -35.571     0.002778
    -9.844      8.242      6.022       -9.850      8.247      6.020     0.007545
    -9.258      5.368     26.549       -9.256      5.368     26.549     0.001237
    -2.150     -1.872     63.432       -2.150     -1.872     63.431     0.001411
   -39.868    -16.243    -33.183      -39.868    -16.243    -33.182     0.000907
    -9.497     25.041     25.529       -9.498     25.047     25.529     0.005555
     5.395    -12.984    -22.354        5.397    -12.985    -22.356     0.003155
   -34.877    -27.115    -32.063      -34.880    -27.119    -32.064     0.005138
   -19.211    -19.032    -47.289      -19.211    -19.032    -47.290     0.001299
    22.063    -13.251    -20.400       22.064    -13.254    -20.402     0.004061
    21.131     25.457    -12.566       21.133     25.463    -12.566     0.006474
   -12.297      5.389      5.057      -12.306      5.395      5.058     0.010865
    16.236     24.253    -25.670       16.237     24.247    -25.669     0.005859
    22.690     25.004    -11.404       22.690     25.005    -11.404     0.000799
    10.461     -6.491     44.832       10.461     -6.491     44.832     0.000585
    13.161     -9.455     11.694       13.160     -9.454     11.694     0.000531
    39.572      2.656      0.802       39.578      2.654      0.802     0.006442
    12.942     -7.818     16.712       12.939     -7.808     16.709     0.010775
   -38.955    -12.232    -40.584      -38.954    -12.232    -40.583     0.000927
    38.687      1.355      7.076       38.684      1.356      7.075     0.002508
