200 PA4-B-Debug-Output.txt
   -30.577    -10.774    -47.176      -30.576    -10.774    -47.175     0.001820
     3.233      8.754     63.391        3.233      8.754     63.390     0.001015
   -40.630     -7.240    -14.850      -40.632     -7.239    -14.848     0.002340
   -10.867      8.413    -32.689      -10.868      8.410    -32.689     0.003152
    38.588     10.674      0.938       38.590     10.675      0.938     0.002501
   -25.076    -13.282     -6.088      -25.076    -13.283     -6.087     0.000868
   -15.329    -27.815    -39.423      -15.329    -27.815    -39.423     0.000236
   -18.813     -8.377     -2.709      -18.813     -8.377     -2.709     0.000293
    38.450      0.426    -12.182       38.454      0.425    -12.184     0.004744
    -5.474     13.852      7.971       -5.475     13.853      7.969     0.002323
    31.260     16.794    -20.499       31.259     16.793    -20.498     0.002227
    15.641      0.725    -21.622       15.640      0.725    -21.623     0.000925
   -15.419    -13.827     -3.807      -15.420    -13.828     -3.806     0.001440
    34.213      7.600    -21.859       34.211      7.600    -21.858     0.001924
    -2.209    -10.106     16.557       -2.209    -10.105     16.557     0.000471
    -6.267      7.634     62.117       -6.267      7.634     62.117     0.000135
   -32.129     -7.709     -8.012      -32.128     -7.709     -8.014     0.002338
    -2.270     12.025     -1.787       -2.269     12.023     -1.786     0.002350
   -28.886     -2.517    -45.939      -28.887     -2.516    -45.940     0.001279
    18.219    -10.655      5.248       18.220    -10.658      5.249     0.003298
    17.761     18.366     47.838       17.760     18.365     47.838     0.000673
    17.883     27.064     -2.089       17.883     27.064     -2.089     0.000032
   -25.920    -31.408    -19.988      -25.920    -31.406    -19.988     0.001803
     3.735    -13.194      1.248        3.735    -13.197      1.248     0.003228
   -30.547      6.166    -38.039      -30.548      6.167    -38.040     0.001151
    -5.003     -8.956    -42.279       -5.002     -8.956    -42.279     0.000204
   -12.656    -28.096    -37.719      -12.655    -28.098    -37.720     0.002765
    18.813     21.904     26.231       18.812     21.903     26.231     0.001392
    15.121      3.806     63.038       15.121      3.806     63.039     0.000600
    -7.420    -22.029    -11.910       -7.421    -22.026    -11.912     0.004161
     0.996     23.774     25.472        0.996     23.771     25.471     0.003807
   -34.130    -13.269    -45.880      -34.129    -13.269    -45.879     0.001389
    36.901     13.447      3.728       36.897     13.445      3.728     0.004434
   -29.559     -5.719     -8.622      -29.559     -5.720     -8.624     0.001902
   -25.989     11.056    -29.982      -25.988     11.053    -29.981     0.003652
     7.447    -14.906     -1.579        7.447    -14.908     -1.579     0.001298
    20.122     17.053    -30.369       20.123     17.053    -30.370     0.001401
   -21.719    -10.730     -4.230      -21.717    -10.729     -4.232     0.002747
   -22.259    -12.164     -4.822      -22.259    -12.164     -4.822     0.000004
   -21.556      6.188    -14.952      -21.556      6.187    -14.953     0.000943
    19.003      0.165    -23.509       19.003      0.165    -23.509     0.000808
     6.016     19.972     -3.419        6.014     19.973     -3.420     0.002059
   -16.031    -17.525    -47.173      -16.031    -17.525    -47.173     0.000566
   -25.494      4.149    -42.579      -25.494      4.149    -42.579     0.000340
   -18.863    -29.445    -38.237      -18.862    -29.447    -38.239     0.002654
     1.342     22.846     30.441        1.342     22.847     30.442     0.001698
   -10.490      9.731     31.778      -10.489      9.732     31.777     0.001303
   -40.803    -14.386    -30.589      -40.802    -14.386    -30.589     0.000802
    -6.633      3.934    -31.577       -6.637      3.933    -31.577     0.003538
    -5.335    -24.088    -35.093       -5.332    -24.090    -35.094     0.003370
    11.799     22.014     39.713       11.799     22.014     39.713     0.000079
    28.842     -7.917      6.221       28.842     -7.918      6.221     0.000656
   -12.287    -25.447    -41.004      -12.286    -25.448    -41.006     0.002407
   -36.393      5.303    -22.149      -36.393      5.303    -22.149     0.000655
    17.703     -2.090     60.804       17.702     -2.090     60.804     0.000651
    21.452    -14.647     -4.449       21.454    -14.649     -4.448     0.002827
    12.176     21.500    -15.177       12.174     21.500    -15.177     0.002017
   -18.713     -6.808    -48.430      -18.713     -6.808    -48.430     0.000483
    40.371      4.103     -2.599       40.370      4.103     -2.599     0.000552
     6.434     21.911     33.458        6.434     21.909     33.458     0.001650
     6.993    -10.179    -22.826        6.992    -10.178    -22.824     0.002558
    18.827    -13.890     -1.596       18.826    -13.888     -1.597     0.001487
    17.770     20.094    -29.549       17.769     20.093    -29.546     0.002661
    12.612     14.969    -12.796       12.613     14.969    -12.796     0.000881
    -8.198    -20.649     -9.820       -8.199    -20.649     -9.821     0.001482
    15.001    -17.575     -8.423       15.001    -17.572     -8.422     0.002801
    35.513     -3.637      1.881       35.511     -3.636      1.881     0.002689
    29.373     19.224    -21.089       29.373     19.224    -21.088     0.000488
    25.489    -11.365    -21.272       25.490    -11.367    -21.274     0.003016
    -2.083      1.385    -26.469       -2.084      1.384    -26.468     0.001335
   -11.958    -25.829    -40.390      -11.959    -25.827    -40.388     0.002790
    11.689     25.969     11.003       11.689     25.971     11.003     0.001725
    24.216     16.300    -28.099       24.216     16.300    -28.098     0.000967
    21.300      0.788     49.061       21.298      0.788     49.061     0.001700
    -1.973    -11.138      9.390       -1.973    -11.134      9.390     0.003952
    18.370     26.293     -7.449       18.370     26.293     -7.449     0.000077
     6.343     -6.987     48.011        6.343     -6.987     48.011     0.000510
     2.442      3.851     63.561        2.442      3.852     63.563     0.002131
   -28.531      7.050    -38.033      -28.530      7.049    -38.032     0.001669
    -6.030     14.194      9.138       -6.031     14.195      9.137     0.001608
    34.490     15.194      7.583       34.489     15.193      7.582     0.001886
    -6.488     24.592     22.371       -6.488     24.596     22.370     0.004414
   -13.053    -30.808    -30.900      -13.054    -30.804    -30.899     0.004586
   -42.389     -8.546    -17.893      -42.386     -8.547    -17.894     0.003530
     2.852      6.130    -18.306        2.852      6.131    -18.307     0.000955
   -25.818    -26.268    -41.464      -25.818    -26.267    -41.464     0.001529
    13.134    -16.236     -1.889       13.134    -16.238     -1.888     0.002362
    -9.580      4.014     23.837       -9.578      4.014     23.837     0.001508
    15.525    -10.673      7.088       15.525    -10.678      7.091     0.006084
    -1.318     19.732     41.861       -1.319     19.736     41.862     0.004424
    -0.423    -21.124    -22.926       -0.425    -21.122    -22.926     0.002740
   -27.294    -27.088    -12.028      -27.294    -27.085    -12.030     0.003334
    18.507    -17.051     -6.169       18.507    -17.051     -6.169     0.000063
    -7.114      5.563     40.161       -7.115      5.563     40.161     0.000855
    25.066     11.730     31.684       25.069     11.731     31.685     0.002689
    12.417    -16.792     -8.951       12.417    -16.791     -8.951     0.001267
    -6.639    -14.806    -43.089       -6.639    -14.806    -43.090     0.000789
    19.496     -2.012     46.974       19.492     -2.007     46.972     0.006408
    18.913    -16.800     -5.669       18.914    -16.801     -5.669     0.001071
    33.760     11.123    -21.399       33.759     11.123    -21.398     0.001982
    10.590     22.648     29.751       10.590     22.650     29.751     0.002118
     3.796    -15.698     -5.578        3.796    -15.693     -5.579     0.005103
    10.186     -7.698     19.681       10.186     -7.695     19.680     0.002939
   -16.383      2.519    -44.429      -16.383      2.520    -44.430     0.001046
    25.502     22.053     11.441       25.503     22.054     11.442     0.001987
   -41.418    -19.554    -23.953      -41.419    -19.555    -23.952     0.000670
    29.272     21.200      6.541       29.272     21.199      6.541     0.000190
   -13.950     12.570     19.761      -13.948     12.573     19.762     0.003853
   -30.413      6.930    -36.786      -30.415      6.932    -36.787     0.003355
    27.252     22.823      4.081       27.252     22.824      4.081     0.001457
   -34.497    -17.380     -9.392      -34.496    -17.379     -9.392     0.001562
     8.348     25.335     12.688        8.348     25.332     12.688     0.002847
    15.614     23.094     23.878       15.614     23.097     23.878     0.002731
     8.894     24.244     19.688        8.894     24.246     19.688     0.001421
    -2.935     -8.574    -39.772       -2.935     -8.574    -39.772     0.000029
    -1.457     17.051     49.618       -1.455     17.049     49.618     0.002197
     0.744     11.882     -5.942        0.745     11.879     -5.941     0.003245
    -6.097      0.390     48.484       -6.098      0.389     48.484     0.000950
    33.061     12.469    -21.979       33.063     12.469    -21.980     0.001651
     9.717     -6.807     28.591        9.717     -6.806     28.591     0.000708
     4.013     23.633     23.161        4.013     23.632     23.161     0.000575
    11.210     -1.828     63.201       11.210     -1.828     63.202     0.001360
    25.651     -7.767      7.691       25.651     -7.766      7.691     0.001000
     0.863     23.962     22.793        0.863     23.964     22.793     0.001202
    14.401     22.566     32.258       14.401     22.565     32.258     0.001493
   -19.009    -20.597    -46.739      -19.009    -20.597    -46.738     0.001163
    10.640     23.284     25.378       10.640     23.286     25.378     0.001606
    38.311     11.062      2.348       38.311     11.062      2.348     0.000421
   -39.699    -10.622    -38.883      -39.697    -10.622    -38.882     0.002078
    31.566     18.966      7.461       31.567     18.967      7.461     0.001065
    27.323    -12.407    -17.319       27.321    -12.404    -17.319     0.004062
    21.266     -3.618     31.552       21.264     -3.615     31.552     0.003596
    21.024      4.091     58.638       21.027      4.091     58.638     0.003305
    33.502     13.803    -18.669       33.503     13.803    -18.669     0.000362
    -8.227    -13.288     -0.580       -8.227    -13.284     -0.582     0.004376
    34.151     -4.987      1.016       34.150     -4.986      1.016     0.001531
    33.024     15.502      9.818       33.025     15.502      9.818     0.000995
    20.936     13.093     53.121       20.935     13.093     53.121     0.001022
    30.606      3.943     18.363       30.605      3.943     18.362     0.000670
    27.363      1.619     25.151       27.362      1.620     25.151     0.001255
    17.276     24.869    -23.489       17.276     24.869    -23.489     0.000081
     3.614     -6.939     45.968        3.614     -6.941     45.968     0.002604
     0.147     17.887     53.648        0.147     17.887     53.648     0.000339
    22.009      8.745     53.958       22.014      8.745     53.958     0.004530
     2.441     22.186     32.508        2.441     22.185     32.508     0.000977
    -2.126     -2.166    -28.853       -2.123     -2.164    -28.854     0.003421
     6.366     14.864     63.149        6.366     14.864     63.149     0.000255
     3.434     -7.369     61.298        3.434     -7.370     61.298     0.001003
    -4.583     21.754     15.266       -4.582     21.753     15.267     0.001452
    -6.084    -18.117    -41.758       -6.086    -18.117    -41.756     0.002131
    18.363     -5.686     26.071       18.363     -5.685     26.071     0.001829
   -32.473     -0.087    -42.699      -32.472     -0.087    -42.698     0.001344
    11.505     19.616    -22.582       11.508     19.615    -22.582     0.003787
    -0.197     -7.247     33.931       -0.197     -7.248     33.931     0.001181
   -10.198     24.847     25.269      -10.198     24.849     25.269     0.001362
   -10.498     -7.502      7.310      -10.497     -7.501      7.310     0.002640
   -14.624    -16.520     -5.507      -14.624    -16.521     -5.506     0.001510
    29.587     16.364     13.981       29.588     16.365     13.982     0.001375
    -2.594     15.097     60.689       -2.595     15.098     60.689     0.001816
     4.159     18.273     62.357        4.158     18.273     62.358     0.000792
     6.804     22.087     32.658        6.805     22.081     32.657     0.006205
    -4.095     -6.067     31.773       -4.096     -6.069     31.773     0.002700
    23.335     23.167     11.168       23.333     23.163     11.167     0.004550
   -12.103     22.783     20.098      -12.104     22.784     20.096     0.001810
   -41.617     -7.308    -16.810      -41.619     -7.308    -16.809     0.002035
    -9.696     23.384     19.688       -9.696     23.384     19.687     0.000571
    -1.793     -5.870     42.944       -1.793     -5.869     42.944     0.001925
     8.735    -14.654    -17.252        8.737    -14.657    -17.254     0.003609
   -36.019    -10.612    -44.450      -36.019    -10.612    -44.449     0.000259
   -42.716    -16.647    -24.839      -42.719    -16.649    -24.839     0.003068
   -26.473    -13.851     -6.279      -26.473    -13.852     -6.279     0.000314
    28.090     15.219     17.488       28.090     15.219     17.488     0.000513
   -28.883    -18.431    -46.290      -28.882    -18.431    -46.288     0.001768
    -4.848     -3.008     43.411       -4.845     -3.007     43.410     0.003361
   -43.003    -16.379    -26.700      -43.000    -16.377    -26.700     0.003717
   -28.955    -16.304    -47.122      -28.955    -16.304    -47.123     0.000763
    38.502      6.753      7.531       38.503      6.753      7.531     0.000892
    30.650     17.143    -21.349       30.649     17.142    -21.348     0.001791
     0.423     21.674     35.461        0.423     21.671     35.461     0.003706
   -14.851    -31.790    -26.463      -14.851    -31.791    -26.463     0.001460
   -38.756    -22.707    -19.899      -38.758    -22.709    -19.899     0.002707
   -16.543     -7.296    -48.079      -16.543     -7.297    -48.077     0.001834
    19.941      2.622    -25.262       19.940      2.622    -25.263     0.000543
    20.887     -6.036     19.053       20.886     -6.035     19.053     0.000864
    18.381     -7.024     16.098       18.382     -7.028     16.099     0.004433
     2.984     11.308     63.288        2.984     11.308     63.289     0.000843
    12.283      0.790    -20.789       12.283      0.789    -20.789     0.000420
    -3.898     22.791     33.814       -3.898     22.790     33.814     0.000629
    13.523     -5.758     53.739       13.523     -5.758     53.739     0.000462
   -12.114      9.905     18.683      -12.119      9.904     18.683     0.005526
     1.265     -6.755     44.938        1.265     -6.759     44.938     0.004018
    21.673      8.124     57.348       21.676      8.124     57.348     0.002273
    13.941     -5.514     53.568       13.943     -5.518     53.568     0.004000
   -19.093     -8.097     -2.819      -19.092     -8.097     -2.820     0.000712
   -29.562    -21.717     -8.469      -29.562    -21.717     -8.470     0.000318
    -3.622     -9.760     14.677       -3.622     -9.759     14.677     0.000504
     5.517    -16.746    -13.569        5.518    -16.748    -13.569     0.001586
    -6.987     -7.677     15.561       -6.987     -7.677     15.561     0.000135
    -6.516    -26.847    -31.019       -6.516    -26.847    -31.019     0.000327
   -26.143     -3.701    -47.249      -26.143     -3.702    -47.248     0.001369
