27, 125, pa2-unknown-g-output1.txt
205.95, 205.79, 195.29
398.84, 408.57, 207.12
98.82, 100.24, 99.46
102.35, 97.23, 224.37
105.87, 94.23, 349.29
95.71, 225.16, 102.55
99.23, 222.16, 227.47
102.76, 219.15, 352.38
92.60, 350.08, 105.64
96.12, 347.08, 230.56
99.65, 344.07, 355.47
223.73, 103.43, 96.01
227.26, 100.43, 220.92
230.78, 97.43, 345.84
220.62, 228.36, 99.10
224.15, 225.35, 224.02
227.67, 222.35, 348.93
217.51, 353.28, 102.19
221.03, 350.28, 227.11
224.56, 347.27, 352.02
348.64, 106.63, 92.56
352.17, 103.63, 217.48
355.70, 100.62, 342.39
345.53, 231.56, 95.65
349.06, 228.55, 220.57
352.58, 225.55, 345.48
342.42, 356.48, 98.75
345.94, 353.47, 223.66
349.47, 350.47, 348.57
101.11, 99.43, 226.04
99.14, 98.27, 351.02
97.17, 97.10, 475.99
104.61, 224.38, 227.26
102.64, 223.21, 352.24
100.67, 222.05, 477.21
108.11, 349.32, 228.48
106.14, 348.16, 353.46
104.17, 346.99, 478.44
226.05, 95.92, 227.97
224.08, 94.75, 352.95
222.11, 93.59, 477.93
229.55, 220.86, 229.19
227.58, 219.70, 354.17
225.61, 218.53, 479.15
233.05, 345.81, 230.41
231.08, 344.64, 355.39
229.11, 343.48, 480.37
350.98, 92.40, 229.91
349.01, 91.23, 354.89
347.04, 90.07, 479.87
354.48, 217.34, 231.13
352.51, 216.18, 356.11
350.54, 215.01, 481.09
357.98, 342.29, 232.35
356.01, 341.12, 357.33
354.04, 339.96, 482.31
101.24, 101.03, 349.63
102.37, 102.83, 474.61
103.51, 104.64, 599.59
100.97, 226.01, 347.82
102.11, 227.82, 472.80
103.24, 229.63, 597.78
100.70, 351.00, 346.01
101.84, 352.81, 470.99
102.98, 354.62, 595.98
226.23, 101.28, 348.48
227.37, 103.09, 473.47
228.51, 104.89, 598.45
225.96, 226.26, 346.68
227.10, 228.07, 471.66
228.24, 229.88, 596.64
225.70, 351.25, 344.87
226.83, 353.06, 469.85
227.97, 354.87, 594.83
351.23, 101.53, 347.34
352.36, 103.34, 472.32
353.50, 105.15, 597.31
350.96, 226.52, 345.54
352.10, 228.32, 470.52
353.23, 230.13, 595.50
350.69, 351.50, 343.73
351.83, 353.31, 468.71
352.96, 355.12, 593.69
101.31, 98.93, 474.38
97.61, 96.74, 599.31
93.90, 94.54, 724.24
104.19, 223.87, 476.66
100.48, 221.68, 601.59
96.78, 219.49, 726.51
107.07, 348.82, 478.94
103.36, 346.63, 603.86
99.65, 344.44, 728.79
226.22, 95.98, 478.04
222.52, 93.79, 602.96
218.81, 91.60, 727.89
229.10, 220.93, 480.32
225.39, 218.74, 605.24
221.69, 216.55, 730.17
231.98, 345.88, 482.59
228.27, 343.69, 607.52
224.57, 341.49, 732.44
351.14, 93.04, 481.69
347.43, 90.85, 606.62
343.72, 88.66, 731.54
354.01, 217.99, 483.97
350.31, 215.80, 608.90
346.60, 213.60, 733.82
356.89, 342.93, 486.25
353.18, 340.74, 611.17
349.48, 338.55, 736.10
99.82, 100.66, 599.72
100.72, 102.02, 724.71
101.62, 103.37, 849.70
96.91, 225.62, 598.39
97.81, 226.98, 723.38
98.71, 228.33, 848.37
94.01, 350.58, 597.05
94.91, 351.94, 722.04
95.81, 353.29, 847.03
224.78, 103.56, 598.79
225.68, 104.91, 723.78
226.58, 106.27, 848.77
221.88, 228.52, 597.45
222.78, 229.87, 722.44
223.68, 231.23, 847.43
218.97, 353.47, 596.12
219.87, 354.83, 721.11
220.77, 356.18, 846.10
349.74, 106.45, 597.86
350.64, 107.81, 722.85
351.54, 109.16, 847.83
346.84, 231.41, 596.52
347.74, 232.77, 721.51
348.64, 234.12, 846.50
343.93, 356.37, 595.19
344.83, 357.72, 720.18
345.74, 359.08, 845.17
98.76, 225.01, 98.82
97.19, 223.65, 223.80
95.62, 222.29, 348.78
98.53, 350.01, 100.18
96.96, 348.65, 225.16
95.39, 347.29, 350.14
98.29, 475.00, 101.53
96.72, 473.64, 226.51
95.15, 472.28, 351.50
223.75, 225.23, 100.39
222.18, 223.87, 225.37
220.61, 222.51, 350.36
223.52, 350.22, 101.75
221.95, 348.86, 226.73
220.38, 347.51, 351.71
223.28, 475.22, 103.10
221.71, 473.86, 228.09
220.14, 472.50, 353.07
348.74, 225.45, 101.96
347.17, 224.09, 226.95
345.60, 222.73, 351.93
348.51, 350.44, 103.32
346.94, 349.08, 228.30
345.37, 347.72, 353.28
348.27, 475.43, 104.68
346.70, 474.08, 229.66
345.13, 472.72, 354.64
99.50, 225.18, 224.33
99.21, 228.15, 349.30
98.91, 231.13, 474.26
98.69, 350.14, 221.36
98.39, 353.11, 346.32
98.10, 356.09, 471.28
97.88, 475.10, 218.38
97.58, 478.08, 343.34
97.29, 481.05, 468.31
224.50, 226.00, 224.61
224.20, 228.97, 349.57
223.91, 231.95, 474.54
223.69, 350.96, 221.63
223.39, 353.93, 346.60
223.10, 356.91, 471.56
222.88, 475.92, 218.66
222.58, 478.90, 343.62
222.28, 481.87, 468.59
349.50, 226.82, 224.89
349.20, 229.79, 349.85
348.90, 232.77, 474.82
348.69, 351.78, 221.91
348.39, 354.75, 346.87
348.09, 357.73, 471.84
347.87, 476.74, 218.93
347.58, 479.72, 343.90
347.28, 482.69, 468.86
99.49, 224.68, 348.86
97.79, 227.42, 473.82
96.10, 230.17, 598.78
97.56, 349.64, 346.09
95.86, 352.38, 471.05
94.17, 355.12, 596.01
95.63, 474.59, 343.32
93.93, 477.33, 468.28
92.24, 480.08, 593.24
224.46, 226.65, 350.51
222.77, 229.39, 475.47
221.07, 232.13, 600.43
222.53, 351.60, 347.74
220.84, 354.35, 472.70
219.14, 357.09, 597.66
220.60, 476.56, 344.97
218.91, 479.30, 469.93
217.21, 482.04, 594.89
349.43, 228.61, 352.16
347.74, 231.36, 477.12
346.05, 234.10, 602.08
347.50, 353.57, 349.39
345.81, 356.31, 474.35
344.12, 359.05, 599.31
345.57, 478.52, 346.62
343.88, 481.27, 471.58
342.19, 484.01, 596.54
101.44, 224.03, 474.08
102.26, 221.06, 599.04
103.07, 218.08, 724.00
105.14, 348.94, 477.03
105.95, 345.97, 601.99
106.76, 342.99, 726.95
108.83, 473.85, 479.98
109.64, 470.88, 604.94
110.46, 467.90, 729.90
226.39, 220.36, 473.18
227.20, 217.38, 598.14
228.01, 214.41, 723.10
230.08, 345.27, 476.13
230.89, 342.29, 601.09
231.71, 339.32, 726.05
233.77, 470.18, 479.08
234.59, 467.20, 604.04
235.40, 464.23, 729.00
351.33, 216.69, 472.28
352.14, 213.71, 597.24
352.96, 210.73, 722.20
355.02, 341.60, 475.23
355.84, 338.62, 600.19
356.65, 335.64, 725.15
358.71, 466.51, 478.18
359.53, 463.53, 603.14
360.34, 460.56, 728.10
99.69, 223.64, 599.95
102.14, 221.81, 724.91
104.59, 219.97, 849.87
96.28, 348.58, 601.85
98.73, 346.75, 726.81
101.18, 344.91, 851.77
92.88, 473.52, 603.75
95.33, 471.69, 728.71
97.77, 469.85, 853.67
224.62, 227.09, 597.55
227.07, 225.25, 722.51
229.52, 223.42, 847.48
221.21, 352.02, 599.45
223.66, 350.19, 724.41
226.11, 348.36, 849.38
217.81, 476.96, 601.35
220.26, 475.13, 726.31
222.70, 473.30, 851.28
349.55, 230.53, 595.15
352.00, 228.69, 720.12
354.45, 226.86, 845.08
346.14, 355.47, 597.05
348.59, 353.63, 722.02
351.04, 351.80, 846.98
342.74, 480.41, 598.95
345.18, 478.57, 723.92
347.63, 476.74, 848.88
99.97, 348.53, 100.15
98.98, 352.11, 225.09
98.00, 355.68, 350.04
102.60, 473.46, 96.60
101.62, 477.03, 221.54
100.63, 480.60, 346.49
105.24, 598.38, 93.05
104.26, 601.95, 217.99
103.27, 605.52, 342.94
224.93, 345.93, 101.21
223.95, 349.50, 226.15
222.96, 353.07, 351.10
227.57, 470.85, 97.66
226.59, 474.42, 222.60
225.60, 477.99, 347.55
230.21, 595.77, 94.11
229.22, 599.34, 219.05
228.24, 602.91, 344.00
349.90, 343.32, 102.27
348.92, 346.89, 227.21
347.93, 350.46, 352.16
352.54, 468.24, 98.72
351.55, 471.81, 223.66
350.57, 475.38, 348.61
355.18, 593.16, 95.17
354.19, 596.73, 220.11
353.21, 600.30, 345.06
98.34, 351.33, 225.04
95.64, 347.63, 349.96
92.93, 343.94, 474.88
96.86, 476.26, 228.71
94.16, 472.57, 353.62
91.45, 468.88, 478.54
95.38, 601.20, 232.37
92.67, 597.51, 357.28
89.97, 593.82, 482.20
223.31, 352.73, 227.79
220.60, 349.04, 352.71
217.90, 345.34, 477.62
221.82, 477.67, 231.45
219.12, 473.97, 356.37
216.41, 470.28, 481.29
220.34, 602.60, 235.12
217.63, 598.91, 360.03
214.93, 595.22, 484.95
348.27, 354.13, 230.54
345.56, 350.44, 355.46
342.86, 346.75, 480.37
346.78, 479.07, 234.20
344.08, 475.38, 359.12
341.37, 471.68, 484.03
345.30, 604.01, 237.86
342.60, 600.31, 362.78
339.89, 596.62, 487.70
100.47, 350.83, 351.33
100.95, 349.55, 476.33
101.42, 348.27, 601.32
97.07, 475.78, 352.63
97.55, 474.50, 477.62
98.03, 473.22, 602.61
93.68, 600.72, 353.92
94.16, 599.44, 478.91
94.64, 598.16, 603.90
225.42, 354.23, 350.89
225.90, 352.95, 475.88
226.38, 351.67, 600.88
222.03, 479.17, 352.18
222.50, 477.89, 477.18
222.98, 476.61, 602.17
218.63, 604.12, 353.48
219.11, 602.84, 478.47
219.59, 601.56, 603.46
350.37, 357.63, 350.45
350.85, 356.35, 475.44
351.33, 355.07, 600.43
346.98, 482.57, 351.74
347.46, 481.29, 476.73
347.94, 480.01, 601.73
343.59, 607.52, 353.03
344.06, 606.24, 478.03
344.54, 604.96, 603.02
101.52, 348.98, 475.62
104.70, 350.85, 600.57
107.88, 352.71, 725.52
103.85, 473.94, 473.70
107.03, 475.81, 598.64
110.21, 477.68, 723.59
106.18, 598.91, 471.77
109.36, 600.77, 596.72
112.54, 602.64, 721.66
226.46, 346.60, 472.48
229.64, 348.47, 597.43
232.82, 350.33, 722.37
228.79, 471.57, 470.56
231.97, 473.43, 595.50
235.15, 475.30, 720.45
231.12, 596.53, 468.63
234.30, 598.40, 593.58
237.48, 600.26, 718.52
351.40, 344.23, 469.34
354.58, 346.09, 594.29
357.76, 347.96, 719.23
353.73, 469.19, 467.42
356.91, 471.05, 592.36
360.09, 472.92, 717.31
356.06, 594.15, 465.49
359.24, 596.02, 590.44
362.41, 597.88, 715.38
99.20, 350.54, 600.87
98.89, 350.92, 725.87
98.57, 351.29, 850.87
97.71, 475.54, 600.50
97.40, 475.91, 725.50
97.08, 476.28, 850.49
96.22, 600.53, 600.12
95.91, 600.90, 725.12
95.59, 601.27, 850.12
224.19, 352.03, 601.18
223.88, 352.41, 726.18
223.56, 352.78, 851.18
222.70, 477.02, 600.81
222.39, 477.40, 725.80
222.07, 477.77, 850.80
221.21, 602.02, 600.43
220.90, 602.39, 725.43
220.59, 602.76, 850.43
349.18, 353.52, 601.49
348.87, 353.90, 726.49
348.55, 354.27, 851.49
347.69, 478.51, 601.11
347.38, 478.89, 726.11
347.07, 479.26, 851.11
346.20, 603.50, 600.74
345.89, 603.88, 725.74
345.58, 604.25, 850.74
100.97, 473.85, 98.19
103.30, 473.90, 223.17
105.63, 473.94, 348.15
102.92, 598.84, 98.11
105.25, 598.88, 223.09
107.58, 598.93, 348.07
104.87, 723.82, 98.03
107.20, 723.87, 223.01
109.53, 723.91, 347.98
225.93, 471.90, 95.86
228.26, 471.95, 220.84
230.60, 471.99, 345.81
227.88, 596.89, 95.78
230.22, 596.93, 220.76
232.55, 596.97, 345.73
229.83, 721.87, 95.70
232.17, 721.92, 220.68
234.50, 721.96, 345.65
350.90, 469.95, 93.53
353.23, 469.99, 218.51
355.56, 470.04, 343.48
352.85, 594.93, 93.45
355.18, 594.98, 218.43
357.51, 595.02, 343.40
354.80, 719.92, 93.37
357.13, 719.96, 218.34
359.46, 720.01, 343.32
98.13, 476.44, 224.39
94.45, 480.22, 349.28
90.77, 484.01, 474.16
101.62, 601.34, 220.70
97.94, 605.12, 345.59
94.26, 608.91, 470.48
105.10, 726.23, 217.02
101.42, 730.02, 341.91
97.74, 733.81, 466.80
223.03, 473.07, 228.17
219.35, 476.85, 353.06
215.67, 480.64, 477.95
226.51, 597.96, 224.49
222.83, 601.75, 349.37
219.15, 605.54, 474.26
230.00, 722.86, 220.80
226.32, 726.65, 345.69
222.64, 730.43, 470.58
347.93, 469.69, 231.95
344.25, 473.48, 356.84
340.57, 477.27, 481.73
351.41, 594.59, 228.27
347.73, 598.38, 353.16
344.05, 602.16, 478.05
354.90, 719.49, 224.58
351.22, 723.27, 349.47
347.54, 727.06, 474.36
99.78, 474.35, 349.24
103.00, 477.33, 474.16
106.22, 480.31, 599.08
97.86, 599.30, 346.30
101.08, 602.28, 471.22
104.31, 605.26, 596.15
95.94, 724.25, 343.37
99.17, 727.23, 468.29
102.39, 730.21, 593.21
224.72, 476.18, 345.97
227.94, 479.17, 470.89
231.17, 482.15, 595.81
222.80, 601.14, 343.03
226.03, 604.12, 467.96
229.25, 607.10, 592.88
220.89, 726.09, 340.10
224.11, 729.07, 465.02
227.34, 732.05, 589.95
349.66, 478.02, 342.70
352.89, 481.01, 467.62
356.11, 483.99, 592.54
347.75, 602.97, 339.77
350.97, 605.96, 464.69
354.20, 608.94, 589.61
345.83, 727.93, 336.83
349.06, 730.91, 461.75
352.28, 733.89, 586.68
100.21, 473.49, 474.70
99.66, 472.47, 599.70
99.11, 471.45, 724.69
97.62, 598.46, 475.71
97.07, 597.44, 600.71
96.52, 596.41, 725.70
95.02, 723.43, 476.72
94.48, 722.41, 601.72
93.93, 721.38, 726.71
225.18, 476.08, 475.27
224.63, 475.05, 600.27
224.08, 474.03, 725.26
222.59, 601.05, 476.28
222.04, 600.02, 601.28
221.49, 599.00, 726.27
220.00, 726.01, 477.29
219.45, 724.99, 602.29
218.90, 723.97, 727.28
350.15, 478.66, 475.84
349.60, 477.64, 600.83
349.06, 476.62, 725.83
347.56, 603.63, 476.85
347.01, 602.61, 601.84
346.46, 601.59, 726.84
344.97, 728.60, 477.86
344.42, 727.58, 602.85
343.87, 726.56, 727.85
99.27, 476.01, 598.57
95.87, 478.97, 723.49
92.47, 481.93, 848.41
98.92, 600.97, 595.60
95.52, 603.93, 720.52
92.12, 606.89, 845.44
98.56, 725.94, 592.63
95.17, 728.90, 717.55
91.77, 731.86, 842.46
224.22, 476.44, 601.96
220.82, 479.40, 726.88
217.43, 482.36, 851.80
223.87, 601.40, 598.99
220.47, 604.36, 723.91
217.07, 607.33, 848.82
223.52, 726.37, 596.02
220.12, 729.33, 720.93
216.72, 732.29, 845.85
349.17, 476.87, 605.35
345.78, 479.83, 730.27
342.38, 482.79, 855.18
348.82, 601.84, 602.38
345.43, 604.80, 727.29
342.03, 607.76, 852.21
348.47, 726.80, 599.40
345.07, 729.76, 724.32
341.68, 732.72, 849.24
98.12, 601.05, 100.02
97.47, 597.44, 224.97
96.82, 593.82, 349.91
97.88, 726.00, 103.63
97.23, 722.38, 228.58
96.58, 718.77, 353.53
97.65, 850.95, 107.25
97.00, 847.33, 232.20
96.35, 843.72, 357.14
223.12, 601.27, 100.68
222.47, 597.66, 225.62
221.82, 594.04, 350.57
222.88, 726.22, 104.29
222.23, 722.60, 229.24
221.58, 718.99, 354.18
222.65, 851.17, 107.91
222.00, 847.55, 232.85
221.35, 843.93, 357.80
348.12, 601.49, 101.33
347.47, 597.87, 226.28
346.82, 594.26, 351.23
347.88, 726.44, 104.95
347.23, 722.82, 229.89
346.58, 719.20, 354.84
347.64, 851.38, 108.56
346.99, 847.77, 233.51
346.34, 844.15, 358.45
99.34, 598.03, 226.35
100.21, 595.77, 351.33
101.07, 593.50, 476.30
101.77, 722.99, 228.60
102.63, 720.72, 353.58
103.49, 718.45, 478.55
104.19, 847.95, 230.85
105.05, 845.68, 355.83
105.91, 843.41, 480.81
224.32, 595.63, 225.44
225.18, 593.36, 350.42
226.04, 591.09, 475.40
226.74, 720.58, 227.70
227.60, 718.32, 352.67
228.46, 716.05, 477.65
229.16, 845.54, 229.95
230.03, 843.27, 354.92
230.89, 841.00, 479.90
349.29, 593.22, 224.54
350.15, 590.95, 349.52
351.01, 588.68, 474.49
351.71, 718.18, 226.79
352.58, 715.91, 351.77
353.44, 713.64, 476.74
354.14, 843.13, 229.04
355.00, 840.86, 354.02
355.86, 838.60, 478.99
101.12, 601.82, 351.75
98.66, 600.05, 476.71
96.19, 598.28, 601.68
101.68, 726.81, 353.53
99.21, 725.04, 478.50
96.75, 723.26, 603.46
102.23, 851.79, 355.32
99.77, 850.02, 480.28
97.30, 848.25, 605.24
226.10, 601.23, 354.21
223.63, 599.46, 479.17
221.17, 597.69, 604.13
226.65, 726.22, 355.99
224.19, 724.45, 480.95
221.72, 722.67, 605.92
227.21, 851.20, 357.77
224.74, 849.43, 482.74
222.28, 847.66, 607.70
351.07, 600.64, 356.66
348.61, 598.87, 481.63
346.14, 597.10, 606.59
351.63, 725.63, 358.45
349.16, 723.86, 483.41
346.70, 722.08, 608.37
352.18, 850.61, 360.23
349.72, 848.84, 485.19
347.25, 847.07, 610.16
100.84, 599.38, 476.67
101.20, 598.89, 601.67
101.55, 598.40, 726.67
97.56, 724.34, 477.18
97.92, 723.85, 602.17
98.28, 723.35, 727.17
94.29, 849.30, 477.68
94.65, 848.80, 602.68
95.01, 848.31, 727.68
225.79, 602.66, 476.33
226.15, 602.16, 601.33
226.51, 601.67, 726.33
222.52, 727.61, 476.83
222.88, 727.12, 601.83
223.24, 726.63, 726.83
219.25, 852.57, 477.33
219.61, 852.08, 602.33
219.96, 851.58, 727.33
350.75, 605.93, 475.98
351.11, 605.44, 600.98
351.47, 604.95, 725.98
347.48, 730.89, 476.49
347.84, 730.40, 601.49
348.19, 729.90, 726.48
344.20, 855.84, 476.99
344.56, 855.35, 601.99
344.92, 854.86, 726.99
99.33, 600.70, 598.06
100.29, 597.23, 723.01
101.24, 593.77, 847.96
102.37, 725.61, 601.50
103.33, 722.15, 726.45
104.29, 718.68, 851.40
105.42, 850.53, 604.94
106.37, 847.06, 729.89
107.33, 843.60, 854.84
224.29, 597.68, 597.02
225.25, 594.22, 721.97
226.20, 590.75, 846.92
227.33, 722.60, 600.46
228.29, 719.13, 725.41
229.25, 715.67, 850.36
230.38, 847.51, 603.90
231.33, 844.05, 728.85
232.29, 840.58, 853.80
349.25, 594.67, 595.98
350.20, 591.20, 720.93
351.16, 587.74, 845.88
352.29, 719.58, 599.42
353.25, 716.12, 724.37
354.20, 712.65, 849.32
355.34, 844.50, 602.86
356.29, 841.03, 727.81
357.25, 837.57, 852.76
225.05, 101.78, 98.79
227.10, 98.19, 223.72
229.15, 94.61, 348.65
221.98, 226.69, 102.43
224.03, 223.10, 227.36
226.08, 219.52, 352.29
218.91, 351.60, 106.06
220.96, 348.01, 231.00
223.00, 344.43, 355.93
350.00, 104.91, 96.83
352.05, 101.33, 221.76
354.09, 97.74, 346.70
346.93, 229.82, 100.47
348.97, 226.23, 225.40
351.02, 222.65, 350.33
343.85, 354.73, 104.11
345.90, 351.14, 229.04
347.95, 347.56, 353.97
474.94, 108.04, 94.87
476.99, 104.46, 219.81
479.04, 100.87, 344.74
471.87, 232.95, 98.51
473.92, 229.37, 223.44
475.97, 225.78, 348.38
468.80, 357.86, 102.15
470.85, 354.27, 227.08
472.89, 350.69, 352.01
226.70, 101.94, 223.87
223.78, 98.37, 348.78
220.85, 94.79, 473.70
227.37, 226.89, 227.46
224.44, 223.32, 352.37
221.52, 219.74, 477.29
228.03, 351.84, 231.05
225.11, 348.26, 355.96
222.19, 344.69, 480.88
351.66, 101.19, 226.77
348.74, 97.62, 351.68
345.82, 94.04, 476.60
352.33, 226.14, 230.36
349.41, 222.56, 355.28
346.48, 218.99, 480.19
353.00, 351.09, 233.95
350.07, 347.51, 358.87
347.15, 343.94, 483.78
476.63, 100.44, 229.67
473.70, 96.87, 354.59
470.78, 93.29, 479.50
477.29, 225.39, 233.27
474.37, 221.81, 358.18
471.45, 218.24, 483.09
477.96, 350.34, 236.86
475.04, 346.76, 361.77
472.11, 343.19, 486.69
224.22, 100.82, 350.74
222.95, 104.19, 475.69
221.68, 107.56, 600.64
224.37, 225.78, 347.37
223.10, 229.15, 472.32
221.83, 232.51, 597.27
224.52, 350.73, 344.00
223.25, 354.10, 468.95
221.99, 357.47, 593.90
349.21, 100.70, 352.01
347.94, 104.07, 476.96
346.67, 107.44, 601.91
349.36, 225.66, 348.65
348.09, 229.03, 473.59
346.83, 232.40, 598.54
349.52, 350.61, 345.28
348.25, 353.98, 470.23
346.98, 357.35, 595.17
474.20, 100.58, 353.29
472.94, 103.95, 478.24
471.67, 107.32, 603.18
474.36, 225.54, 349.92
473.09, 228.91, 474.87
471.82, 232.28, 599.81
474.51, 350.49, 346.55
473.24, 353.86, 471.50
471.97, 357.23, 596.45
223.04, 99.71, 475.75
219.71, 97.30, 600.68
216.38, 94.90, 725.62
219.47, 224.63, 478.06
216.14, 222.23, 602.99
212.81, 219.83, 727.92
215.90, 349.56, 480.36
212.57, 347.16, 605.30
209.24, 344.76, 730.23
347.94, 103.21, 479.15
344.61, 100.81, 604.08
341.28, 98.41, 729.01
344.37, 228.14, 481.45
341.04, 225.74, 606.38
337.72, 223.34, 731.32
340.80, 353.07, 483.76
337.48, 350.66, 608.69
334.15, 348.26, 733.62
472.84, 106.71, 482.54
469.52, 104.31, 607.47
466.19, 101.91, 732.41
469.28, 231.64, 484.85
465.95, 229.24, 609.78
462.62, 226.84, 734.71
465.71, 356.57, 487.15
462.38, 354.17, 612.09
459.05, 351.77, 737.02
225.81, 100.72, 598.50
229.23, 97.77, 723.42
232.66, 94.82, 848.33
222.32, 225.63, 601.54
225.74, 222.68, 726.46
229.17, 219.74, 851.38
218.83, 350.55, 604.58
222.25, 347.60, 729.50
225.68, 344.65, 854.42
350.71, 104.29, 595.16
354.14, 101.34, 720.07
357.56, 98.39, 844.99
347.22, 229.20, 598.20
350.65, 226.26, 723.12
354.07, 223.31, 848.04
343.73, 354.12, 601.24
347.16, 351.17, 726.16
350.58, 348.22, 851.08
475.61, 107.86, 591.81
479.04, 104.91, 716.73
482.47, 101.96, 841.65
472.12, 232.77, 594.86
475.55, 229.83, 719.78
478.98, 226.88, 844.69
468.63, 357.69, 597.90
472.06, 354.74, 722.82
475.49, 351.79, 847.74
226.20, 226.73, 101.89
224.50, 229.20, 226.86
222.79, 231.66, 351.82
228.86, 351.68, 99.46
227.16, 354.14, 224.42
225.45, 356.61, 349.39
231.52, 476.62, 97.03
229.81, 479.09, 221.99
228.11, 481.56, 346.96
351.16, 224.10, 103.65
349.46, 226.57, 228.61
347.75, 229.04, 353.57
353.82, 349.05, 101.21
352.12, 351.52, 226.18
350.41, 353.99, 351.14
356.48, 474.00, 98.78
354.77, 476.47, 223.75
353.07, 478.93, 348.71
476.12, 221.48, 105.40
474.42, 223.95, 230.36
472.71, 226.41, 355.33
478.78, 346.43, 102.97
477.08, 348.89, 227.93
475.37, 351.36, 352.90
481.44, 471.37, 100.54
479.73, 473.84, 225.50
478.03, 476.31, 350.47
224.55, 223.22, 226.18
227.64, 222.15, 351.13
230.73, 221.07, 476.09
226.39, 348.21, 227.21
229.48, 347.13, 352.16
232.57, 346.05, 477.12
228.23, 473.19, 228.24
231.32, 472.11, 353.19
234.41, 471.04, 478.15
349.50, 221.41, 223.07
352.58, 220.33, 348.03
355.67, 219.26, 472.99
351.34, 346.39, 224.10
354.43, 345.31, 349.06
357.51, 344.24, 474.02
353.18, 471.37, 225.13
356.27, 470.30, 350.09
359.36, 469.22, 475.05
474.44, 219.59, 219.97
477.53, 218.52, 344.93
480.62, 217.44, 469.88
476.29, 344.57, 221.00
479.37, 343.50, 345.96
482.46, 342.42, 470.91
478.13, 469.56, 222.03
481.22, 468.48, 346.99
484.30, 467.41, 471.94
226.77, 225.40, 351.79
223.25, 222.29, 476.71
219.73, 219.19, 601.62
228.61, 350.34, 354.95
225.09, 347.24, 479.86
221.57, 344.14, 604.77
230.45, 475.29, 358.10
226.93, 472.19, 483.01
223.41, 469.09, 607.93
351.71, 223.47, 355.27
348.19, 220.37, 480.18
344.67, 217.27, 605.09
353.55, 348.42, 358.42
350.03, 345.31, 483.33
346.50, 342.21, 608.25
355.39, 473.36, 361.58
351.87, 470.26, 486.49
348.34, 467.16, 611.40
476.65, 221.54, 358.74
473.12, 218.44, 483.65
469.60, 215.34, 608.57
478.49, 346.49, 361.90
474.96, 343.39, 486.81
471.44, 340.29, 611.72
480.32, 471.44, 365.05
476.80, 468.33, 489.96
473.28, 465.23, 614.88
224.24, 224.91, 475.73
224.60, 225.65, 600.73
224.96, 226.38, 725.72
223.94, 349.91, 475.00
224.30, 350.65, 599.99
224.66, 351.38, 724.99
223.63, 474.91, 474.26
223.99, 475.64, 599.26
224.36, 476.38, 724.26
349.24, 225.22, 475.37
349.60, 225.95, 600.36
349.96, 226.68, 725.36
348.94, 350.21, 474.63
349.30, 350.95, 599.63
349.66, 351.68, 724.63
348.63, 475.21, 473.90
348.99, 475.95, 598.90
349.35, 476.68, 723.90
474.24, 225.52, 475.00
474.60, 226.25, 600.00
474.96, 226.99, 725.00
473.94, 350.52, 474.27
474.30, 351.25, 599.27
474.66, 351.98, 724.27
473.63, 475.51, 473.54
473.99, 476.25, 598.54
474.35, 476.98, 723.53
224.78, 225.57, 601.57
221.17, 226.63, 726.51
217.56, 227.68, 851.45
226.92, 350.55, 600.57
223.31, 351.61, 725.52
219.70, 352.66, 850.46
229.05, 475.53, 599.58
225.44, 476.58, 724.53
221.83, 477.64, 849.47
349.71, 223.47, 605.19
346.10, 224.52, 730.14
342.49, 225.57, 855.08
351.85, 348.45, 604.20
348.24, 349.50, 729.15
344.63, 350.55, 854.09
353.98, 473.42, 603.21
350.37, 474.48, 728.15
346.76, 475.53, 853.10
474.64, 221.36, 608.82
471.03, 222.41, 733.77
467.42, 223.47, 858.71
476.78, 346.34, 607.83
473.17, 347.39, 732.77
469.56, 348.45, 857.72
478.91, 471.32, 606.84
475.30, 472.37, 731.78
471.69, 473.42, 856.72
224.03, 348.99, 100.16
220.69, 352.09, 225.08
217.36, 355.18, 350.00
222.43, 473.94, 97.03
219.09, 477.04, 221.94
215.76, 480.13, 346.86
220.82, 598.89, 93.89
217.49, 601.99, 218.81
214.15, 605.08, 343.72
348.98, 350.68, 103.46
345.64, 353.77, 228.38
342.30, 356.87, 353.29
347.37, 475.63, 100.32
344.04, 478.72, 225.24
340.70, 481.82, 350.15
345.77, 600.58, 97.18
342.43, 603.67, 222.10
339.10, 606.77, 347.02
473.92, 352.36, 106.75
470.59, 355.46, 231.67
467.25, 358.55, 356.59
472.32, 477.31, 103.61
468.98, 480.41, 228.53
465.65, 483.50, 353.45
470.71, 602.26, 100.48
467.38, 605.36, 225.39
464.04, 608.45, 350.31
226.04, 350.87, 223.37
226.11, 353.92, 348.34
226.18, 356.98, 473.30
228.31, 475.81, 220.32
228.38, 478.87, 345.28
228.45, 481.92, 470.24
230.57, 600.75, 217.26
230.65, 603.81, 342.22
230.72, 606.86, 467.19
351.02, 348.60, 223.36
351.09, 351.66, 348.32
351.16, 354.71, 473.28
353.29, 473.54, 220.30
353.36, 476.60, 345.26
353.43, 479.65, 470.23
355.55, 598.48, 217.24
355.62, 601.54, 342.21
355.70, 604.60, 467.17
476.00, 346.33, 223.34
476.07, 349.39, 348.30
476.14, 352.45, 473.27
478.27, 471.28, 220.28
478.34, 474.33, 345.25
478.41, 477.39, 470.21
480.53, 596.22, 217.23
480.60, 599.27, 342.19
480.68, 602.33, 467.15
225.01, 349.44, 349.02
221.53, 352.16, 473.94
218.05, 354.88, 598.86
227.25, 474.39, 346.36
223.77, 477.11, 471.28
220.28, 479.83, 596.21
229.48, 599.34, 343.70
226.00, 602.06, 468.62
222.52, 604.78, 593.55
349.95, 347.28, 352.55
346.46, 350.00, 477.47
342.98, 352.72, 602.39
352.18, 472.23, 349.89
348.70, 474.95, 474.81
345.22, 477.67, 599.73
354.41, 597.18, 347.23
350.93, 599.90, 472.15
347.45, 602.63, 597.07
474.88, 345.12, 356.08
471.40, 347.84, 481.00
467.91, 350.56, 605.92
477.11, 470.07, 353.42
473.63, 472.79, 478.34
470.15, 475.52, 603.26
479.34, 595.03, 350.76
475.86, 597.75, 475.68
472.38, 600.47, 600.60
225.23, 349.44, 474.61
224.99, 347.40, 599.60
224.75, 345.36, 724.58
223.81, 474.41, 476.65
223.56, 472.37, 601.63
223.32, 470.34, 726.61
222.38, 599.39, 478.68
222.14, 597.35, 603.67
221.90, 595.31, 728.65
350.22, 350.86, 474.88
349.98, 348.82, 599.86
349.74, 346.78, 724.85
348.80, 475.83, 476.91
348.56, 473.80, 601.90
348.31, 471.76, 726.88
347.37, 600.81, 478.95
347.13, 598.77, 603.93
346.89, 596.73, 728.92
475.22, 352.28, 475.14
474.97, 350.24, 600.13
474.73, 348.20, 725.11
473.79, 477.25, 477.18
473.55, 475.22, 602.16
473.30, 473.18, 727.15
472.36, 602.23, 479.21
472.12, 600.19, 604.20
471.88, 598.15, 729.18
223.33, 351.73, 598.02
224.94, 352.00, 723.01
226.56, 352.27, 848.00
220.97, 476.71, 597.79
222.59, 476.98, 722.78
224.20, 477.25, 847.77
218.62, 601.69, 597.55
220.23, 601.96, 722.54
221.85, 602.22, 847.53
348.29, 354.08, 596.40
349.91, 354.35, 721.39
351.52, 354.62, 846.38
345.94, 479.06, 596.17
347.55, 479.33, 721.16
349.17, 479.60, 846.15
343.58, 604.04, 595.93
345.20, 604.31, 720.92
346.81, 604.57, 845.91
473.26, 356.44, 594.79
474.88, 356.70, 719.77
476.49, 356.97, 844.76
470.91, 481.41, 594.55
472.52, 481.68, 719.54
474.14, 481.95, 844.53
468.55, 606.39, 594.31
470.17, 606.66, 719.30
471.78, 606.93, 844.29
223.49, 474.75, 100.39
221.08, 474.46, 225.36
218.67, 474.18, 350.34
219.87, 599.70, 100.60
217.46, 599.41, 225.58
215.05, 599.13, 350.55
216.25, 724.64, 100.82
213.85, 724.36, 225.79
211.44, 724.07, 350.77
348.41, 478.36, 102.80
346.00, 478.08, 227.78
343.60, 477.79, 352.76
344.80, 603.31, 103.02
342.39, 603.02, 227.99
339.98, 602.74, 352.97
341.18, 728.26, 103.23
338.77, 727.97, 228.21
336.36, 727.69, 353.18
473.34, 481.97, 105.22
470.93, 481.69, 230.19
468.52, 481.40, 355.17
469.72, 606.92, 105.43
467.31, 606.64, 230.41
464.90, 606.35, 355.39
466.10, 731.87, 105.65
463.69, 731.58, 230.62
461.29, 731.30, 355.60
225.86, 474.25, 223.62
223.03, 475.08, 348.58
220.19, 475.90, 473.55
228.44, 599.22, 222.85
225.61, 600.05, 347.82
222.78, 600.87, 472.78
231.02, 724.19, 222.09
228.19, 725.02, 347.05
225.36, 725.84, 472.02
350.80, 471.69, 226.47
347.97, 472.51, 351.43
345.13, 473.34, 476.40
353.38, 596.66, 225.70
350.55, 597.48, 350.67
347.72, 598.31, 475.63
355.96, 721.63, 224.94
353.13, 722.45, 349.90
350.30, 723.28, 474.87
475.74, 469.12, 229.32
472.91, 469.95, 354.28
470.08, 470.77, 479.25
478.32, 594.09, 228.55
475.49, 594.92, 353.51
472.66, 595.74, 478.48
480.90, 719.06, 227.78
478.07, 719.89, 352.75
475.24, 720.71, 477.71
226.87, 474.79, 349.51
224.76, 476.39, 474.49
222.66, 478.00, 599.46
229.47, 599.75, 347.95
227.36, 601.36, 472.92
225.26, 602.97, 597.89
232.07, 724.71, 346.38
229.97, 726.32, 471.36
227.86, 727.93, 596.33
351.82, 472.21, 351.65
349.72, 473.82, 476.62
347.61, 475.43, 601.60
354.42, 597.17, 350.09
352.32, 598.78, 475.06
350.21, 600.39, 600.03
357.03, 722.14, 348.52
354.92, 723.74, 473.49
352.82, 725.35, 598.47
476.78, 469.63, 353.79
474.67, 471.24, 478.76
472.57, 472.85, 603.73
479.38, 594.60, 352.22
477.28, 596.20, 477.20
475.17, 597.81, 602.17
481.98, 719.56, 350.66
479.88, 721.17, 475.63
477.77, 722.78, 600.60
225.59, 476.44, 476.31
222.81, 473.27, 601.24
220.02, 470.11, 726.17
224.99, 601.40, 479.47
222.21, 598.23, 604.40
219.43, 595.07, 729.32
224.40, 726.36, 482.62
221.61, 723.19, 607.55
218.83, 720.03, 732.48
350.56, 476.97, 479.11
347.77, 473.80, 604.04
344.99, 470.63, 728.97
349.96, 601.92, 482.26
347.18, 598.76, 607.19
344.39, 595.59, 732.12
349.36, 726.88, 485.42
346.58, 723.72, 610.35
343.80, 720.55, 735.28
475.52, 477.49, 481.91
472.74, 474.33, 606.84
469.96, 471.16, 731.77
474.93, 602.45, 485.06
472.15, 599.28, 609.99
469.36, 596.12, 734.92
474.33, 727.41, 488.22
471.55, 724.24, 613.14
468.77, 721.08, 738.07
224.20, 473.86, 598.89
223.04, 470.53, 723.84
221.88, 467.19, 848.79
220.97, 598.77, 602.19
219.81, 595.44, 727.14
218.65, 592.11, 852.09
217.74, 723.69, 605.49
216.58, 720.36, 730.44
215.42, 717.02, 855.39
349.15, 477.06, 600.13
347.99, 473.73, 725.08
346.84, 470.39, 850.03
345.92, 601.97, 603.43
344.76, 598.64, 728.38
343.60, 595.31, 853.33
342.69, 726.89, 606.73
341.53, 723.56, 731.68
340.37, 720.22, 856.63
474.11, 480.26, 601.37
472.95, 476.93, 726.32
471.79, 473.60, 851.27
470.87, 605.17, 604.68
469.72, 601.84, 729.63
468.56, 598.51, 854.58
467.64, 730.09, 607.98
466.48, 726.76, 732.93
465.32, 723.42, 857.88
226.79, 601.22, 98.41
225.81, 603.32, 223.39
224.83, 605.41, 348.37
227.92, 726.20, 96.32
226.94, 728.30, 221.30
225.96, 730.39, 346.28
229.05, 851.18, 94.24
228.07, 853.27, 219.22
227.09, 855.37, 344.19
351.79, 600.11, 99.41
350.80, 602.21, 224.39
349.82, 604.30, 349.37
352.91, 725.09, 97.32
351.93, 727.18, 222.30
350.95, 729.28, 347.28
354.04, 850.07, 95.24
353.06, 852.16, 220.22
352.08, 854.26, 345.19
476.78, 599.00, 100.41
475.79, 601.09, 225.39
474.81, 603.19, 350.37
477.91, 723.98, 98.32
476.92, 726.07, 223.30
475.94, 728.17, 348.28
479.04, 848.95, 96.24
478.05, 851.05, 221.22
477.07, 853.14, 346.20
224.79, 598.90, 226.64
228.01, 595.17, 351.54
231.23, 591.44, 476.44
227.86, 723.81, 230.29
231.08, 720.08, 355.19
234.30, 716.35, 480.10
230.94, 848.72, 233.94
234.16, 844.99, 358.85
237.37, 841.26, 483.75
349.71, 595.92, 223.33
352.93, 592.19, 348.23
356.15, 588.46, 473.14
352.78, 720.83, 226.98
356.00, 717.10, 351.89
359.22, 713.37, 476.79
355.86, 845.74, 230.64
359.08, 842.01, 355.54
362.29, 838.28, 480.44
474.63, 592.95, 220.03
477.85, 589.22, 344.93
481.07, 585.49, 469.83
477.71, 717.86, 223.68
480.92, 714.13, 348.58
484.14, 710.39, 473.48
480.78, 842.77, 227.33
484.00, 839.03, 352.23
487.21, 835.30, 477.13
223.92, 599.30, 351.65
227.10, 598.99, 476.61
230.27, 598.69, 601.56
221.89, 724.28, 352.00
225.07, 723.98, 476.96
228.24, 723.67, 601.92
219.86, 849.26, 352.36
223.03, 848.96, 477.32
226.21, 848.65, 602.28
348.87, 601.34, 348.48
352.04, 601.03, 473.44
355.21, 600.73, 598.40
346.84, 726.32, 348.84
350.01, 726.01, 473.80
353.18, 725.71, 598.76
344.81, 851.30, 349.19
347.98, 851.00, 474.15
351.15, 850.69, 599.11
473.81, 603.38, 345.31
476.98, 603.07, 470.27
480.15, 602.77, 595.23
471.78, 728.36, 345.67
474.95, 728.05, 470.63
478.12, 727.75, 595.59
469.75, 853.34, 346.03
472.92, 853.04, 470.99
476.09, 852.73, 595.95
223.71, 599.45, 473.28
224.47, 600.28, 598.28
225.23, 601.11, 723.27
226.95, 724.41, 472.44
227.71, 725.23, 597.43
228.47, 726.06, 722.43
230.20, 849.36, 471.59
230.96, 850.19, 596.58
231.71, 851.02, 721.58
348.67, 596.20, 472.55
349.43, 597.03, 597.54
350.19, 597.86, 722.54
351.91, 721.16, 471.70
352.67, 721.99, 596.69
353.43, 722.82, 721.69
355.15, 846.11, 470.85
355.91, 846.94, 595.84
356.67, 847.77, 720.84
473.62, 592.96, 471.81
474.38, 593.79, 596.80
475.14, 594.62, 721.80
476.86, 717.91, 470.96
477.62, 718.74, 595.95
478.38, 719.57, 720.95
480.11, 842.87, 470.11
480.87, 843.70, 595.11
481.63, 844.53, 720.10
223.64, 600.18, 598.68
223.83, 601.54, 723.67
224.01, 602.90, 848.66
221.32, 725.15, 597.32
221.51, 726.51, 722.31
221.69, 727.87, 847.31
219.00, 850.12, 595.97
219.19, 851.48, 720.96
219.37, 852.84, 845.95
348.62, 602.50, 598.46
348.81, 603.86, 723.46
348.99, 605.22, 848.45
346.30, 727.47, 597.11
346.49, 728.83, 722.10
346.67, 730.19, 847.09
343.98, 852.44, 595.75
344.17, 853.80, 720.75
344.35, 855.16, 845.74
473.60, 604.82, 598.25
473.78, 606.17, 723.24
473.97, 607.53, 848.24
471.28, 729.79, 596.90
471.46, 731.15, 721.89
471.65, 732.50, 846.88
468.96, 854.76, 595.54
469.14, 856.12, 720.53
469.33, 857.48, 845.53
350.91, 98.52, 101.84
354.62, 99.43, 226.79
358.33, 100.33, 351.73
352.45, 223.51, 100.89
356.16, 224.41, 225.84
359.87, 225.32, 350.78
353.99, 348.50, 99.94
357.70, 349.40, 224.89
361.41, 350.30, 349.83
475.85, 96.96, 98.15
479.56, 97.86, 223.09
483.27, 98.76, 348.03
477.39, 221.94, 97.20
481.10, 222.85, 222.14
484.81, 223.75, 347.08
478.93, 346.93, 96.25
482.64, 347.83, 221.19
486.35, 348.74, 346.13
600.78, 95.39, 94.45
604.49, 96.29, 219.39
608.20, 97.20, 344.33
602.32, 220.38, 93.50
606.03, 221.28, 218.44
609.74, 222.18, 343.38
603.86, 345.36, 92.55
607.57, 346.27, 217.49
611.28, 347.17, 342.43
349.76, 101.34, 225.16
350.83, 98.86, 350.13
351.89, 96.38, 475.10
353.10, 226.27, 227.61
354.16, 223.79, 352.58
355.22, 221.31, 477.55
356.43, 351.20, 230.05
357.49, 348.72, 355.02
358.56, 346.25, 480.00
474.71, 98.03, 224.03
475.78, 95.55, 349.00
476.84, 93.07, 473.97
478.05, 222.96, 226.48
479.11, 220.48, 351.45
480.18, 218.00, 476.42
481.38, 347.89, 228.92
482.44, 345.41, 353.89
483.51, 342.93, 478.87
599.66, 94.72, 222.90
600.73, 92.24, 347.87
601.79, 89.76, 472.84
603.00, 219.65, 225.35
604.06, 217.17, 350.32
605.13, 214.69, 475.29
606.33, 344.58, 227.79
607.39, 342.10, 352.76
608.46, 339.62, 477.74
348.44, 100.85, 349.80
349.09, 98.14, 474.76
349.74, 95.43, 599.73
345.87, 225.80, 352.52
346.52, 223.09, 477.49
347.17, 220.37, 602.46
343.31, 350.74, 355.24
343.96, 348.03, 480.21
344.61, 345.32, 605.18
473.41, 103.43, 349.20
474.06, 100.72, 474.17
474.71, 98.01, 599.14
470.84, 228.38, 351.92
471.49, 225.66, 476.89
472.15, 222.95, 601.86
468.28, 353.32, 354.65
468.93, 350.61, 479.62
469.58, 347.90, 604.59
598.38, 106.01, 348.60
599.03, 103.30, 473.57
599.68, 100.59, 598.54
595.81, 230.95, 351.33
596.47, 228.24, 476.30
597.12, 225.53, 601.27
593.25, 355.90, 354.05
593.90, 353.19, 479.02
594.55, 350.47, 603.99
348.82, 99.56, 476.08
349.22, 100.44, 601.08
349.62, 101.33, 726.08
352.36, 224.50, 475.19
352.77, 225.39, 600.18
353.17, 226.28, 725.18
355.91, 349.45, 474.29
356.31, 350.34, 599.28
356.71, 351.22, 724.28
473.77, 96.01, 475.71
474.17, 96.89, 600.71
474.57, 97.78, 725.70
477.31, 220.95, 474.81
477.71, 221.84, 599.81
478.11, 222.73, 724.80
480.86, 345.90, 473.91
481.26, 346.79, 598.91
481.66, 347.67, 723.91
598.72, 92.46, 475.33
599.12, 93.35, 600.33
599.52, 94.23, 725.33
602.26, 217.41, 474.44
602.66, 218.29, 599.43
603.06, 219.18, 724.43
605.81, 342.35, 473.54
606.21, 343.24, 598.53
606.61, 344.13, 723.53
348.78, 101.74, 600.38
346.14, 99.36, 725.33
343.51, 96.98, 850.27
345.63, 226.68, 602.69
342.99, 224.30, 727.64
340.36, 221.92, 852.59
342.48, 351.62, 605.00
339.85, 349.24, 729.95
337.21, 346.86, 854.90
473.71, 104.84, 603.07
471.07, 102.46, 728.02
468.44, 100.08, 852.97
470.56, 229.78, 605.38
467.93, 227.40, 730.33
465.29, 225.02, 855.28
467.42, 354.72, 607.69
464.78, 352.34, 732.64
462.14, 349.96, 857.59
598.64, 107.93, 605.76
596.01, 105.56, 730.71
593.37, 103.18, 855.66
595.50, 232.87, 608.08
592.86, 230.50, 733.03
590.22, 228.12, 857.98
592.35, 357.81, 610.39
589.71, 355.43, 735.34
587.08, 353.06, 860.29
350.30, 223.12, 100.39
352.86, 222.68, 225.36
355.43, 222.25, 350.33
350.75, 348.12, 100.81
353.31, 347.68, 225.78
355.88, 347.25, 350.76
351.20, 473.11, 101.24
353.76, 472.68, 226.21
356.33, 472.25, 351.18
475.27, 222.68, 97.82
477.84, 222.24, 222.80
480.40, 221.81, 347.77
475.72, 347.67, 98.25
478.29, 347.24, 223.22
480.85, 346.81, 348.19
476.17, 472.67, 98.67
478.74, 472.24, 223.64
481.30, 471.81, 348.62
600.25, 222.24, 95.26
602.81, 221.80, 220.23
605.37, 221.37, 345.20
600.70, 347.23, 95.68
603.26, 346.80, 220.66
605.82, 346.37, 345.63
601.15, 472.23, 96.11
603.71, 471.80, 221.08
606.27, 471.37, 346.05
349.90, 224.17, 224.72
350.78, 222.85, 349.71
351.66, 221.52, 474.70
349.18, 349.16, 226.05
350.06, 347.84, 351.04
350.94, 346.51, 476.03
348.46, 474.16, 227.38
349.34, 472.83, 352.37
350.22, 471.50, 477.36
474.89, 224.90, 223.84
475.77, 223.57, 348.83
476.65, 222.24, 473.82
474.17, 349.89, 225.18
475.05, 348.56, 350.17
475.94, 347.23, 475.16
473.45, 474.88, 226.51
474.34, 473.55, 351.50
475.22, 472.23, 476.49
599.89, 225.63, 222.97
600.77, 224.30, 347.96
601.65, 222.97, 472.95
599.17, 350.62, 224.30
600.05, 349.29, 349.29
600.93, 347.96, 474.28
598.45, 475.61, 225.63
599.33, 474.28, 350.62
600.21, 472.95, 475.61
350.91, 225.40, 350.40
353.22, 224.45, 475.38
355.54, 223.50, 600.35
351.25, 350.39, 351.34
353.57, 349.44, 476.32
355.89, 348.49, 601.29
351.60, 475.39, 352.28
353.91, 474.44, 477.26
356.23, 473.49, 602.23
475.88, 225.07, 348.08
478.20, 224.12, 473.06
480.52, 223.17, 598.03
476.23, 350.06, 349.02
478.55, 349.12, 474.00
480.86, 348.17, 598.97
476.57, 475.06, 349.96
478.89, 474.11, 474.94
481.21, 473.16, 599.91
600.86, 224.74, 345.76
603.18, 223.79, 470.73
605.50, 222.84, 595.71
601.21, 349.74, 346.70
603.52, 348.79, 471.68
605.84, 347.84, 596.65
601.55, 474.73, 347.64
603.87, 473.78, 472.62
606.19, 472.84, 597.59
348.85, 225.88, 474.51
347.06, 223.08, 599.46
345.26, 220.27, 724.42
348.83, 350.85, 477.31
347.03, 348.04, 602.27
345.23, 345.24, 727.22
348.80, 475.81, 480.11
347.00, 473.01, 605.07
345.21, 470.21, 730.02
473.84, 225.86, 476.31
472.04, 223.06, 601.26
470.25, 220.26, 726.22
473.81, 350.83, 479.11
472.02, 348.03, 604.06
470.22, 345.23, 729.02
473.79, 475.80, 481.91
471.99, 473.00, 606.86
470.20, 470.20, 731.82
598.83, 225.85, 478.10
597.03, 223.05, 603.06
595.23, 220.25, 728.01
598.80, 350.82, 480.90
597.00, 348.02, 605.86
595.21, 345.21, 730.81
598.77, 475.79, 483.70
596.98, 472.98, 608.66
595.18, 470.18, 733.62
350.32, 226.05, 600.58
347.86, 229.65, 725.51
345.39, 233.25, 850.43
348.46, 350.98, 596.95
346.00, 354.58, 721.87
343.53, 358.18, 846.79
346.60, 475.91, 593.31
344.13, 479.51, 718.23
341.67, 483.11, 843.15
475.29, 227.98, 602.99
472.82, 231.58, 727.92
470.36, 235.18, 852.84
473.42, 352.91, 599.35
470.96, 356.51, 724.28
468.49, 360.11, 849.20
471.56, 477.85, 595.72
469.09, 481.45, 720.64
466.63, 485.05, 845.56
600.25, 229.91, 605.40
597.78, 233.51, 730.33
595.32, 237.11, 855.25
598.38, 354.85, 601.76
595.92, 358.45, 726.69
593.46, 362.05, 851.61
596.52, 479.78, 598.13
594.06, 483.38, 723.05
591.59, 486.98, 847.97
348.17, 348.44, 98.42
351.47, 349.17, 223.37
354.78, 349.90, 348.33
350.17, 473.42, 97.64
353.47, 474.15, 222.59
356.78, 474.88, 347.55
352.17, 598.40, 96.85
355.47, 599.13, 221.81
358.77, 599.86, 346.76
473.11, 346.42, 95.13
476.41, 347.15, 220.08
479.72, 347.88, 345.03
475.11, 471.40, 94.34
478.41, 472.13, 219.30
481.72, 472.86, 344.25
477.11, 596.38, 93.56
480.41, 597.11, 218.52
483.71, 597.84, 343.47
598.05, 344.40, 91.83
601.35, 345.13, 216.79
604.66, 345.86, 341.74
600.05, 469.38, 91.05
603.35, 470.11, 216.01
606.66, 470.84, 340.96
602.05, 594.36, 90.27
605.35, 595.09, 215.22
608.65, 595.82, 340.18
349.93, 349.23, 224.24
352.59, 349.95, 349.21
355.25, 350.67, 474.18
353.31, 474.18, 223.45
355.97, 474.90, 348.42
358.63, 475.62, 473.39
356.69, 599.14, 222.66
359.35, 599.86, 347.63
362.01, 600.58, 472.59
474.86, 345.84, 221.60
477.52, 346.56, 346.57
480.18, 347.28, 471.54
478.24, 470.79, 220.81
480.90, 471.51, 345.78
483.56, 472.23, 470.75
481.61, 595.74, 220.02
484.27, 596.46, 344.99
486.93, 597.18, 469.96
599.79, 342.45, 218.96
602.45, 343.17, 343.93
605.11, 343.89, 468.90
603.16, 467.40, 218.17
605.82, 468.12, 343.14
608.48, 468.84, 468.11
606.54, 592.35, 217.38
609.20, 593.07, 342.35
611.86, 593.79, 467.32
350.35, 348.45, 350.05
351.38, 347.62, 475.05
352.41, 346.78, 600.04
347.76, 473.42, 350.91
348.79, 472.59, 475.90
349.82, 471.75, 600.89
345.17, 598.39, 351.76
346.20, 597.56, 476.76
347.23, 596.72, 601.75
475.32, 351.05, 349.04
476.35, 350.21, 474.03
477.38, 349.38, 599.03
472.73, 476.02, 349.89
473.76, 475.18, 474.89
474.79, 474.35, 599.88
470.14, 600.99, 350.75
471.17, 600.15, 475.74
472.20, 599.32, 600.74
600.29, 353.65, 348.03
601.32, 352.81, 473.02
602.35, 351.98, 598.01
597.70, 478.62, 348.88
598.73, 477.78, 473.87
599.76, 476.95, 598.87
595.11, 603.59, 349.74
596.14, 602.75, 474.73
597.17, 601.92, 599.72
348.29, 351.62, 476.30
346.93, 354.48, 601.26
345.57, 357.33, 726.22
350.95, 476.56, 473.47
349.59, 479.42, 598.43
348.23, 482.27, 723.39
353.61, 601.50, 470.64
352.25, 604.36, 595.60
350.89, 607.21, 720.56
473.25, 348.99, 477.72
471.89, 351.85, 602.68
470.54, 354.70, 727.64
475.92, 473.93, 474.89
474.56, 476.79, 599.85
473.20, 479.64, 724.81
478.58, 598.87, 472.06
477.22, 601.73, 597.02
475.86, 604.58, 721.98
598.22, 346.36, 479.14
596.86, 349.22, 604.10
595.50, 352.07, 729.06
600.88, 471.30, 476.31
599.52, 474.16, 601.27
598.16, 477.01, 726.23
603.54, 596.24, 473.48
602.18, 599.10, 598.44
600.82, 601.95, 723.40
350.54, 350.56, 599.68
347.38, 351.31, 724.64
344.22, 352.05, 849.60
351.96, 475.55, 598.98
348.80, 476.30, 723.94
345.64, 477.04, 848.89
353.37, 600.54, 598.27
350.21, 601.29, 723.23
347.05, 602.03, 848.19
475.49, 349.17, 602.85
472.33, 349.91, 727.81
469.17, 350.65, 852.77
476.91, 474.16, 602.14
473.75, 474.90, 727.10
470.59, 475.64, 852.06
478.32, 599.15, 601.44
475.16, 599.89, 726.39
472.01, 600.63, 851.35
600.44, 347.77, 606.02
597.29, 348.51, 730.98
594.13, 349.25, 855.93
601.86, 472.76, 605.31
598.70, 473.50, 730.27
595.54, 474.24, 855.23
603.28, 597.75, 604.60
600.12, 598.49, 729.56
596.96, 599.23, 854.52
350.17, 476.57, 101.72
350.23, 479.29, 226.69
350.29, 482.01, 351.66
353.83, 601.49, 99.00
353.89, 604.21, 223.97
353.95, 606.93, 348.94
357.49, 726.41, 96.27
357.55, 729.13, 221.24
357.61, 731.85, 346.21
475.12, 472.91, 101.74
475.18, 475.64, 226.71
475.24, 478.36, 351.68
478.78, 597.83, 99.02
478.84, 600.55, 223.99
478.90, 603.27, 348.96
482.43, 722.75, 96.29
482.49, 725.47, 221.26
482.55, 728.19, 346.23
600.07, 469.26, 101.76
600.13, 471.98, 226.73
600.19, 474.70, 351.70
603.72, 594.17, 99.04
603.78, 596.90, 224.01
603.84, 599.62, 348.98
607.38, 719.09, 96.31
607.44, 721.81, 221.28
607.50, 724.53, 346.25
351.22, 474.47, 224.23
353.78, 473.54, 349.20
356.34, 472.62, 474.17
352.78, 599.46, 225.12
355.34, 598.53, 350.09
357.90, 597.61, 475.07
354.34, 724.44, 226.02
356.90, 723.52, 350.99
359.45, 722.59, 475.96
476.18, 472.93, 221.66
478.74, 472.00, 346.63
481.30, 471.08, 471.60
477.74, 597.91, 222.55
480.30, 596.99, 347.52
482.86, 596.07, 472.50
479.30, 722.90, 223.45
481.86, 721.98, 348.42
484.42, 721.05, 473.39
601.15, 471.39, 219.09
603.70, 470.46, 344.06
606.26, 469.54, 469.03
602.71, 596.37, 219.98
605.26, 595.45, 344.95
607.82, 594.52, 469.93
604.27, 721.36, 220.88
606.82, 720.44, 345.85
609.38, 719.51, 470.82
350.80, 476.63, 350.17
351.03, 477.92, 475.17
351.26, 479.21, 600.16
349.67, 601.62, 348.88
349.91, 602.91, 473.88
350.14, 604.20, 598.87
348.55, 726.61, 347.60
348.78, 727.90, 472.59
349.01, 729.19, 597.58
475.79, 477.75, 349.93
476.02, 479.04, 474.92
476.25, 480.33, 599.92
474.67, 602.74, 348.64
474.90, 604.03, 473.64
475.13, 605.32, 598.63
473.55, 727.73, 347.35
473.78, 729.02, 472.35
474.01, 730.31, 597.34
600.79, 478.87, 349.69
601.02, 480.16, 474.68
601.25, 481.45, 599.68
599.66, 603.86, 348.40
599.89, 605.15, 473.39
600.13, 606.44, 598.39
598.54, 728.85, 347.11
598.77, 730.14, 472.10
599.00, 731.43, 597.10
348.20, 474.10, 473.70
345.13, 477.49, 598.61
342.07, 480.87, 723.53
351.66, 599.01, 470.40
348.59, 602.40, 595.31
345.53, 605.78, 720.23
355.12, 723.92, 467.10
352.05, 727.30, 592.01
348.99, 730.69, 716.93
473.11, 470.73, 476.85
470.05, 474.11, 601.77
466.98, 477.50, 726.69
476.57, 595.63, 473.56
473.51, 599.02, 598.47
470.44, 602.40, 723.39
480.03, 720.54, 470.26
476.97, 723.93, 595.17
473.90, 727.31, 720.09
598.03, 467.35, 480.01
594.96, 470.73, 604.93
591.90, 474.12, 729.85
601.49, 592.26, 476.71
598.42, 595.64, 601.63
595.35, 599.03, 726.55
604.95, 717.17, 473.41
601.88, 720.55, 598.33
598.81, 723.94, 723.25
348.99, 475.02, 599.24
346.04, 475.64, 724.21
343.10, 476.26, 849.17
352.27, 599.98, 598.70
349.33, 600.60, 723.67
346.38, 601.22, 848.63
355.56, 724.93, 598.16
352.62, 725.55, 723.12
349.67, 726.17, 848.09
473.91, 471.75, 602.20
470.96, 472.37, 727.17
468.02, 472.99, 852.13
477.20, 596.70, 601.66
474.25, 597.32, 726.63
471.31, 597.94, 851.59
480.48, 721.66, 601.12
477.54, 722.28, 726.08
474.59, 722.90, 851.05
598.83, 468.48, 605.16
595.89, 469.10, 730.13
592.94, 469.71, 855.09
602.12, 593.43, 604.62
599.17, 594.05, 729.59
596.23, 594.67, 854.55
605.40, 718.39, 604.08
602.46, 719.01, 729.04
599.51, 719.63, 854.01
348.82, 599.13, 98.45
348.92, 598.31, 223.45
349.03, 597.50, 348.45
351.34, 724.10, 99.27
351.45, 723.29, 224.27
351.56, 722.47, 349.26
353.87, 849.08, 100.08
353.98, 848.26, 225.08
354.09, 847.44, 350.08
473.79, 596.60, 98.33
473.90, 595.79, 223.33
474.01, 594.97, 348.32
476.32, 721.58, 99.15
476.43, 720.76, 224.14
476.53, 719.94, 349.14
478.85, 846.55, 99.96
478.95, 845.73, 224.96
479.06, 844.91, 349.96
598.77, 594.08, 98.21
598.87, 593.26, 223.20
598.98, 592.44, 348.20
601.29, 719.05, 99.02
601.40, 718.23, 224.02
601.51, 717.41, 349.02
603.82, 844.02, 99.84
603.93, 843.20, 224.83
604.04, 842.39, 349.83
349.06, 601.94, 223.49
347.00, 599.19, 348.44
344.94, 596.44, 473.39
350.65, 726.90, 226.27
348.59, 724.15, 351.22
346.53, 721.40, 476.17
352.24, 851.86, 229.04
350.18, 849.11, 354.00
348.12, 846.36, 478.95
474.04, 600.31, 225.52
471.97, 597.56, 350.47
469.91, 594.81, 475.42
475.63, 725.27, 228.29
473.56, 722.52, 353.25
471.50, 719.77, 478.20
477.22, 850.23, 231.07
475.15, 847.47, 356.02
473.09, 844.72, 480.98
599.01, 598.67, 227.54
596.95, 595.92, 352.50
594.88, 593.17, 477.45
600.60, 723.63, 230.32
598.54, 720.88, 355.27
596.47, 718.13, 480.23
602.19, 848.59, 233.10
600.12, 845.84, 358.05
598.06, 843.09, 483.00
350.08, 600.57, 348.96
348.90, 600.45, 473.96
347.71, 600.33, 598.95
347.68, 725.55, 349.06
346.49, 725.43, 474.06
345.31, 725.31, 599.05
345.27, 850.53, 349.16
344.09, 850.41, 474.15
342.90, 850.29, 599.15
475.05, 602.98, 350.15
473.87, 602.86, 475.15
472.68, 602.74, 600.14
472.65, 727.95, 350.25
471.46, 727.83, 475.24
470.28, 727.71, 600.24
470.25, 852.93, 350.35
469.06, 852.81, 475.34
467.87, 852.69, 600.33
600.02, 605.38, 351.34
598.84, 605.26, 476.33
597.65, 605.14, 601.33
597.62, 730.36, 351.44
596.44, 730.24, 476.43
595.25, 730.12, 601.42
595.22, 855.33, 351.53
594.03, 855.21, 476.53
592.85, 855.09, 601.52
349.35, 598.70, 474.42
346.21, 601.11, 599.35
343.07, 603.52, 724.29
349.41, 723.68, 472.01
346.27, 726.09, 596.95
343.14, 728.49, 721.88
349.47, 848.66, 469.60
346.34, 851.06, 594.54
343.20, 853.47, 719.48
474.31, 598.70, 477.55
471.17, 601.10, 602.49
468.03, 603.51, 727.43
474.37, 723.67, 475.15
471.23, 726.08, 600.08
468.10, 728.49, 725.02
474.44, 848.65, 472.74
471.30, 851.06, 597.68
468.16, 853.47, 722.61
599.27, 598.69, 480.69
596.13, 601.10, 605.63
592.99, 603.51, 730.56
599.33, 723.67, 478.28
596.19, 726.08, 603.22
593.06, 728.49, 728.16
599.40, 848.65, 475.88
596.26, 851.05, 600.81
593.12, 853.46, 725.75
348.42, 599.51, 598.08
350.65, 597.63, 723.04
352.87, 595.76, 848.01
347.56, 724.49, 599.96
349.78, 722.62, 724.93
352.01, 720.74, 849.90
346.69, 849.47, 601.85
348.92, 847.60, 726.82
351.15, 845.73, 851.79
473.40, 600.40, 595.86
475.62, 598.53, 720.83
477.85, 596.66, 845.79
472.53, 725.39, 597.75
474.76, 723.51, 722.72
476.99, 721.64, 847.68
471.67, 850.37, 599.64
473.90, 848.50, 724.60
476.12, 846.62, 849.57
598.37, 601.30, 593.65
600.60, 599.43, 718.61
602.83, 597.55, 843.58
597.51, 726.28, 595.54
599.74, 724.41, 720.50
601.96, 722.54, 845.47
596.65, 851.27, 597.42
598.87, 849.39, 722.39
601.10, 847.52, 847.36
476.92, 99.90, 99.83
475.80, 100.18, 224.83
474.69, 100.46, 349.82
477.48, 224.89, 99.55
476.36, 225.18, 224.55
475.25, 225.46, 349.54
478.04, 349.89, 99.28
476.92, 350.17, 224.27
475.81, 350.45, 349.27
601.91, 99.34, 100.95
600.80, 99.62, 225.94
599.68, 99.90, 350.94
602.47, 224.34, 100.67
601.36, 224.62, 225.67
600.24, 224.90, 350.66
603.03, 349.34, 100.40
601.92, 349.62, 225.39
600.80, 349.90, 350.39
726.91, 98.78, 102.06
725.79, 99.06, 227.06
724.68, 99.35, 352.05
727.47, 223.78, 101.79
726.35, 224.06, 226.78
725.24, 224.34, 351.78
728.02, 348.78, 101.51
726.91, 349.06, 226.51
725.79, 349.34, 351.50
474.35, 99.93, 223.51
471.20, 96.48, 348.42
468.04, 93.03, 473.33
476.59, 224.86, 227.01
473.44, 221.41, 351.93
470.29, 217.96, 476.84
478.84, 349.79, 230.52
475.68, 346.34, 355.43
472.53, 342.89, 480.34
599.29, 97.60, 226.60
596.14, 94.15, 351.51
592.98, 90.70, 476.42
601.53, 222.53, 230.10
598.38, 219.08, 355.02
595.23, 215.63, 479.93
603.78, 347.46, 233.61
600.62, 344.01, 358.52
597.47, 340.56, 483.44
724.23, 95.27, 229.69
721.08, 91.82, 354.60
717.92, 88.37, 479.51
726.47, 220.20, 233.19
723.32, 216.75, 358.11
720.17, 213.30, 483.02
728.72, 345.13, 236.70
725.56, 341.68, 361.61
722.41, 338.23, 486.53
476.51, 99.77, 351.01
476.34, 96.27, 475.96
476.16, 92.77, 600.91
479.32, 224.69, 354.51
479.14, 221.19, 479.46
478.97, 217.69, 604.41
482.13, 349.61, 358.01
481.95, 346.11, 482.97
481.77, 342.61, 607.92
601.48, 96.96, 351.10
601.31, 93.46, 476.06
601.13, 89.96, 601.01
604.29, 221.88, 354.61
604.11, 218.38, 479.56
603.94, 214.88, 604.51
607.10, 346.80, 358.11
606.92, 343.30, 483.06
606.74, 339.80, 608.01
726.45, 94.15, 351.20
726.27, 90.65, 476.15
726.10, 87.15, 601.10
729.26, 219.07, 354.71
729.08, 215.57, 479.66
728.90, 212.07, 604.61
732.06, 343.99, 358.21
731.89, 340.49, 483.16
731.71, 336.99, 608.11
473.55, 101.39, 474.55
472.76, 102.26, 599.54
471.97, 103.13, 724.54
469.86, 226.33, 473.65
469.07, 227.20, 598.65
468.29, 228.08, 723.64
466.17, 351.27, 472.76
465.39, 352.15, 597.75
464.60, 353.02, 722.75
598.49, 105.08, 475.31
597.70, 105.95, 600.30
596.92, 106.83, 725.30
594.80, 230.02, 474.41
594.02, 230.90, 599.41
593.23, 231.77, 724.40
591.12, 354.97, 473.52
590.33, 355.84, 598.51
589.54, 356.71, 723.51
723.44, 108.77, 476.07
722.65, 109.65, 601.07
721.86, 110.52, 726.06
719.75, 233.72, 475.17
718.96, 234.59, 600.17
718.17, 235.46, 725.16
716.06, 358.66, 474.28
715.27, 359.53, 599.27
714.48, 360.41, 724.27
473.45, 100.73, 601.77
469.73, 103.45, 726.68
466.01, 106.18, 851.60
471.44, 225.68, 598.98
467.73, 228.41, 723.89
464.01, 231.13, 848.81
469.44, 350.63, 596.19
465.72, 353.36, 721.11
462.01, 356.09, 846.02
598.38, 102.81, 605.44
594.66, 105.54, 730.35
590.94, 108.26, 855.27
596.37, 227.76, 602.65
592.65, 230.49, 727.57
588.94, 233.22, 852.48
594.37, 352.72, 599.86
590.65, 355.44, 724.78
586.93, 358.17, 849.69
723.30, 104.90, 609.11
719.59, 107.62, 734.03
715.87, 110.35, 858.94
721.30, 229.85, 606.32
717.58, 232.58, 731.24
713.87, 235.30, 856.15
719.30, 354.80, 603.54
715.58, 357.53, 728.45
711.86, 360.25, 853.37
473.07, 226.02, 101.13
472.05, 225.69, 226.13
471.03, 225.37, 351.12
469.87, 350.97, 101.43
468.85, 350.65, 226.43
467.82, 350.33, 351.42
466.66, 475.93, 101.73
465.64, 475.61, 226.72
464.62, 475.29, 351.72
598.03, 229.22, 102.16
597.01, 228.90, 227.16
595.99, 228.57, 352.15
594.82, 354.18, 102.46
593.80, 353.86, 227.45
592.78, 353.53, 352.45
591.61, 479.14, 102.76
590.59, 478.82, 227.75
589.57, 478.49, 352.75
722.98, 232.43, 103.19
721.96, 232.10, 228.19
720.94, 231.78, 353.18
719.78, 357.39, 103.49
718.75, 357.06, 228.48
717.73, 356.74, 353.48
716.57, 482.35, 103.79
715.55, 482.02, 228.78
714.52, 481.70, 353.78
473.01, 226.58, 224.55
476.71, 224.95, 349.48
480.41, 223.32, 474.41
474.14, 351.56, 226.14
477.84, 349.93, 351.08
481.54, 348.30, 476.01
475.27, 476.55, 227.74
478.97, 474.92, 352.67
482.67, 473.29, 477.61
597.95, 225.50, 220.83
601.65, 223.87, 345.77
605.35, 222.24, 470.70
599.08, 350.48, 222.43
602.78, 348.85, 347.36
606.48, 347.22, 472.30
600.21, 475.47, 224.02
603.91, 473.84, 348.96
607.61, 472.21, 473.89
722.89, 224.41, 217.12
726.59, 222.78, 342.05
730.29, 221.16, 466.99
724.02, 349.40, 218.71
727.72, 347.77, 343.65
731.42, 346.14, 468.58
725.15, 474.38, 220.31
728.85, 472.75, 345.24
732.55, 471.12, 470.18
474.03, 223.39, 348.74
477.49, 225.02, 473.68
480.96, 226.64, 598.62
471.61, 348.36, 347.19
475.07, 349.98, 472.13
478.53, 351.60, 597.07
469.18, 473.33, 345.63
472.65, 474.95, 470.58
476.11, 476.57, 595.52
598.96, 225.77, 345.25
602.42, 227.39, 470.19
605.89, 229.01, 595.13
596.53, 350.74, 343.69
600.00, 352.36, 468.63
603.46, 353.98, 593.58
594.11, 475.71, 342.14
597.58, 477.33, 467.08
601.04, 478.95, 592.02
723.89, 228.15, 341.75
727.35, 229.77, 466.69
730.81, 231.39, 591.63
721.46, 353.12, 340.20
724.93, 354.74, 465.14
728.39, 356.36, 590.08
719.04, 478.09, 338.64
722.50, 479.71, 463.59
725.97, 481.33, 588.53
473.20, 223.14, 474.06
472.76, 219.44, 599.00
472.33, 215.74, 723.95
476.49, 348.05, 477.77
476.05, 344.35, 602.71
475.62, 340.65, 727.66
479.78, 472.95, 481.48
479.34, 469.25, 606.42
478.91, 465.55, 731.37
598.15, 219.84, 474.40
597.72, 216.14, 599.34
597.28, 212.44, 724.29
601.44, 344.74, 478.11
601.01, 341.04, 603.05
600.57, 337.34, 728.00
604.73, 469.65, 481.82
604.30, 465.95, 606.76
603.86, 462.24, 731.71
723.11, 216.54, 474.73
722.67, 212.84, 599.68
722.24, 209.14, 724.62
726.40, 341.44, 478.44
725.96, 337.74, 603.39
725.53, 334.04, 728.33
729.69, 466.34, 482.15
729.26, 462.64, 607.10
728.82, 458.94, 732.04
474.24, 224.90, 601.18
477.57, 225.98, 726.13
480.90, 227.06, 851.08
471.75, 349.88, 600.17
475.09, 350.95, 725.12
478.42, 352.03, 850.07
469.27, 474.85, 599.16
472.61, 475.93, 724.11
475.94, 477.00, 849.06
599.17, 227.36, 597.83
602.50, 228.44, 722.78
605.83, 229.51, 847.73
596.69, 352.33, 596.82
600.02, 353.41, 721.77
603.35, 354.49, 846.72
594.20, 477.30, 595.80
597.54, 478.38, 720.75
600.87, 479.46, 845.70
724.10, 229.81, 594.48
727.43, 230.89, 719.43
730.76, 231.97, 844.38
721.62, 354.78, 593.46
724.95, 355.86, 718.41
728.28, 356.94, 843.36
719.14, 479.75, 592.45
722.47, 480.83, 717.40
725.80, 481.91, 842.35
474.68, 351.92, 98.64
471.00, 352.16, 223.58
467.32, 352.41, 348.53
471.22, 476.87, 98.29
467.54, 477.12, 223.23
463.86, 477.36, 348.18
467.76, 601.82, 97.94
464.08, 602.07, 222.88
460.40, 602.32, 347.83
599.58, 355.39, 102.31
595.90, 355.63, 227.25
592.22, 355.88, 352.20
596.11, 480.34, 101.96
592.44, 480.59, 226.90
588.76, 480.83, 351.85
592.65, 605.29, 101.61
588.98, 605.54, 226.55
585.30, 605.79, 351.50
724.47, 358.86, 105.98
720.79, 359.10, 230.92
717.12, 359.35, 355.87
721.01, 483.81, 105.63
717.33, 484.05, 230.57
713.65, 484.30, 355.52
717.55, 608.76, 105.28
713.87, 609.01, 230.22
710.19, 609.25, 355.17
475.98, 351.16, 225.73
478.35, 353.92, 350.68
480.72, 356.69, 475.63
472.26, 476.07, 223.04
474.62, 478.84, 347.99
476.99, 481.60, 472.93
468.53, 600.99, 220.35
470.90, 603.75, 345.29
473.27, 606.52, 470.24
600.90, 354.83, 223.28
603.27, 357.60, 348.23
605.64, 360.36, 473.18
597.18, 479.75, 220.59
599.55, 482.51, 345.54
601.91, 485.28, 470.49
593.45, 604.66, 217.90
595.82, 607.43, 342.85
598.19, 610.19, 467.79
725.83, 358.51, 220.84
728.19, 361.27, 345.78
730.56, 364.03, 470.73
722.10, 483.42, 218.14
724.47, 486.18, 343.09
726.84, 488.95, 468.04
718.37, 608.34, 215.45
720.74, 611.10, 340.40
723.11, 613.86, 465.34
475.20, 350.33, 349.30
478.66, 347.41, 474.22
482.11, 344.49, 599.14
476.63, 475.29, 352.18
480.09, 472.37, 477.10
483.54, 469.45, 602.02
478.06, 600.25, 355.07
481.52, 597.33, 479.98
484.97, 594.40, 604.90
600.15, 348.98, 345.81
603.60, 346.06, 470.73
607.05, 343.14, 595.65
601.58, 473.94, 348.70
605.03, 471.02, 473.62
608.48, 468.10, 598.53
603.01, 598.90, 351.58
606.46, 595.98, 476.50
609.91, 593.05, 601.42
725.09, 347.63, 342.33
728.54, 344.71, 467.25
732.00, 341.79, 592.17
726.52, 472.59, 345.21
729.97, 469.67, 470.13
733.43, 466.75, 595.05
727.95, 597.55, 348.10
731.40, 594.63, 473.01
734.86, 591.71, 597.93
476.99, 350.14, 473.54
474.11, 347.61, 598.48
471.22, 345.08, 723.42
477.19, 475.12, 476.07
474.30, 472.58, 601.01
471.42, 470.05, 725.96
477.38, 600.09, 478.61
474.50, 597.56, 603.55
471.61, 595.03, 728.49
601.96, 349.89, 476.42
599.07, 347.36, 601.36
596.19, 344.82, 726.30
602.15, 474.86, 478.95
599.27, 472.33, 603.90
596.38, 469.80, 728.84
602.35, 599.84, 481.49
599.46, 597.30, 606.43
596.58, 594.77, 731.37
726.93, 349.63, 479.30
724.04, 347.10, 604.24
721.15, 344.57, 729.18
727.12, 474.61, 481.84
724.24, 472.08, 606.78
721.35, 469.55, 731.72
727.32, 599.58, 484.37
724.43, 597.05, 609.31
721.54, 594.52, 734.25
476.67, 349.69, 599.89
474.75, 353.15, 724.83
472.84, 356.60, 849.77
480.16, 474.60, 596.49
478.25, 478.05, 721.43
476.33, 481.51, 846.36
483.66, 599.50, 593.09
481.74, 602.96, 718.03
479.83, 606.41, 842.96
601.61, 346.25, 601.90
599.69, 349.71, 726.84
597.78, 353.16, 851.77
605.10, 471.16, 598.50
603.19, 474.61, 723.44
601.27, 478.07, 848.37
608.59, 596.06, 595.10
606.68, 599.52, 720.04
604.77, 602.97, 844.97
726.54, 342.81, 603.91
724.63, 346.27, 728.85
722.71, 349.72, 853.78
730.04, 467.72, 600.51
728.12, 471.17, 725.45
726.21, 474.63, 850.38
733.53, 592.62, 597.11
731.62, 596.08, 722.05
729.70, 599.53, 846.98
476.85, 474.38, 100.86
477.83, 474.76, 225.85
478.81, 475.15, 350.85
478.48, 599.37, 100.46
479.46, 599.75, 225.46
480.44, 600.14, 350.45
480.11, 724.36, 100.07
481.09, 724.74, 225.06
482.06, 725.13, 350.06
601.84, 472.75, 99.89
602.82, 473.13, 224.88
603.79, 473.52, 349.88
603.47, 597.74, 99.49
604.45, 598.12, 224.49
605.42, 598.51, 349.48
605.10, 722.73, 99.09
606.07, 723.11, 224.09
607.05, 723.49, 349.09
726.83, 471.12, 98.92
727.80, 471.50, 223.91
728.78, 471.89, 348.91
728.45, 596.11, 98.52
729.43, 596.49, 223.52
730.41, 596.87, 348.51
730.08, 721.09, 98.12
731.06, 721.48, 223.12
732.04, 721.86, 348.12
473.68, 475.80, 223.14
474.06, 479.05, 348.10
474.44, 482.30, 473.06
473.24, 600.76, 219.90
473.62, 604.01, 344.85
474.00, 607.26, 469.81
472.80, 725.71, 216.65
473.18, 728.96, 341.60
473.56, 732.21, 466.56
598.68, 476.23, 222.75
599.06, 479.48, 347.71
599.44, 482.73, 472.67
598.24, 601.19, 219.50
598.62, 604.44, 344.46
599.00, 607.69, 469.42
597.80, 726.14, 216.25
598.18, 729.39, 341.21
598.56, 732.64, 466.17
723.68, 476.66, 222.36
724.06, 479.91, 347.32
724.44, 483.16, 472.27
723.24, 601.62, 219.11
723.62, 604.87, 344.07
724.00, 608.12, 469.02
722.79, 726.58, 215.86
723.18, 729.82, 340.82
723.56, 733.07, 465.78
476.14, 475.81, 351.24
472.51, 473.74, 476.17
468.88, 471.67, 601.10
473.69, 600.77, 353.24
470.06, 598.70, 478.17
466.43, 596.63, 603.10
471.24, 725.73, 355.24
467.61, 723.66, 480.17
463.99, 721.59, 605.10
601.06, 478.20, 354.90
597.43, 476.13, 479.83
593.80, 474.06, 604.76
598.61, 603.16, 356.90
594.98, 601.09, 481.83
591.36, 599.02, 606.76
596.16, 728.12, 358.90
592.54, 726.05, 483.83
588.91, 723.98, 608.76
725.98, 480.59, 358.57
722.36, 478.52, 483.50
718.73, 476.45, 608.43
723.53, 605.55, 360.57
719.91, 603.48, 485.50
716.28, 601.41, 610.43
721.09, 730.51, 362.57
717.46, 728.44, 487.50
713.83, 726.37, 612.43
476.04, 475.02, 473.25
479.47, 474.30, 598.20
482.90, 473.58, 723.15
477.47, 600.01, 473.93
480.90, 599.29, 598.88
484.33, 598.57, 723.83
478.91, 725.00, 474.61
482.34, 724.28, 599.56
485.77, 723.56, 724.51
600.99, 473.61, 469.81
604.42, 472.89, 594.76
607.85, 472.17, 719.71
602.42, 598.60, 470.49
605.85, 597.88, 595.44
609.28, 597.16, 720.39
603.85, 723.59, 471.17
607.28, 722.87, 596.12
610.71, 722.15, 721.07
725.93, 472.20, 466.37
729.36, 471.48, 591.32
732.79, 470.76, 716.27
727.36, 597.19, 467.05
730.79, 596.47, 592.00
734.22, 595.75, 716.95
728.79, 722.18, 467.73
732.23, 721.46, 592.68
735.66, 720.74, 717.64
474.73, 474.97, 598.81
478.36, 473.69, 723.75
482.00, 472.40, 848.69
477.89, 599.93, 600.01
481.53, 598.64, 724.95
485.17, 597.35, 849.89
481.06, 724.88, 601.20
484.70, 723.59, 726.14
488.34, 722.31, 851.09
599.63, 471.84, 595.14
603.27, 470.55, 720.08
606.91, 469.27, 845.02
602.80, 596.80, 596.34
606.44, 595.51, 721.28
610.08, 594.22, 846.22
605.97, 721.75, 597.53
609.61, 720.46, 722.47
613.24, 719.18, 847.42
724.54, 468.71, 591.47
728.18, 467.42, 716.41
731.82, 466.14, 841.36
727.71, 593.67, 592.67
731.35, 592.38, 717.61
734.98, 591.09, 842.55
730.87, 718.62, 593.86
734.51, 717.33, 718.81
738.15, 716.05, 843.75
475.59, 599.12, 100.35
475.83, 600.61, 225.34
476.07, 602.09, 350.33
472.54, 724.08, 98.87
472.78, 725.56, 223.86
473.02, 727.04, 348.86
469.48, 849.03, 97.40
469.72, 850.51, 222.39
469.96, 852.00, 347.38
600.55, 602.17, 100.07
600.79, 603.66, 225.07
601.03, 605.14, 350.06
597.50, 727.13, 98.60
597.74, 728.61, 223.59
597.98, 730.09, 348.58
594.44, 852.08, 97.12
594.68, 853.56, 222.11
594.93, 855.05, 347.10
725.51, 605.22, 99.80
725.76, 606.71, 224.79
726.00, 608.19, 349.78
722.46, 730.18, 98.32
722.70, 731.66, 223.31
722.94, 733.15, 348.30
719.41, 855.13, 96.84
719.65, 856.62, 221.83
719.89, 858.10, 346.82
473.06, 599.94, 225.86
471.14, 601.12, 350.84
469.23, 602.30, 475.82
470.83, 724.91, 224.65
468.91, 726.09, 349.63
467.00, 727.27, 474.61
468.60, 849.89, 223.44
466.68, 851.07, 348.42
464.77, 852.24, 473.40
598.02, 602.19, 227.76
596.11, 603.37, 352.74
594.19, 604.55, 477.72
595.79, 727.16, 226.54
593.88, 728.34, 351.52
591.96, 729.52, 476.50
593.56, 852.14, 225.33
591.65, 853.32, 350.31
589.73, 854.49, 475.29
722.99, 604.44, 229.65
721.07, 605.62, 354.63
719.16, 606.79, 479.61
720.76, 729.41, 228.44
718.84, 730.59, 353.42
716.93, 731.77, 478.40
718.53, 854.39, 227.22
716.61, 855.56, 352.20
714.70, 856.74, 477.18
474.87, 599.43, 348.85
472.45, 598.74, 473.83
470.02, 598.04, 598.80
477.54, 724.40, 349.60
475.12, 723.71, 474.57
472.69, 723.01, 599.55
480.22, 849.37, 350.34
477.79, 848.68, 475.32
475.36, 847.98, 600.29
599.82, 596.75, 351.26
597.40, 596.05, 476.24
594.97, 595.36, 601.21
602.49, 721.72, 352.01
600.07, 721.02, 476.98
597.64, 720.33, 601.96
605.16, 846.69, 352.75
602.74, 845.99, 477.73
600.31, 845.30, 602.70
724.77, 594.06, 353.67
722.34, 593.37, 478.65
719.92, 592.68, 603.62
727.44, 719.03, 354.42
725.01, 718.34, 479.39
722.59, 717.64, 604.37
730.11, 844.00, 355.16
727.69, 843.31, 480.14
725.26, 842.61, 605.11
474.89, 599.50, 473.23
474.78, 596.97, 598.21
474.67, 594.44, 723.18
478.19, 724.43, 475.76
478.08, 721.90, 600.74
477.97, 719.37, 725.71
481.48, 849.36, 478.29
481.37, 846.83, 603.27
481.26, 844.31, 728.24
599.85, 596.20, 473.28
599.74, 593.68, 598.25
599.63, 591.15, 723.23
603.15, 721.13, 475.81
603.03, 718.61, 600.78
602.92, 716.08, 725.76
606.44, 846.07, 478.34
606.33, 843.54, 603.31
606.22, 841.01, 728.29
724.81, 592.91, 473.32
724.69, 590.38, 598.30
724.58, 587.85, 723.27
728.10, 717.84, 475.85
727.99, 715.31, 600.83
727.88, 712.78, 725.80
731.40, 842.77, 478.38
731.29, 840.24, 603.36
731.17, 837.71, 728.33
474.42, 598.02, 601.15
473.71, 598.51, 726.15
473.00, 598.99, 851.14
474.27, 723.02, 600.67
473.56, 723.50, 725.66
472.86, 723.99, 850.66
474.13, 848.02, 600.18
473.42, 848.50, 725.18
472.71, 848.98, 850.18
599.41, 598.17, 601.86
598.70, 598.65, 726.85
598.00, 599.13, 851.85
599.27, 723.17, 601.37
598.56, 723.65, 726.37
597.85, 724.13, 851.37
599.13, 848.17, 600.89
598.42, 848.65, 725.89
597.71, 849.13, 850.89
724.41, 598.31, 602.56
723.70, 598.80, 727.56
722.99, 599.28, 852.56
724.27, 723.31, 602.08
723.56, 723.80, 727.08
722.85, 724.28, 852.08
724.13, 848.31, 601.60
723.42, 848.79, 726.60
722.71, 849.28, 851.59
599.06, 98.78, 99.25
598.21, 101.96, 224.20
597.37, 105.13, 349.16
600.81, 223.73, 96.09
599.96, 226.90, 221.04
599.12, 230.08, 346.00
602.56, 348.68, 92.93
601.71, 351.85, 217.88
600.86, 355.02, 342.84
724.04, 97.06, 100.14
723.20, 100.23, 225.09
722.35, 103.40, 350.05
725.79, 222.00, 96.98
724.95, 225.18, 221.93
724.10, 228.35, 346.89
727.54, 346.95, 93.82
726.70, 350.12, 218.77
725.85, 353.30, 343.73
849.03, 95.33, 101.03
848.18, 98.50, 225.98
847.34, 101.67, 350.94
850.78, 220.28, 97.87
849.93, 223.45, 222.82
849.09, 226.62, 347.78
852.53, 345.23, 94.71
851.68, 348.40, 219.66
850.83, 351.57, 344.62
598.83, 99.30, 225.25
599.47, 102.35, 350.21
600.10, 105.40, 475.17
602.20, 224.22, 222.19
602.84, 227.27, 347.15
603.47, 230.32, 472.11
605.57, 349.14, 219.12
606.21, 352.19, 344.08
606.84, 355.24, 469.04
723.78, 95.92, 224.70
724.42, 98.97, 349.66
725.05, 102.02, 474.62
727.15, 220.83, 221.63
727.79, 223.88, 346.59
728.42, 226.94, 471.56
730.53, 345.75, 218.57
731.16, 348.80, 343.53
731.79, 351.85, 468.49
848.74, 92.53, 224.15
849.37, 95.58, 349.11
850.01, 98.63, 474.07
852.11, 217.45, 221.08
852.74, 220.50, 346.04
853.38, 223.55, 471.00
855.48, 342.37, 218.01
856.11, 345.42, 342.98
856.75, 348.47, 467.94
598.48, 98.14, 351.09
598.31, 99.85, 476.07
598.14, 101.55, 601.06
600.06, 223.12, 349.38
599.89, 224.83, 474.37
599.72, 226.53, 599.36
601.65, 348.10, 347.68
601.48, 349.80, 472.66
601.31, 351.51, 597.65
723.47, 96.56, 351.28
723.30, 98.27, 476.27
723.13, 99.97, 601.26
725.05, 221.54, 349.57
724.88, 223.24, 474.56
724.71, 224.95, 599.55
726.64, 346.51, 347.87
726.47, 348.22, 472.86
726.30, 349.93, 597.85
848.46, 94.98, 351.47
848.29, 96.68, 476.46
848.12, 98.39, 601.45
850.04, 219.95, 349.77
849.87, 221.66, 474.76
849.70, 223.37, 599.74
851.63, 344.93, 348.06
851.46, 346.64, 473.05
851.29, 348.35, 598.04
600.38, 101.85, 475.21
598.14, 100.30, 600.18
595.91, 98.75, 725.15
598.72, 226.83, 476.73
596.49, 225.28, 601.70
594.25, 223.73, 726.67
597.07, 351.81, 478.26
594.84, 350.26, 603.23
592.60, 348.71, 728.20
725.35, 103.48, 477.46
723.11, 101.92, 602.43
720.88, 100.37, 727.41
723.69, 228.46, 478.99
721.46, 226.90, 603.96
719.22, 225.35, 728.93
722.04, 353.44, 480.51
719.81, 351.88, 605.48
717.57, 350.33, 730.45
850.32, 105.10, 479.72
848.08, 103.55, 604.69
845.85, 102.00, 729.66
848.66, 230.08, 481.24
846.43, 228.53, 606.21
844.19, 226.98, 731.18
847.01, 355.06, 482.77
844.77, 353.51, 607.74
842.54, 351.96, 732.71
601.65, 101.35, 600.95
598.93, 101.25, 725.92
596.21, 101.15, 850.89
601.04, 226.35, 601.03
598.32, 226.25, 726.00
595.60, 226.15, 850.97
600.43, 351.35, 601.12
597.71, 351.25, 726.09
594.99, 351.15, 851.06
726.62, 101.96, 603.66
723.90, 101.86, 728.64
721.18, 101.76, 853.61
726.01, 226.96, 603.75
723.29, 226.86, 728.72
720.57, 226.76, 853.69
725.40, 351.96, 603.84
722.68, 351.86, 728.81
719.96, 351.76, 853.78
851.59, 102.57, 606.38
848.87, 102.47, 731.36
846.15, 102.37, 856.33
850.98, 227.57, 606.47
848.26, 227.47, 731.44
845.54, 227.37, 856.41
850.37, 352.57, 606.56
847.65, 352.47, 731.53
844.93, 352.36, 856.50
600.56, 225.71, 99.21
602.65, 224.15, 224.18
604.74, 222.59, 349.15
597.77, 350.67, 100.82
599.86, 349.11, 225.79
601.96, 347.55, 350.76
594.98, 475.63, 102.42
597.08, 474.07, 227.40
599.17, 472.50, 352.37
725.51, 228.52, 97.15
727.60, 226.96, 222.13
729.70, 225.40, 347.10
722.72, 353.48, 98.76
724.82, 351.92, 223.73
726.91, 350.36, 348.71
719.94, 478.44, 100.37
722.03, 476.88, 225.34
724.12, 475.32, 350.31
850.46, 231.34, 95.10
852.56, 229.78, 220.07
854.65, 228.22, 345.04
847.67, 356.30, 96.70
849.77, 354.74, 221.68
851.86, 353.18, 346.65
844.89, 481.26, 98.31
846.98, 479.69, 223.28
849.07, 478.13, 348.26
600.39, 225.36, 225.84
602.98, 225.78, 350.81
605.57, 226.20, 475.79
601.93, 350.35, 225.39
604.52, 350.77, 350.36
607.11, 351.19, 475.33
603.47, 475.34, 224.94
606.06, 475.76, 349.91
608.65, 476.18, 474.88
725.36, 223.81, 223.26
727.94, 224.23, 348.23
730.53, 224.65, 473.21
726.90, 348.80, 222.81
729.48, 349.22, 347.78
732.07, 349.64, 472.75
728.44, 473.79, 222.36
731.03, 474.21, 347.33
733.61, 474.63, 472.30
850.32, 222.26, 220.68
852.91, 222.68, 345.65
855.49, 223.10, 470.62
851.86, 347.25, 220.23
854.45, 347.67, 345.20
857.03, 348.09, 470.17
853.40, 472.24, 219.77
855.99, 472.66, 344.75
858.58, 473.08, 469.72
599.16, 226.70, 348.99
600.48, 226.28, 473.99
601.80, 225.87, 598.98
599.85, 351.70, 349.40
601.17, 351.28, 474.40
602.48, 350.86, 599.39
600.54, 476.70, 349.82
601.85, 476.28, 474.81
603.17, 475.86, 599.80
724.15, 226.02, 347.67
725.47, 225.60, 472.67
726.79, 225.18, 597.66
724.84, 351.02, 348.08
726.16, 350.60, 473.08
727.48, 350.18, 598.07
725.53, 476.01, 348.50
726.84, 475.60, 473.49
728.16, 475.18, 598.48
849.14, 225.34, 346.35
850.46, 224.92, 471.35
851.78, 224.50, 596.34
849.83, 350.33, 346.76
851.15, 349.92, 471.76
852.47, 349.50, 596.75
850.52, 475.33, 347.17
851.84, 474.91, 472.17
853.15, 474.50, 597.16
601.54, 225.93, 476.96
599.55, 222.69, 601.90
597.56, 219.45, 726.85
604.86, 350.84, 480.25
602.87, 347.60, 605.20
600.87, 344.36, 730.14
608.17, 475.75, 483.55
606.18, 472.51, 608.49
604.19, 469.27, 733.43
726.48, 222.56, 478.87
724.49, 219.32, 603.81
722.50, 216.08, 728.75
729.80, 347.47, 482.16
727.81, 344.23, 607.10
725.81, 340.99, 732.04
733.12, 472.39, 485.45
731.12, 469.14, 610.39
729.13, 465.90, 735.34
851.42, 219.19, 480.77
849.43, 215.95, 605.72
847.44, 212.71, 730.66
854.74, 344.11, 484.07
852.75, 340.87, 609.01
850.75, 337.63, 733.95
858.06, 469.02, 487.36
856.06, 465.78, 612.30
854.07, 462.54, 737.24
601.15, 225.90, 598.37
599.11, 229.46, 723.30
597.06, 233.01, 848.24
598.95, 350.83, 594.78
596.91, 354.39, 719.71
594.86, 357.94, 844.64
596.75, 475.76, 591.19
594.71, 479.31, 716.12
592.66, 482.87, 841.05
726.12, 228.16, 600.35
724.07, 231.71, 725.28
722.03, 235.27, 850.22
723.92, 353.09, 596.76
721.87, 356.64, 721.69
719.83, 360.20, 846.62
721.72, 478.02, 593.17
719.67, 481.57, 718.10
717.62, 485.13, 843.03
851.08, 230.42, 602.33
849.03, 233.97, 727.27
846.99, 237.53, 852.20
848.88, 355.35, 598.74
846.83, 358.90, 723.67
844.79, 362.46, 848.61
846.68, 480.27, 595.15
844.63, 483.83, 720.08
842.59, 487.39, 845.01
599.40, 349.56, 98.79
598.79, 348.08, 223.78
598.19, 346.59, 348.77
598.75, 474.55, 100.27
598.14, 473.07, 225.26
597.54, 471.58, 350.25
598.10, 599.54, 101.75
597.50, 598.06, 226.74
596.89, 596.57, 351.73
724.39, 350.20, 99.40
723.79, 348.72, 224.39
723.18, 347.24, 349.38
723.75, 475.19, 100.88
723.14, 473.71, 225.87
722.54, 472.23, 350.86
723.10, 600.18, 102.36
722.49, 598.70, 227.35
721.89, 597.22, 352.34
849.39, 350.85, 100.01
848.79, 349.36, 225.00
848.18, 347.88, 349.99
848.74, 475.83, 101.49
848.14, 474.35, 226.48
847.53, 472.87, 351.47
848.09, 600.82, 102.98
847.49, 599.34, 227.96
846.88, 597.86, 352.95
598.53, 350.63, 224.63
595.94, 353.97, 349.56
593.35, 357.32, 474.49
594.90, 475.53, 221.21
592.31, 478.87, 346.14
589.72, 482.22, 471.07
591.27, 600.43, 217.80
588.68, 603.77, 342.73
586.09, 607.12, 467.66
723.45, 354.33, 227.12
720.86, 357.67, 352.05
718.27, 361.01, 476.98
719.82, 479.23, 223.71
717.23, 482.57, 348.63
714.64, 485.91, 473.56
716.19, 604.13, 220.29
713.60, 607.47, 345.22
711.01, 610.81, 470.15
848.37, 358.03, 229.61
845.78, 361.37, 354.54
843.19, 364.71, 479.47
844.74, 482.93, 226.20
842.15, 486.27, 351.12
839.56, 489.61, 476.05
841.11, 607.83, 222.78
838.52, 611.17, 347.71
835.93, 614.51, 472.64
601.03, 348.07, 348.71
598.32, 345.49, 473.66
595.62, 342.90, 598.60
603.58, 473.02, 351.35
600.88, 470.43, 476.30
598.18, 467.85, 601.24
606.14, 597.96, 353.99
603.44, 595.38, 478.94
600.73, 592.80, 603.88
725.97, 345.46, 351.36
723.27, 342.87, 476.31
720.56, 340.29, 601.25
728.53, 470.40, 354.00
725.82, 467.82, 478.95
723.12, 465.24, 603.89
731.09, 595.35, 356.64
728.38, 592.77, 481.59
725.68, 590.18, 606.53
850.92, 342.84, 354.01
848.21, 340.26, 478.96
845.51, 337.68, 603.90
853.47, 467.79, 356.65
850.77, 465.21, 481.60
848.07, 462.62, 606.54
856.03, 592.74, 359.29
853.33, 590.15, 484.23
850.62, 587.57, 609.18
601.23, 351.32, 475.55
598.04, 349.65, 600.50
594.85, 347.98, 725.45
602.07, 476.31, 477.24
598.88, 474.63, 602.19
595.69, 472.96, 727.14
602.91, 601.29, 478.94
599.72, 599.62, 603.88
596.53, 597.95, 728.83
726.19, 350.44, 478.73
723.00, 348.77, 603.68
719.81, 347.10, 728.63
727.03, 475.43, 480.42
723.84, 473.75, 605.37
720.65, 472.08, 730.32
727.87, 600.41, 482.12
724.68, 598.74, 607.06
721.48, 597.07, 732.01
851.15, 349.56, 481.91
847.96, 347.89, 606.86
844.77, 346.22, 731.80
851.99, 474.54, 483.60
848.79, 472.87, 608.55
845.60, 471.20, 733.50
852.82, 599.53, 485.30
849.63, 597.86, 610.24
846.44, 596.19, 735.19
598.52, 348.51, 600.30
597.28, 347.48, 725.29
596.05, 346.46, 850.28
595.05, 473.45, 601.29
593.82, 472.43, 726.28
592.59, 471.41, 851.27
591.59, 598.40, 602.27
590.36, 597.38, 727.26
589.13, 596.36, 852.25
723.46, 351.96, 601.56
722.23, 350.94, 726.55
721.00, 349.92, 851.54
720.00, 476.91, 602.55
718.77, 475.89, 727.54
717.54, 474.86, 852.53
716.53, 601.85, 603.53
715.30, 600.83, 728.52
714.07, 599.81, 853.51
848.41, 355.41, 602.82
847.18, 354.39, 727.81
845.95, 353.37, 852.80
844.94, 480.36, 603.80
843.71, 479.34, 728.79
842.48, 478.32, 853.78
841.48, 605.31, 604.79
840.25, 604.29, 729.78
839.02, 603.27, 854.77
598.52, 474.26, 100.30
597.38, 472.44, 225.28
596.23, 470.61, 350.26
601.31, 599.22, 102.15
600.17, 597.39, 227.13
599.02, 595.57, 352.12
604.10, 724.17, 104.00
602.95, 722.35, 228.98
601.81, 720.52, 353.97
723.49, 471.46, 101.41
722.34, 469.63, 226.39
721.20, 467.81, 351.37
726.27, 596.42, 103.26
725.13, 594.59, 228.24
723.98, 592.76, 353.22
729.06, 721.37, 105.11
727.92, 719.54, 230.09
726.77, 717.72, 355.07
848.45, 468.66, 102.51
847.31, 466.83, 227.49
846.16, 465.01, 352.47
851.24, 593.61, 104.36
850.09, 591.79, 229.34
848.95, 589.96, 354.32
854.02, 718.57, 106.21
852.88, 716.74, 231.19
851.73, 714.92, 356.17
599.88, 475.00, 226.96
599.96, 476.01, 351.96
600.05, 477.01, 476.95
599.01, 599.99, 225.95
599.09, 601.00, 350.95
599.18, 602.00, 475.95
598.14, 724.98, 224.95
598.22, 725.99, 349.95
598.31, 727.00, 474.94
724.88, 475.87, 226.87
724.96, 476.87, 351.87
725.04, 477.88, 476.86
724.01, 600.86, 225.86
724.09, 601.87, 350.86
724.17, 602.87, 475.86
723.14, 725.85, 224.86
723.22, 726.86, 349.85
723.30, 727.87, 474.85
849.87, 476.74, 226.78
849.96, 477.74, 351.78
850.04, 478.75, 476.77
849.00, 601.73, 225.77
849.09, 602.74, 350.77
849.17, 603.74, 475.77
848.13, 726.72, 224.77
848.22, 727.73, 349.76
848.30, 728.73, 474.76
598.81, 475.13, 350.82
597.51, 474.29, 475.82
596.21, 473.45, 600.81
601.63, 600.10, 351.70
600.33, 599.26, 476.69
599.03, 598.41, 601.68
604.45, 725.06, 352.57
603.15, 724.22, 477.56
601.85, 723.38, 602.55
723.77, 472.31, 352.10
722.47, 471.46, 477.09
721.18, 470.62, 602.08
726.59, 597.27, 352.97
725.29, 596.43, 477.96
723.99, 595.59, 602.95
729.41, 722.24, 353.85
728.11, 721.39, 478.84
726.81, 720.55, 603.83
848.73, 469.48, 353.38
847.43, 468.64, 478.37
846.14, 467.79, 603.36
851.55, 594.44, 354.25
850.25, 593.60, 479.24
848.96, 592.76, 604.23
854.37, 719.41, 355.12
853.07, 718.57, 480.11
851.77, 717.72, 605.10
599.22, 474.00, 476.55
598.40, 477.72, 601.49
597.58, 481.45, 726.44
599.37, 598.94, 472.83
598.55, 602.67, 597.77
597.73, 606.40, 722.71
599.52, 723.89, 469.10
598.70, 727.61, 594.04
597.88, 731.34, 718.98
724.21, 473.87, 477.38
723.40, 477.60, 602.32
722.58, 481.33, 727.26
724.36, 598.82, 473.65
723.55, 602.54, 598.59
722.73, 606.27, 723.53
724.51, 723.76, 469.92
723.70, 727.49, 594.86
722.88, 731.22, 719.80
849.21, 473.74, 478.20
848.39, 477.47, 603.14
847.57, 481.20, 728.08
849.36, 598.69, 474.47
848.54, 602.42, 599.41
847.72, 606.15, 724.35
849.51, 723.63, 470.74
848.69, 727.36, 595.69
847.88, 731.09, 720.63
600.08, 476.64, 601.34
598.26, 477.81, 726.32
596.44, 478.99, 851.30
601.70, 601.63, 600.19
599.88, 602.80, 725.17
598.06, 603.97, 850.16
603.32, 726.61, 599.05
601.50, 727.78, 724.03
599.68, 728.95, 849.01
725.06, 475.04, 603.18
723.24, 476.21, 728.16
721.42, 477.38, 853.14
726.67, 600.03, 602.03
724.85, 601.20, 727.01
723.03, 602.37, 851.99
728.29, 725.01, 600.88
726.47, 726.18, 725.86
724.65, 727.35, 850.84
850.03, 473.44, 605.01
848.21, 474.61, 729.99
846.39, 475.78, 854.97
851.65, 598.43, 603.86
849.83, 599.60, 728.84
848.01, 600.77, 853.83
853.27, 723.41, 602.72
851.45, 724.58, 727.70
849.63, 725.75, 852.68
598.79, 599.19, 99.22
599.04, 599.10, 224.22
599.29, 599.00, 349.22
597.14, 724.18, 99.32
597.39, 724.09, 224.32
597.64, 723.99, 349.32
595.49, 849.17, 99.43
595.74, 849.08, 224.43
595.99, 848.98, 349.43
723.78, 600.84, 98.98
724.03, 600.75, 223.98
724.28, 600.65, 348.98
722.13, 725.83, 99.08
722.38, 725.74, 224.08
722.63, 725.64, 349.08
720.48, 850.82, 99.18
720.73, 850.72, 224.18
720.98, 850.63, 349.18
848.77, 602.49, 98.73
849.01, 602.39, 223.73
849.26, 602.30, 348.73
847.12, 727.48, 98.83
847.37, 727.38, 223.83
847.62, 727.29, 348.83
845.47, 852.47, 98.93
845.72, 852.37, 223.93
845.97, 852.28, 348.93
601.42, 598.27, 223.85
601.11, 595.59, 348.82
600.79, 592.91, 473.79
598.29, 723.20, 226.52
597.97, 720.53, 351.49
597.66, 717.85, 476.46
595.15, 848.14, 229.19
594.84, 845.46, 354.16
594.52, 842.78, 479.13
726.38, 601.40, 224.23
726.07, 598.72, 349.20
725.75, 596.04, 474.17
723.25, 726.33, 226.90
722.93, 723.65, 351.87
722.62, 720.97, 476.84
720.11, 851.26, 229.57
719.80, 848.58, 354.54
719.48, 845.91, 479.51
851.34, 604.53, 224.61
851.03, 601.85, 349.58
850.71, 599.17, 474.55
848.21, 729.46, 227.28
847.89, 726.78, 352.25
847.58, 724.10, 477.22
845.07, 854.39, 229.95
844.76, 851.71, 354.92
844.44, 849.03, 479.89
601.67, 600.16, 350.21
604.68, 599.31, 475.17
607.68, 598.47, 600.14
603.65, 725.14, 351.01
606.65, 724.30, 475.97
609.66, 723.45, 600.94
605.63, 850.13, 351.81
608.63, 849.28, 476.77
611.63, 848.43, 601.74
726.62, 598.20, 347.20
729.62, 597.35, 472.16
732.63, 596.51, 597.12
728.60, 723.18, 348.00
731.60, 722.34, 472.96
734.60, 721.49, 597.92
730.58, 848.17, 348.80
733.58, 847.32, 473.76
736.58, 846.47, 598.72
851.57, 596.24, 344.19
854.57, 595.40, 469.15
857.57, 594.55, 594.11
853.55, 721.23, 344.99
856.55, 720.38, 469.95
859.55, 719.53, 594.91
855.53, 846.21, 345.79
858.53, 845.36, 470.75
861.53, 844.51, 595.71
599.20, 600.59, 474.32
598.74, 600.07, 599.32
598.28, 599.55, 724.32
602.53, 725.54, 474.85
602.07, 725.02, 599.85
601.61, 724.50, 724.85
605.87, 850.50, 475.38
605.40, 849.98, 600.38
604.94, 849.46, 725.38
724.16, 597.25, 474.77
723.69, 596.73, 599.77
723.23, 596.21, 724.76
727.49, 722.21, 475.30
727.03, 721.69, 600.30
726.56, 721.17, 725.30
730.82, 847.16, 475.83
730.36, 846.64, 600.83
729.89, 846.12, 725.83
849.11, 593.92, 475.22
848.65, 593.40, 600.22
848.18, 592.88, 725.21
852.44, 718.87, 475.75
851.98, 718.35, 600.75
851.52, 717.83, 725.75
855.77, 843.83, 476.28
855.31, 843.31, 601.28
854.85, 842.79, 726.28
599.58, 598.45, 599.17
602.51, 598.52, 724.13
605.45, 598.59, 849.10
602.39, 723.42, 599.03
605.33, 723.49, 723.99
608.26, 723.56, 848.96
605.21, 848.39, 598.89
608.15, 848.46, 723.86
611.08, 848.53, 848.82
724.51, 595.63, 596.23
727.45, 595.70, 721.20
730.38, 595.77, 846.17
727.33, 720.60, 596.10
730.26, 720.67, 721.06
733.20, 720.74, 846.03
730.15, 845.57, 595.96
733.08, 845.64, 720.93
736.01, 845.71, 845.89
849.45, 592.81, 593.30
852.38, 592.88, 718.27
855.31, 592.95, 843.23
852.26, 717.78, 593.17
855.20, 717.85, 718.13
858.13, 717.92, 843.10
855.08, 842.75, 593.03
858.01, 842.82, 717.99
860.95, 842.89, 842.96
