27, 125, pa2-unknown-h-output1.txt
205.66, 198.35, 203.75
403.04, 403.44, 202.52
99.10, 98.48, 98.23
98.86, 99.15, 223.22
98.62, 99.83, 348.22
99.63, 223.48, 97.56
99.39, 224.15, 222.55
99.15, 224.82, 347.55
100.17, 348.48, 96.89
99.93, 349.15, 221.88
99.69, 349.82, 346.88
224.10, 97.95, 98.47
223.86, 98.62, 223.47
223.62, 99.29, 348.47
224.63, 222.95, 97.80
224.39, 223.62, 222.80
224.15, 224.29, 347.80
225.16, 347.95, 97.13
224.92, 348.62, 222.13
224.68, 349.29, 347.12
349.10, 97.42, 98.71
348.86, 98.09, 223.71
348.62, 98.76, 348.71
349.63, 222.42, 98.04
349.39, 223.09, 223.04
349.15, 223.76, 348.04
350.16, 347.42, 97.37
349.92, 348.09, 222.37
349.68, 348.76, 347.37
101.42, 101.34, 225.97
100.99, 100.15, 350.96
100.55, 98.96, 475.96
98.46, 226.30, 227.15
98.03, 225.11, 352.14
97.59, 223.92, 477.13
95.50, 351.25, 228.32
95.07, 350.07, 353.31
94.63, 348.88, 478.31
226.39, 104.29, 226.43
225.95, 103.11, 351.43
225.52, 101.92, 476.42
223.43, 229.25, 227.61
222.99, 228.06, 352.60
222.56, 226.88, 477.59
220.47, 354.21, 228.78
220.03, 353.02, 353.78
219.60, 351.84, 478.77
351.35, 107.25, 226.89
350.92, 106.06, 351.89
350.48, 104.88, 476.88
348.39, 232.21, 228.07
347.96, 231.02, 353.06
347.52, 229.83, 478.06
345.43, 357.17, 229.25
345.00, 355.98, 354.24
344.56, 354.79, 479.23
100.09, 101.04, 351.96
103.70, 98.52, 476.88
107.31, 96.00, 601.80
101.79, 226.00, 354.43
105.40, 223.48, 479.35
109.02, 220.97, 604.27
103.49, 350.97, 356.90
107.10, 348.45, 481.82
110.72, 345.93, 606.74
225.02, 99.41, 348.31
228.64, 96.89, 473.23
232.25, 94.37, 598.16
226.73, 224.37, 350.78
230.34, 221.85, 475.70
233.95, 219.34, 600.63
228.43, 349.34, 353.25
232.04, 346.82, 478.17
235.65, 344.30, 603.10
349.96, 97.78, 344.67
353.57, 95.26, 469.59
357.19, 92.74, 594.51
351.66, 222.74, 347.14
355.28, 220.23, 472.06
358.89, 217.71, 596.98
353.36, 347.71, 349.60
356.98, 345.19, 474.53
360.59, 342.67, 599.45
99.94, 99.16, 473.13
103.16, 102.52, 598.04
106.39, 105.88, 722.95
97.56, 224.10, 469.83
100.78, 227.45, 594.75
104.01, 230.81, 719.66
95.18, 349.03, 466.54
98.41, 352.39, 591.45
101.63, 355.74, 716.36
224.87, 101.45, 469.84
228.10, 104.81, 594.75
231.32, 108.17, 719.67
222.50, 226.39, 466.55
225.72, 229.74, 591.46
228.94, 233.10, 716.37
220.12, 351.32, 463.25
223.34, 354.68, 588.16
226.57, 358.03, 713.08
349.81, 103.74, 466.55
353.03, 107.10, 591.47
356.26, 110.46, 716.38
347.43, 228.68, 463.26
350.66, 232.03, 588.17
353.88, 235.39, 713.09
345.05, 353.61, 459.96
348.28, 356.97, 584.88
351.50, 360.32, 709.79
99.58, 99.75, 600.62
101.53, 97.11, 725.58
103.47, 94.46, 850.54
102.43, 224.70, 603.23
104.37, 222.05, 728.19
106.31, 219.40, 853.14
105.27, 349.64, 605.83
107.21, 346.99, 730.79
109.15, 344.34, 855.75
224.54, 96.95, 598.62
226.48, 94.31, 723.58
228.42, 91.66, 848.53
227.38, 221.90, 601.23
229.32, 219.25, 726.18
231.27, 216.60, 851.14
230.22, 346.84, 603.83
232.16, 344.19, 728.79
234.11, 341.54, 853.74
349.49, 94.15, 596.62
351.43, 91.51, 721.57
353.38, 88.86, 846.53
352.33, 219.10, 599.22
354.27, 216.45, 724.18
356.22, 213.80, 849.14
355.17, 344.04, 601.83
357.12, 341.39, 726.78
359.06, 338.74, 851.74
100.28, 225.07, 98.74
101.04, 225.75, 223.74
101.79, 226.44, 348.73
101.24, 350.06, 98.05
102.00, 350.75, 223.05
102.75, 351.43, 348.04
102.20, 475.05, 97.36
102.96, 475.74, 222.35
103.71, 476.43, 347.35
225.28, 224.10, 97.99
226.03, 224.79, 222.99
226.78, 225.47, 347.98
226.24, 349.10, 97.30
226.99, 349.78, 222.30
227.74, 350.47, 347.29
227.20, 474.09, 96.61
227.95, 474.78, 221.61
228.70, 475.46, 346.60
350.27, 223.14, 97.24
351.02, 223.82, 222.24
351.78, 224.51, 347.24
351.23, 348.13, 96.55
351.98, 348.82, 221.55
352.74, 349.50, 346.54
352.19, 473.13, 95.86
352.94, 473.81, 220.86
353.70, 474.50, 345.85
101.95, 226.60, 225.11
101.66, 224.62, 350.09
101.37, 222.64, 475.07
105.67, 351.53, 227.10
105.38, 349.55, 352.08
105.09, 347.57, 477.06
109.39, 476.46, 229.09
109.10, 474.48, 354.07
108.80, 472.49, 479.05
226.90, 222.88, 225.34
226.61, 220.90, 350.32
226.31, 218.92, 475.31
230.61, 347.81, 227.33
230.32, 345.83, 352.31
230.03, 343.84, 477.30
234.33, 472.74, 229.32
234.04, 470.76, 354.30
233.75, 468.77, 479.29
351.84, 219.16, 225.57
351.55, 217.18, 350.55
351.26, 215.19, 475.54
355.56, 344.09, 227.56
355.27, 342.11, 352.54
354.98, 340.12, 477.53
359.28, 469.02, 229.55
358.98, 467.03, 354.53
358.69, 465.05, 479.52
100.06, 226.03, 348.62
98.66, 225.97, 473.61
97.26, 225.90, 598.60
98.68, 351.02, 348.67
97.28, 350.96, 473.66
95.88, 350.89, 598.65
97.31, 476.02, 348.72
95.91, 475.95, 473.71
94.51, 475.89, 598.70
225.04, 227.41, 350.02
223.64, 227.34, 475.01
222.24, 227.28, 600.00
223.67, 352.40, 350.07
222.27, 352.33, 475.06
220.87, 352.27, 600.05
222.29, 477.39, 350.12
220.89, 477.33, 475.11
219.49, 477.26, 600.10
350.03, 228.78, 351.42
348.63, 228.72, 476.41
347.23, 228.65, 601.40
348.65, 353.77, 351.47
347.25, 353.71, 476.46
345.85, 353.64, 601.45
347.28, 478.77, 351.52
345.88, 478.70, 476.51
344.48, 478.64, 601.50
99.53, 223.71, 474.27
97.29, 222.57, 599.25
95.06, 221.43, 724.22
101.16, 348.69, 475.44
98.92, 347.55, 600.42
96.68, 346.41, 725.39
102.78, 473.68, 476.61
100.54, 472.54, 601.59
98.31, 471.39, 726.56
224.50, 222.07, 476.49
222.26, 220.92, 601.47
220.03, 219.78, 726.44
226.13, 347.05, 477.67
223.89, 345.91, 602.64
221.65, 344.77, 727.62
227.75, 472.03, 478.84
225.51, 470.89, 603.81
223.27, 469.75, 728.79
349.47, 220.42, 478.72
347.23, 219.28, 603.69
345.00, 218.14, 728.67
351.09, 345.40, 479.89
348.86, 344.26, 604.86
346.62, 343.12, 729.84
352.72, 470.39, 481.06
350.48, 469.25, 606.03
348.24, 468.11, 731.01
98.76, 224.47, 598.87
98.59, 223.06, 723.86
98.41, 221.65, 848.86
95.67, 349.43, 600.28
95.50, 348.01, 725.27
95.33, 346.60, 850.26
92.59, 474.38, 601.69
92.41, 472.97, 726.68
92.24, 471.55, 851.67
223.72, 227.56, 599.08
223.55, 226.14, 724.07
223.37, 224.73, 849.06
220.63, 352.51, 600.49
220.46, 351.10, 725.48
220.29, 349.68, 850.47
217.55, 477.47, 601.90
217.37, 476.05, 726.89
217.20, 474.64, 851.88
348.68, 230.64, 599.29
348.51, 229.23, 724.28
348.34, 227.81, 849.27
345.60, 355.59, 600.69
345.42, 354.18, 725.69
345.25, 352.77, 850.68
342.51, 480.55, 602.10
342.34, 479.14, 727.10
342.16, 477.72, 852.09
101.47, 348.92, 98.52
99.04, 345.25, 223.44
96.62, 341.58, 348.37
98.71, 473.84, 102.13
96.28, 470.17, 227.06
93.85, 466.50, 351.98
95.95, 598.75, 105.75
93.52, 595.08, 230.67
91.09, 591.42, 355.59
226.41, 351.61, 101.03
223.99, 347.94, 225.95
221.56, 344.27, 350.87
223.65, 476.52, 104.64
221.23, 472.86, 229.56
218.80, 469.19, 354.49
220.89, 601.44, 108.25
218.47, 597.77, 233.18
216.04, 594.11, 358.10
351.36, 354.30, 103.53
348.93, 350.63, 228.45
346.51, 346.96, 353.38
348.60, 479.21, 107.15
346.17, 475.55, 232.07
343.75, 471.88, 356.99
345.84, 604.13, 110.76
343.41, 600.46, 235.68
340.99, 596.79, 360.61
100.96, 348.89, 225.21
100.30, 345.66, 350.17
99.64, 342.43, 475.13
98.79, 473.83, 228.43
98.13, 470.60, 353.39
97.46, 467.37, 478.34
96.61, 598.77, 231.65
95.95, 595.54, 356.60
95.29, 592.31, 481.56
225.94, 351.05, 225.93
225.28, 347.82, 350.89
224.62, 344.59, 475.84
223.77, 475.99, 229.15
223.11, 472.76, 354.10
222.44, 469.53, 479.06
221.59, 600.92, 232.36
220.93, 597.70, 357.32
220.27, 594.47, 482.28
350.92, 353.21, 226.65
350.26, 349.98, 351.61
349.60, 346.75, 476.56
348.75, 478.14, 229.87
348.08, 474.92, 354.82
347.42, 471.69, 479.78
346.57, 603.08, 233.08
345.91, 599.86, 358.04
345.25, 596.63, 482.99
98.06, 351.98, 351.93
95.94, 349.75, 476.89
93.81, 347.51, 601.85
97.45, 476.96, 354.16
95.33, 474.72, 479.12
93.21, 472.49, 604.08
96.85, 601.94, 356.39
94.72, 599.70, 481.35
92.60, 597.46, 606.31
223.04, 352.55, 354.06
220.92, 350.31, 479.03
218.79, 348.08, 603.99
222.43, 477.53, 356.29
220.31, 475.29, 481.25
218.19, 473.05, 606.22
221.83, 602.51, 358.52
219.70, 600.27, 483.48
217.58, 598.03, 608.44
348.02, 353.12, 356.20
345.90, 350.88, 481.16
343.77, 348.64, 606.12
347.41, 478.10, 358.43
345.29, 475.86, 483.39
343.17, 473.62, 608.35
346.81, 603.08, 360.66
344.68, 600.84, 485.62
342.56, 598.60, 610.58
99.15, 351.11, 476.40
98.45, 348.12, 601.36
97.75, 345.13, 726.33
96.60, 476.04, 479.38
95.89, 473.06, 604.34
95.19, 470.07, 729.30
94.04, 600.98, 482.35
93.34, 597.99, 607.31
92.64, 595.01, 732.27
224.12, 353.64, 477.16
223.42, 350.66, 602.13
222.72, 347.67, 727.09
221.57, 478.58, 480.14
220.87, 475.59, 605.10
220.16, 472.60, 730.06
219.01, 603.52, 483.11
218.31, 600.53, 608.07
217.61, 597.54, 733.04
349.10, 356.18, 477.93
348.39, 353.19, 602.89
347.69, 350.20, 727.85
346.54, 481.12, 480.90
345.84, 478.13, 605.86
345.14, 475.14, 730.83
343.98, 606.06, 483.88
343.28, 603.07, 608.84
342.58, 600.08, 733.80
98.61, 349.28, 601.10
96.14, 350.23, 726.07
93.67, 351.19, 851.04
98.11, 474.27, 600.13
95.64, 475.23, 725.11
93.17, 476.18, 850.08
97.61, 599.27, 599.17
95.15, 600.22, 724.14
92.68, 601.18, 849.11
223.58, 349.79, 603.56
221.11, 350.75, 728.54
218.64, 351.70, 853.51
223.08, 474.79, 602.60
220.62, 475.74, 727.57
218.15, 476.70, 852.54
222.59, 599.78, 601.63
220.12, 600.74, 726.60
217.65, 601.69, 851.58
348.56, 350.31, 606.03
346.09, 351.26, 731.00
343.62, 352.22, 855.97
348.06, 475.30, 605.06
345.59, 476.26, 730.03
343.12, 477.22, 855.01
347.56, 600.30, 604.10
345.09, 601.25, 729.07
342.63, 602.21, 854.04
99.32, 474.13, 100.01
99.54, 470.60, 224.96
99.77, 467.08, 349.91
100.51, 599.07, 103.53
100.74, 595.55, 228.48
100.96, 592.02, 353.43
101.71, 724.02, 107.05
101.93, 720.49, 232.00
102.16, 716.97, 356.95
224.31, 472.94, 99.75
224.54, 469.41, 224.70
224.76, 465.89, 349.65
225.51, 597.88, 103.27
225.73, 594.36, 228.22
225.96, 590.83, 353.17
226.70, 722.83, 106.80
226.93, 719.30, 231.75
227.15, 715.78, 356.70
349.31, 471.75, 99.50
349.53, 468.22, 224.45
349.75, 464.70, 349.40
350.50, 596.69, 103.02
350.73, 593.17, 227.97
350.95, 589.64, 352.92
351.70, 721.64, 106.54
351.92, 718.11, 231.49
352.14, 714.59, 356.44
100.10, 473.64, 224.56
100.42, 475.24, 349.55
100.74, 476.85, 474.54
103.27, 598.59, 222.95
103.58, 600.19, 347.94
103.90, 601.80, 472.93
106.43, 723.54, 221.34
106.75, 725.14, 346.32
107.06, 726.75, 471.31
225.06, 470.47, 224.29
225.38, 472.07, 349.28
225.70, 473.68, 474.26
228.23, 595.42, 222.67
228.54, 597.02, 347.66
228.86, 598.63, 472.65
231.39, 720.37, 221.06
231.71, 721.97, 346.05
232.02, 723.58, 471.04
350.02, 467.30, 224.01
350.34, 468.91, 349.00
350.66, 470.51, 473.99
353.19, 592.25, 222.40
353.50, 593.86, 347.39
353.82, 595.46, 472.38
356.35, 717.20, 220.78
356.67, 718.81, 345.77
356.98, 720.41, 470.76
101.14, 476.96, 349.59
104.01, 477.60, 474.55
106.89, 478.24, 599.52
100.63, 601.96, 348.96
103.51, 602.60, 473.93
106.39, 603.23, 598.89
100.13, 726.96, 348.33
103.01, 727.59, 473.30
105.88, 728.23, 598.27
226.10, 477.45, 346.71
228.98, 478.09, 471.67
231.86, 478.73, 596.64
225.60, 602.45, 346.08
228.48, 603.09, 471.05
231.35, 603.72, 596.01
225.09, 727.45, 345.45
227.97, 728.08, 470.42
230.85, 728.72, 595.38
351.07, 477.94, 343.82
353.95, 478.58, 468.79
356.82, 479.22, 593.76
350.56, 602.94, 343.20
353.44, 603.58, 468.16
356.32, 604.21, 593.13
350.06, 727.94, 342.57
352.94, 728.57, 467.54
355.82, 729.21, 592.50
98.66, 475.02, 475.52
96.17, 478.60, 600.45
93.69, 482.18, 725.37
101.51, 599.94, 472.00
99.02, 603.52, 596.93
96.54, 607.10, 721.85
104.36, 724.86, 468.48
101.87, 728.44, 593.40
99.39, 732.02, 718.33
223.60, 472.24, 478.09
221.11, 475.82, 603.01
218.63, 479.40, 727.94
226.45, 597.16, 474.57
223.96, 600.74, 599.49
221.48, 604.32, 724.42
229.30, 722.08, 471.04
226.81, 725.66, 595.97
224.33, 729.24, 720.89
348.54, 469.47, 480.66
346.06, 473.05, 605.58
343.57, 476.63, 730.50
351.39, 594.38, 477.13
348.91, 597.96, 602.06
346.42, 601.54, 726.98
354.24, 719.30, 473.61
351.76, 722.88, 598.53
349.27, 726.46, 723.46
101.69, 474.31, 601.91
105.36, 470.63, 726.81
109.02, 466.96, 851.70
99.53, 599.24, 605.66
103.20, 595.56, 730.55
106.87, 591.88, 855.44
97.37, 724.16, 609.40
101.04, 720.48, 734.29
104.71, 716.81, 859.18
226.62, 476.58, 598.31
230.28, 472.90, 723.20
233.95, 469.22, 848.10
224.46, 601.50, 602.05
228.13, 597.82, 726.95
231.79, 594.15, 851.84
222.30, 726.43, 605.80
225.97, 722.75, 730.69
229.63, 719.07, 855.58
351.54, 478.84, 594.71
355.21, 475.17, 719.60
358.88, 471.49, 844.49
349.38, 603.77, 598.45
353.05, 600.09, 723.34
356.72, 596.41, 848.24
347.23, 728.69, 602.19
350.89, 725.02, 727.09
354.56, 721.34, 851.98
101.48, 599.44, 101.17
102.10, 598.25, 226.16
102.72, 597.06, 351.15
102.37, 724.44, 102.36
102.98, 723.24, 227.35
103.60, 722.05, 352.34
103.25, 849.43, 103.54
103.87, 848.23, 228.54
104.48, 847.04, 353.53
226.48, 598.57, 100.54
227.09, 597.37, 225.54
227.71, 596.18, 350.53
227.36, 723.56, 101.73
227.98, 722.36, 226.72
228.60, 721.17, 351.72
228.25, 848.55, 102.92
228.86, 847.36, 227.91
229.48, 846.16, 352.90
351.47, 597.69, 99.92
352.09, 596.49, 224.91
352.71, 595.30, 349.90
352.36, 722.68, 101.11
352.97, 721.49, 226.10
353.59, 720.29, 351.09
353.24, 847.67, 102.29
353.86, 846.48, 227.29
354.48, 845.28, 352.28
100.54, 598.76, 224.70
101.64, 601.28, 349.67
102.75, 603.80, 474.64
98.70, 723.72, 222.20
99.80, 726.24, 347.17
100.90, 728.76, 472.14
96.86, 848.69, 219.70
97.96, 851.21, 344.67
99.06, 853.72, 469.64
225.52, 600.58, 223.56
226.62, 603.10, 348.53
227.73, 605.62, 473.50
223.68, 725.54, 221.06
224.78, 728.06, 346.03
225.89, 730.58, 471.00
221.84, 850.50, 218.56
222.94, 853.02, 343.53
224.04, 855.54, 468.50
350.50, 602.40, 222.42
351.61, 604.92, 347.39
352.71, 607.44, 472.36
348.66, 727.36, 219.92
349.76, 729.88, 344.89
350.87, 732.40, 469.86
346.82, 852.32, 217.42
347.92, 854.84, 342.39
349.03, 857.36, 467.36
100.90, 598.74, 351.71
97.95, 601.85, 476.64
95.00, 604.96, 601.56
103.70, 723.68, 348.67
100.75, 726.78, 473.60
97.79, 729.89, 598.52
106.50, 848.61, 345.63
103.54, 851.72, 470.55
100.59, 854.82, 595.48
225.84, 596.02, 354.73
222.88, 599.13, 479.66
219.93, 602.24, 604.59
228.63, 720.95, 351.69
225.68, 724.06, 476.62
222.73, 727.17, 601.54
231.43, 845.88, 348.65
228.48, 848.99, 473.58
225.52, 852.10, 598.50
350.77, 593.30, 357.75
347.82, 596.41, 482.68
344.86, 599.51, 607.61
353.57, 718.23, 354.71
350.61, 721.34, 479.64
347.66, 724.45, 604.57
356.36, 843.16, 351.67
353.41, 846.27, 476.60
350.46, 849.38, 601.52
101.92, 600.56, 476.50
102.99, 602.70, 601.48
104.07, 604.83, 726.46
98.86, 725.51, 474.40
99.94, 727.64, 599.37
101.01, 729.78, 724.35
95.80, 850.45, 472.29
96.88, 852.59, 597.26
97.96, 854.72, 722.24
226.87, 603.60, 475.38
227.95, 605.74, 600.35
229.03, 607.87, 725.33
223.82, 728.55, 473.27
224.89, 730.68, 598.24
225.97, 732.82, 723.22
220.76, 853.49, 471.16
221.84, 855.63, 596.13
222.91, 857.76, 721.11
351.83, 606.64, 474.25
352.91, 608.77, 599.22
353.99, 610.91, 724.20
348.78, 731.58, 472.14
349.85, 733.72, 597.11
350.93, 735.86, 722.09
345.72, 856.53, 470.03
346.80, 858.66, 595.01
347.87, 860.80, 719.98
100.54, 598.09, 601.22
103.10, 595.25, 726.16
105.67, 592.42, 851.10
102.90, 723.04, 604.01
105.46, 720.20, 728.95
108.02, 717.36, 853.90
105.25, 847.99, 606.80
107.82, 845.15, 731.74
110.38, 842.31, 856.69
225.49, 595.79, 598.61
228.05, 592.96, 723.55
230.62, 590.12, 848.49
227.85, 720.74, 601.40
230.41, 717.90, 726.34
232.97, 715.06, 851.28
230.21, 845.69, 604.19
232.77, 842.85, 729.13
235.33, 840.01, 854.07
350.44, 593.50, 595.99
353.01, 590.66, 720.93
355.57, 587.82, 845.87
352.80, 718.44, 598.78
355.36, 715.60, 723.72
357.93, 712.76, 848.66
355.16, 843.39, 601.57
357.72, 840.55, 726.51
360.28, 837.71, 851.46
225.02, 98.08, 100.33
221.73, 100.99, 225.25
218.45, 103.90, 350.17
226.43, 223.04, 97.46
223.14, 225.95, 222.38
219.86, 228.86, 347.30
227.84, 348.00, 94.58
224.55, 350.91, 219.51
221.26, 353.82, 344.43
349.97, 96.75, 103.64
346.68, 99.66, 228.57
343.40, 102.57, 353.49
351.38, 221.71, 100.77
348.09, 224.62, 225.70
344.80, 227.53, 350.62
352.79, 346.67, 97.90
349.50, 349.58, 222.83
346.21, 352.48, 347.75
474.92, 95.42, 106.96
471.63, 98.33, 231.89
468.35, 101.23, 356.81
476.33, 220.38, 104.09
473.04, 223.29, 229.02
469.75, 226.19, 353.94
477.73, 345.34, 101.22
474.45, 348.25, 226.14
471.16, 351.15, 351.07
224.17, 100.30, 224.43
226.04, 96.88, 349.37
227.92, 93.47, 474.30
221.58, 225.23, 227.88
223.45, 221.81, 352.82
225.33, 218.39, 477.76
218.99, 350.15, 231.34
220.86, 346.73, 356.28
222.74, 343.32, 481.22
349.13, 102.94, 222.63
351.00, 99.52, 347.57
352.88, 96.11, 472.50
346.54, 227.87, 226.08
348.41, 224.45, 351.02
350.29, 221.03, 475.96
343.95, 352.79, 229.54
345.82, 349.37, 354.48
347.70, 345.96, 479.42
474.09, 105.58, 220.83
475.96, 102.16, 345.77
477.83, 98.75, 470.70
471.50, 230.51, 224.28
473.37, 227.09, 349.22
475.24, 223.67, 474.16
468.91, 355.43, 227.74
470.78, 352.01, 352.68
472.65, 348.60, 477.62
224.98, 100.93, 349.31
224.99, 100.02, 474.30
224.99, 99.11, 599.30
228.28, 225.88, 350.21
228.28, 224.97, 475.21
228.29, 224.06, 600.21
231.57, 350.83, 351.12
231.58, 349.93, 476.12
231.59, 349.02, 601.11
349.94, 97.63, 349.28
349.94, 96.72, 474.27
349.95, 95.82, 599.27
353.23, 222.58, 350.18
353.24, 221.68, 475.18
353.25, 220.77, 600.18
356.53, 347.54, 351.09
356.54, 346.63, 476.09
356.54, 345.72, 601.08
474.90, 94.34, 349.25
474.90, 93.43, 474.24
474.91, 92.52, 599.24
478.19, 219.29, 350.15
478.20, 218.38, 475.15
478.20, 217.47, 600.15
481.49, 344.24, 351.06
481.49, 343.33, 476.06
481.50, 342.43, 601.05
224.42, 98.51, 474.93
222.45, 101.06, 599.89
220.48, 103.61, 724.85
223.38, 223.47, 472.37
221.41, 226.02, 597.32
219.44, 228.58, 722.28
222.33, 348.44, 469.80
220.36, 350.99, 594.76
218.39, 353.54, 719.72
349.40, 99.59, 476.88
347.43, 102.14, 601.84
345.46, 104.69, 726.80
348.36, 224.56, 474.31
346.39, 227.11, 599.27
344.42, 229.66, 724.23
347.31, 349.53, 471.75
345.34, 352.08, 596.71
343.37, 354.63, 721.66
474.38, 100.68, 478.83
472.41, 103.23, 603.79
470.44, 105.78, 728.75
473.34, 225.65, 476.26
471.37, 228.20, 601.22
469.40, 230.75, 726.18
472.29, 350.62, 473.69
470.32, 353.17, 598.65
468.35, 355.72, 723.61
224.72, 99.22, 600.21
222.52, 96.38, 725.16
220.32, 93.54, 850.11
221.87, 224.15, 603.00
219.67, 221.32, 727.95
217.47, 218.48, 852.90
219.03, 349.09, 605.78
216.82, 346.25, 730.73
214.62, 343.42, 855.68
349.67, 102.01, 602.48
347.47, 99.18, 727.43
345.26, 96.34, 852.38
346.82, 226.95, 605.26
344.62, 224.11, 730.21
342.42, 221.28, 855.16
343.98, 351.89, 608.05
341.77, 349.05, 733.00
339.57, 346.21, 857.95
474.62, 104.81, 604.74
472.41, 101.97, 729.69
470.21, 99.14, 854.64
471.77, 229.74, 607.53
469.57, 226.91, 732.48
467.37, 224.07, 857.43
468.92, 354.68, 610.32
466.72, 351.85, 735.26
464.52, 349.01, 860.21
226.98, 226.98, 101.95
223.35, 230.45, 226.85
219.72, 233.91, 351.75
230.21, 351.90, 98.58
226.59, 355.36, 223.48
222.96, 358.82, 348.38
233.45, 476.81, 95.21
229.82, 480.27, 220.11
226.20, 483.74, 345.01
351.88, 223.85, 105.66
348.26, 227.31, 230.56
344.63, 230.77, 355.46
355.12, 348.76, 102.29
351.49, 352.22, 227.19
347.87, 355.69, 352.09
358.35, 473.67, 98.92
354.73, 477.14, 223.82
351.10, 480.60, 348.72
476.79, 220.71, 109.37
473.16, 224.18, 234.27
469.53, 227.64, 359.17
480.02, 345.63, 106.00
476.40, 349.09, 230.90
472.77, 352.55, 355.80
483.26, 470.54, 102.63
479.63, 474.00, 227.53
476.01, 477.46, 352.43
224.79, 225.13, 223.99
226.44, 221.45, 348.92
228.08, 217.76, 473.85
226.54, 350.06, 227.65
228.19, 346.38, 352.58
229.84, 342.69, 477.52
228.30, 475.00, 231.31
229.95, 471.31, 356.24
231.60, 467.63, 481.18
349.76, 223.42, 222.29
351.41, 219.74, 347.22
353.06, 216.05, 472.16
351.52, 348.36, 225.95
353.17, 344.67, 350.88
354.82, 340.99, 475.82
353.28, 473.29, 229.61
354.92, 469.61, 354.55
356.57, 465.92, 479.48
474.74, 221.72, 220.59
476.39, 218.03, 345.52
478.04, 214.35, 470.46
476.50, 346.65, 224.25
478.15, 342.97, 349.18
479.79, 339.28, 474.12
478.25, 471.59, 227.91
479.90, 467.90, 352.85
481.55, 464.21, 477.78
226.02, 223.58, 348.66
224.98, 221.43, 473.63
223.94, 219.27, 598.61
229.02, 348.52, 350.83
227.97, 346.37, 475.81
226.93, 344.22, 600.79
232.01, 473.47, 353.01
230.97, 471.32, 477.99
229.93, 469.16, 602.96
350.98, 220.57, 349.65
349.94, 218.42, 474.62
348.90, 216.26, 599.60
353.98, 345.51, 351.82
352.93, 343.36, 476.80
351.89, 341.21, 601.78
356.97, 470.46, 354.00
355.93, 468.31, 478.98
354.89, 466.15, 603.95
475.94, 217.56, 350.63
474.90, 215.41, 475.61
473.86, 213.25, 600.59
478.94, 342.50, 352.81
477.89, 340.35, 477.79
476.85, 338.20, 602.77
481.93, 467.45, 354.99
480.89, 465.30, 479.97
479.85, 463.14, 604.94
223.59, 225.36, 476.63
226.12, 222.64, 601.57
228.66, 219.93, 726.52
224.35, 350.33, 479.33
226.88, 347.61, 604.27
229.41, 344.90, 729.21
225.10, 475.29, 482.02
227.63, 472.58, 606.97
230.16, 469.87, 731.91
348.57, 224.66, 474.08
351.10, 221.95, 599.02
353.63, 219.23, 723.97
349.32, 349.63, 476.78
351.85, 346.91, 601.72
354.38, 344.20, 726.67
350.07, 474.60, 479.48
352.60, 471.88, 604.42
355.13, 469.17, 729.37
473.54, 223.96, 471.53
476.07, 221.25, 596.48
478.60, 218.53, 721.42
474.29, 348.93, 474.23
476.82, 346.22, 599.18
479.35, 343.50, 724.12
475.04, 473.90, 476.93
477.57, 471.18, 601.87
480.11, 468.47, 726.82
226.58, 223.53, 600.20
229.61, 227.07, 725.11
232.64, 230.61, 850.03
229.17, 348.45, 596.60
232.20, 351.99, 721.51
235.23, 355.53, 846.43
231.76, 473.37, 593.00
234.79, 476.91, 717.91
237.82, 480.45, 842.82
351.52, 220.86, 597.25
354.55, 224.40, 722.16
357.58, 227.94, 847.07
354.11, 345.78, 593.64
357.14, 349.32, 718.56
360.17, 352.86, 843.47
356.69, 470.70, 590.04
359.72, 474.24, 714.95
362.75, 477.78, 839.87
476.46, 218.19, 594.29
479.49, 221.73, 719.20
482.52, 225.27, 844.12
479.04, 343.11, 590.69
482.07, 346.65, 715.60
485.10, 350.19, 840.52
481.63, 468.03, 587.09
484.66, 471.57, 712.00
487.69, 475.11, 836.91
225.98, 350.27, 99.13
229.44, 353.65, 224.04
232.90, 357.03, 348.94
228.54, 475.19, 95.67
232.00, 478.58, 220.58
235.46, 481.96, 345.49
231.10, 600.12, 92.22
234.56, 603.50, 217.12
238.02, 606.89, 342.03
350.91, 347.61, 95.74
354.37, 351.00, 220.65
357.83, 354.38, 345.55
353.47, 472.54, 92.29
356.93, 475.92, 217.19
360.39, 479.31, 342.10
356.03, 597.46, 88.83
359.49, 600.85, 213.74
362.95, 604.23, 338.64
475.83, 344.96, 92.35
479.29, 348.34, 217.26
482.75, 351.73, 342.17
478.39, 469.88, 88.90
481.85, 473.27, 213.80
485.31, 476.65, 338.71
480.96, 594.81, 85.44
484.41, 598.19, 210.35
487.87, 601.58, 335.25
226.90, 350.15, 223.80
228.90, 348.40, 348.77
230.90, 346.65, 473.74
230.21, 475.09, 225.49
232.21, 473.34, 350.46
234.22, 471.60, 475.43
233.52, 600.04, 227.18
235.52, 598.29, 352.15
237.53, 596.54, 477.13
351.84, 346.86, 221.75
353.84, 345.12, 346.72
355.84, 343.37, 471.69
355.15, 471.81, 223.44
357.15, 470.06, 348.41
359.16, 468.31, 473.39
358.46, 596.75, 225.14
360.46, 595.01, 350.11
362.47, 593.26, 475.08
476.78, 343.58, 219.70
478.78, 341.83, 344.67
480.78, 340.09, 469.64
480.09, 468.53, 221.39
482.09, 466.78, 346.37
484.10, 465.03, 471.34
483.40, 593.47, 223.09
485.40, 591.72, 348.06
487.41, 589.98, 473.03
223.04, 349.65, 350.92
222.85, 346.10, 475.87
222.67, 342.54, 600.82
220.73, 474.58, 354.47
220.55, 471.03, 479.42
220.36, 467.47, 604.37
218.43, 599.51, 358.02
218.24, 595.95, 482.97
218.06, 592.40, 607.92
348.01, 351.95, 351.17
347.83, 348.40, 476.12
347.65, 344.84, 601.07
345.71, 476.88, 354.72
345.52, 473.32, 479.67
345.34, 469.77, 604.62
343.40, 601.81, 358.27
343.22, 598.25, 483.22
343.04, 594.70, 608.17
472.99, 354.25, 351.42
472.81, 350.69, 476.37
472.62, 347.14, 601.32
470.69, 479.18, 354.97
470.50, 475.62, 479.92
470.32, 472.07, 604.87
468.38, 604.10, 358.52
468.20, 600.55, 483.47
468.01, 597.00, 608.42
224.33, 349.10, 475.20
227.70, 345.57, 600.11
231.06, 342.04, 725.01
221.61, 474.02, 478.80
224.97, 470.49, 603.71
228.34, 466.96, 728.61
218.89, 598.94, 482.40
222.25, 595.41, 607.31
225.61, 591.88, 732.21
349.26, 351.92, 471.92
352.62, 348.39, 596.82
355.99, 344.86, 721.73
346.53, 476.84, 475.52
349.90, 473.31, 600.42
353.26, 469.78, 725.33
343.81, 601.76, 479.12
347.17, 598.23, 604.02
350.54, 594.70, 728.93
474.18, 354.74, 468.63
477.55, 351.21, 593.54
480.91, 347.68, 718.44
471.46, 479.66, 472.23
474.82, 476.13, 597.14
478.19, 472.60, 722.04
468.74, 604.57, 475.83
472.10, 601.05, 600.74
475.46, 597.52, 725.64
224.42, 351.08, 600.05
223.61, 348.40, 725.02
222.81, 345.72, 849.99
224.69, 476.05, 602.73
223.88, 473.37, 727.70
223.08, 470.69, 852.67
224.96, 601.02, 605.41
224.15, 598.34, 730.38
223.35, 595.66, 855.35
349.41, 350.79, 600.85
348.61, 348.11, 725.82
347.81, 345.43, 850.79
349.68, 475.76, 603.53
348.88, 473.08, 728.50
348.08, 470.40, 853.47
349.95, 600.73, 606.21
349.15, 598.05, 731.18
348.34, 595.37, 856.15
474.41, 350.50, 601.65
473.61, 347.82, 726.62
472.80, 345.14, 851.58
474.68, 475.47, 604.33
473.88, 472.79, 729.30
473.07, 470.11, 854.27
474.95, 600.44, 607.01
474.15, 597.76, 731.98
473.34, 595.08, 856.95
223.43, 474.31, 100.85
220.15, 475.86, 225.80
216.87, 477.41, 350.75
220.16, 599.25, 99.21
216.89, 600.81, 224.16
213.61, 602.36, 349.11
216.90, 724.20, 97.57
213.62, 725.75, 222.52
210.34, 727.31, 347.47
348.34, 477.61, 104.09
345.06, 479.17, 229.03
341.79, 480.72, 353.98
345.08, 602.56, 102.45
341.80, 604.11, 227.40
338.52, 605.67, 352.34
341.81, 727.51, 100.81
338.53, 729.06, 225.76
335.26, 730.61, 350.70
473.26, 480.92, 107.32
469.98, 482.47, 232.27
466.70, 484.03, 357.22
469.99, 605.87, 105.68
466.71, 607.42, 230.63
463.44, 608.97, 355.58
466.73, 730.81, 104.04
463.45, 732.37, 228.99
460.17, 733.92, 353.94
225.60, 475.20, 223.69
224.31, 474.72, 348.69
223.02, 474.24, 473.68
224.59, 600.20, 224.16
223.30, 599.72, 349.16
222.01, 599.24, 474.15
223.58, 725.19, 224.64
222.29, 724.71, 349.63
221.00, 724.23, 474.62
350.59, 476.21, 224.99
349.30, 475.73, 349.98
348.01, 475.25, 474.97
349.58, 601.21, 225.46
348.29, 600.73, 350.45
347.00, 600.24, 475.44
348.57, 726.20, 225.93
347.28, 725.72, 350.92
345.99, 725.24, 475.91
475.58, 477.22, 226.28
474.29, 476.74, 351.27
473.00, 476.26, 476.26
474.57, 602.22, 226.75
473.28, 601.74, 351.74
471.99, 601.25, 476.74
473.55, 727.21, 227.22
472.27, 726.73, 352.22
470.98, 726.25, 477.21
225.82, 475.67, 348.05
226.39, 475.28, 473.05
226.95, 474.88, 598.05
226.53, 600.66, 348.44
227.10, 600.27, 473.43
227.66, 599.88, 598.43
227.24, 725.66, 348.82
227.81, 725.27, 473.82
228.37, 724.88, 598.82
350.82, 474.96, 347.48
351.38, 474.57, 472.48
351.95, 474.18, 597.48
351.53, 599.96, 347.87
352.09, 599.56, 472.87
352.66, 599.17, 597.86
352.24, 724.95, 348.26
352.80, 724.56, 473.25
353.37, 724.17, 598.25
475.81, 474.25, 346.91
476.38, 473.86, 471.91
476.94, 473.47, 596.91
476.52, 599.25, 347.30
477.09, 598.86, 472.30
477.66, 598.46, 597.30
477.23, 724.24, 347.69
477.80, 723.85, 472.69
478.37, 723.46, 597.68
223.75, 476.21, 475.40
225.97, 473.80, 600.36
228.19, 471.38, 725.32
226.96, 601.15, 477.76
229.18, 598.73, 602.72
231.39, 596.32, 727.67
230.17, 726.08, 480.12
232.38, 723.67, 605.07
234.60, 721.26, 730.03
348.69, 473.05, 473.12
350.91, 470.63, 598.08
353.13, 468.22, 723.04
351.90, 597.98, 475.48
354.12, 595.57, 600.44
356.33, 593.16, 725.39
355.10, 722.92, 477.84
357.32, 720.51, 602.79
359.54, 718.09, 727.75
473.63, 469.88, 470.85
475.85, 467.47, 595.80
478.07, 465.06, 720.76
476.84, 594.82, 473.20
479.06, 592.41, 598.16
481.27, 589.99, 723.12
480.04, 719.76, 475.56
482.26, 717.34, 600.52
484.48, 714.93, 725.47
223.58, 475.77, 600.06
225.84, 478.93, 725.00
228.09, 482.09, 849.94
225.88, 600.71, 596.86
228.14, 603.87, 721.80
230.39, 607.03, 846.74
228.19, 725.65, 593.66
230.44, 728.81, 718.60
232.70, 731.97, 843.54
348.54, 473.41, 597.87
350.79, 476.57, 722.81
353.05, 479.73, 847.75
350.84, 598.35, 594.67
353.10, 601.51, 719.60
355.35, 604.67, 844.54
353.14, 723.29, 591.46
355.40, 726.45, 716.40
357.65, 729.61, 841.34
473.50, 471.05, 595.67
475.75, 474.21, 720.61
478.01, 477.37, 845.55
475.80, 595.99, 592.47
478.06, 599.15, 717.41
480.31, 602.31, 842.35
478.10, 720.93, 589.27
480.36, 724.09, 714.21
482.61, 727.25, 839.15
223.60, 598.02, 101.35
220.79, 597.91, 226.32
217.97, 597.79, 351.29
222.18, 723.01, 101.43
219.36, 722.90, 226.40
216.55, 722.78, 351.37
220.75, 848.01, 101.52
217.94, 847.89, 226.49
215.12, 847.77, 351.46
348.56, 599.44, 104.17
345.75, 599.33, 229.13
342.93, 599.21, 354.10
347.14, 724.44, 104.25
344.32, 724.32, 229.22
341.51, 724.20, 354.19
345.71, 849.43, 104.34
342.90, 849.31, 229.30
340.08, 849.19, 354.27
473.52, 600.87, 106.98
470.71, 600.75, 231.95
467.89, 600.63, 356.92
472.10, 725.86, 107.07
469.28, 725.74, 232.04
466.47, 725.62, 357.00
470.67, 850.85, 107.15
467.86, 850.73, 232.12
465.04, 850.62, 357.09
223.54, 599.42, 224.69
225.22, 601.03, 349.67
226.90, 602.64, 474.65
225.99, 724.39, 223.05
227.67, 726.00, 348.03
229.35, 727.60, 473.01
228.45, 849.35, 221.41
230.12, 850.96, 346.39
231.80, 852.57, 471.37
348.51, 596.95, 223.05
350.18, 598.56, 348.02
351.86, 600.16, 473.00
350.96, 721.91, 221.40
352.64, 723.52, 346.38
354.32, 725.13, 471.36
353.41, 846.88, 219.76
355.09, 848.49, 344.74
356.77, 850.09, 469.72
473.47, 594.47, 221.40
475.15, 596.08, 346.38
476.83, 597.69, 471.36
475.92, 719.44, 219.76
477.60, 721.05, 344.74
479.28, 722.66, 469.71
478.37, 844.40, 218.12
480.05, 846.01, 343.09
481.73, 847.62, 468.07
226.59, 601.83, 349.82
226.33, 604.27, 474.79
226.08, 606.70, 599.77
227.36, 726.81, 347.38
227.11, 729.24, 472.36
226.85, 731.68, 597.33
228.13, 851.78, 344.95
227.88, 854.22, 469.92
227.63, 856.65, 594.90
351.58, 601.06, 350.08
351.33, 603.50, 475.06
351.08, 605.93, 600.04
352.36, 726.04, 347.65
352.10, 728.47, 472.63
351.85, 730.91, 597.60
353.13, 851.01, 345.22
352.88, 853.45, 470.19
352.63, 855.88, 595.17
476.58, 600.29, 350.35
476.33, 602.73, 475.33
476.08, 605.17, 600.30
477.35, 725.27, 347.92
477.10, 727.70, 472.89
476.85, 730.14, 597.87
478.13, 850.24, 345.48
477.88, 852.68, 470.46
477.62, 855.11, 595.44
226.28, 600.43, 473.53
224.60, 601.22, 598.52
222.93, 602.00, 723.50
224.35, 725.42, 472.72
222.67, 726.20, 597.71
221.00, 726.98, 722.70
222.41, 850.40, 471.92
220.74, 851.18, 596.90
219.07, 851.96, 721.89
351.25, 602.38, 475.19
349.58, 603.16, 600.18
347.90, 603.94, 725.17
349.32, 727.36, 474.38
347.65, 728.14, 599.37
345.97, 728.92, 724.36
347.39, 852.34, 473.58
345.71, 853.12, 598.56
344.04, 853.90, 723.55
476.23, 604.32, 476.85
474.55, 605.10, 601.84
472.88, 605.88, 726.83
474.29, 729.30, 476.05
472.62, 730.08, 601.03
470.95, 730.87, 726.02
472.36, 854.28, 475.24
470.69, 855.07, 600.22
469.01, 855.85, 725.21
226.33, 598.25, 600.71
224.96, 596.53, 725.69
223.60, 594.81, 850.67
225.82, 723.24, 602.42
224.46, 721.52, 727.40
223.09, 719.80, 852.39
225.31, 848.22, 604.14
223.95, 846.50, 729.12
222.59, 844.79, 854.10
351.32, 598.74, 602.08
349.96, 597.02, 727.06
348.59, 595.30, 852.04
350.81, 723.73, 603.79
349.45, 722.01, 728.78
348.09, 720.29, 853.76
350.30, 848.71, 605.51
348.94, 846.99, 730.49
347.58, 845.27, 855.47
476.31, 599.23, 603.45
474.95, 597.51, 728.43
473.58, 595.79, 853.41
475.80, 724.21, 605.16
474.44, 722.49, 730.15
473.08, 720.78, 855.13
475.30, 849.20, 606.88
473.93, 847.48, 731.86
472.57, 845.76, 856.84
350.94, 101.11, 99.55
351.45, 100.30, 224.54
351.97, 99.49, 349.54
349.91, 226.11, 100.36
350.42, 225.29, 225.36
350.94, 224.48, 350.36
348.88, 351.10, 101.18
349.39, 350.29, 226.18
349.91, 349.47, 351.17
475.93, 102.15, 99.04
476.45, 101.33, 224.03
476.96, 100.52, 349.03
474.90, 227.14, 99.85
475.42, 226.33, 224.85
475.93, 225.51, 349.85
473.87, 352.13, 100.67
474.39, 351.32, 225.67
474.91, 350.51, 350.66
600.93, 103.18, 98.53
601.44, 102.37, 223.52
601.96, 101.55, 348.52
599.90, 228.17, 99.34
600.41, 227.36, 224.34
600.93, 226.55, 349.34
598.87, 353.16, 100.16
599.38, 352.35, 225.16
599.90, 351.54, 350.15
351.57, 101.63, 226.40
351.06, 102.28, 351.40
350.55, 102.93, 476.39
351.19, 226.63, 225.75
350.68, 227.28, 350.74
350.17, 227.93, 475.74
350.82, 351.62, 225.09
350.31, 352.28, 350.09
349.80, 352.93, 475.09
476.57, 102.01, 226.91
476.05, 102.66, 351.90
475.54, 103.31, 476.90
476.19, 227.00, 226.25
475.68, 227.65, 351.25
475.17, 228.31, 476.25
475.82, 352.00, 225.60
475.31, 352.65, 350.60
474.80, 353.30, 475.60
601.56, 102.38, 227.42
601.05, 103.03, 352.41
600.54, 103.68, 477.41
601.19, 227.38, 226.76
600.68, 228.03, 351.76
600.17, 228.68, 476.76
600.82, 352.38, 226.11
600.31, 353.03, 351.11
599.80, 353.68, 476.11
351.70, 99.35, 350.65
354.34, 99.53, 475.63
356.98, 99.71, 600.60
349.84, 224.34, 350.51
352.48, 224.52, 475.49
355.12, 224.70, 600.46
347.99, 349.32, 350.37
350.63, 349.50, 475.34
353.27, 349.68, 600.32
476.66, 101.20, 348.01
479.30, 101.38, 472.98
481.94, 101.56, 597.95
474.80, 226.19, 347.87
477.44, 226.37, 472.84
480.08, 226.55, 597.81
472.95, 351.18, 347.73
475.59, 351.36, 472.70
478.23, 351.53, 597.67
601.61, 103.05, 345.37
604.25, 103.23, 470.34
606.89, 103.41, 595.31
599.76, 228.04, 345.23
602.40, 228.22, 470.20
605.04, 228.40, 595.17
597.90, 353.03, 345.09
600.55, 353.21, 470.06
603.19, 353.39, 595.03
350.66, 98.50, 474.88
350.33, 96.35, 599.87
350.00, 94.21, 724.85
349.42, 223.48, 477.03
349.09, 221.33, 602.01
348.77, 219.18, 726.99
348.18, 348.45, 479.17
347.86, 346.31, 604.15
347.53, 344.16, 729.13
475.65, 99.73, 475.23
475.32, 97.58, 600.21
475.00, 95.44, 725.19
474.41, 224.71, 477.38
474.09, 222.56, 602.36
473.76, 220.41, 727.34
473.18, 349.68, 479.52
472.85, 347.54, 604.50
472.53, 345.39, 729.48
600.64, 100.96, 475.58
600.32, 98.81, 600.56
599.99, 96.67, 725.54
599.41, 225.94, 477.72
599.08, 223.79, 602.70
598.76, 221.64, 727.68
598.17, 350.91, 479.87
597.85, 348.77, 604.85
597.52, 346.62, 729.83
350.58, 100.38, 601.67
349.98, 102.13, 726.65
349.38, 103.88, 851.64
347.23, 225.33, 599.90
346.63, 227.08, 724.89
346.03, 228.83, 849.87
343.88, 350.27, 598.14
343.28, 352.02, 723.12
342.68, 353.77, 848.11
475.53, 103.74, 602.22
474.93, 105.49, 727.20
474.34, 107.24, 852.19
472.18, 228.68, 600.45
471.58, 230.44, 725.44
470.99, 232.19, 850.42
468.83, 353.63, 598.69
468.23, 355.38, 723.67
467.64, 357.13, 848.66
600.49, 107.10, 602.77
599.89, 108.85, 727.75
599.29, 110.60, 852.74
597.13, 232.04, 601.00
596.54, 233.79, 725.99
595.94, 235.54, 850.97
593.78, 356.99, 599.23
593.19, 358.74, 724.22
592.59, 360.49, 849.21
348.10, 223.05, 98.61
348.44, 223.73, 223.61
348.77, 224.41, 348.60
351.62, 348.00, 97.92
351.96, 348.68, 222.92
352.29, 349.36, 347.91
355.14, 472.95, 97.23
355.48, 473.63, 222.23
355.81, 474.31, 347.22
473.05, 219.53, 98.29
473.39, 220.21, 223.29
473.72, 220.89, 348.29
476.57, 344.48, 97.60
476.91, 345.16, 222.60
477.24, 345.84, 347.60
480.09, 469.43, 96.91
480.43, 470.11, 221.91
480.76, 470.79, 346.91
598.00, 216.01, 97.98
598.34, 216.69, 222.98
598.67, 217.37, 347.97
601.52, 340.96, 97.29
601.86, 341.64, 222.29
602.19, 342.32, 347.28
605.04, 465.90, 96.60
605.38, 466.58, 221.60
605.71, 467.27, 346.60
349.15, 225.61, 224.69
347.27, 226.97, 349.67
345.40, 228.33, 474.65
349.42, 350.60, 223.34
347.55, 351.96, 348.32
345.67, 353.32, 473.29
349.69, 475.60, 221.98
347.82, 476.96, 346.96
345.95, 478.32, 471.94
474.13, 225.36, 226.57
472.26, 226.72, 351.55
470.39, 228.08, 476.53
474.40, 350.35, 225.21
472.53, 351.71, 350.19
470.66, 353.07, 475.17
474.68, 475.34, 223.86
472.80, 476.70, 348.84
470.93, 478.06, 473.81
599.12, 225.11, 228.45
597.24, 226.47, 353.42
595.37, 227.83, 478.40
599.39, 350.10, 227.09
597.52, 351.46, 352.07
595.64, 352.82, 477.05
599.66, 475.09, 225.73
597.79, 476.45, 350.71
595.92, 477.81, 475.69
350.92, 224.26, 349.94
350.65, 224.37, 474.93
350.39, 224.48, 599.93
347.82, 349.23, 349.82
347.56, 349.33, 474.82
347.30, 349.44, 599.82
344.73, 474.19, 349.71
344.47, 474.29, 474.71
344.20, 474.40, 599.71
475.88, 227.36, 350.20
475.62, 227.47, 475.20
475.35, 227.57, 600.20
472.79, 352.32, 350.08
472.52, 352.43, 475.08
472.26, 352.53, 600.08
469.69, 477.28, 349.97
469.43, 477.39, 474.97
469.16, 477.49, 599.97
600.84, 230.45, 350.46
600.58, 230.56, 475.46
600.31, 230.67, 600.46
597.75, 355.42, 350.34
597.48, 355.52, 475.34
597.22, 355.63, 600.34
594.65, 480.38, 350.23
594.39, 480.48, 475.23
594.12, 480.59, 600.23
348.80, 223.61, 474.86
347.74, 225.57, 599.84
346.67, 227.53, 724.82
351.62, 348.57, 472.92
350.56, 350.52, 597.90
349.49, 352.48, 722.88
354.45, 473.52, 470.99
353.38, 475.48, 595.97
352.32, 477.43, 720.95
473.77, 220.81, 475.96
472.70, 222.77, 600.94
471.63, 224.72, 725.93
476.59, 345.76, 474.03
475.52, 347.72, 599.01
474.46, 349.68, 723.99
479.41, 470.71, 472.10
478.34, 472.67, 597.08
477.28, 474.63, 722.06
598.73, 218.00, 477.07
597.66, 219.96, 602.05
596.60, 221.92, 727.03
601.55, 342.96, 475.14
600.49, 344.91, 600.12
599.42, 346.87, 725.10
604.37, 467.91, 473.21
603.31, 469.87, 598.19
602.24, 471.82, 723.17
350.06, 224.50, 601.18
350.24, 221.07, 726.13
350.42, 217.64, 851.09
346.37, 349.40, 604.62
346.55, 345.97, 729.57
346.74, 342.54, 854.52
342.69, 474.30, 608.05
342.87, 470.87, 733.01
343.05, 467.44, 857.96
475.00, 228.19, 601.10
475.18, 224.76, 726.05
475.37, 221.33, 851.01
471.32, 353.09, 604.54
471.50, 349.66, 729.49
471.68, 346.23, 854.44
467.63, 477.99, 607.97
467.82, 474.56, 732.93
468.00, 471.13, 857.88
599.95, 231.88, 601.02
600.13, 228.45, 725.97
600.31, 225.02, 850.93
596.26, 356.78, 604.46
596.45, 353.35, 729.41
596.63, 349.91, 854.36
592.58, 481.68, 607.89
592.76, 478.25, 732.84
592.94, 474.81, 857.80
348.06, 349.06, 99.55
348.23, 349.18, 224.55
348.41, 349.30, 349.55
348.25, 474.06, 99.43
348.42, 474.18, 224.43
348.59, 474.30, 349.43
348.43, 599.06, 99.30
348.61, 599.18, 224.30
348.78, 599.30, 349.30
473.06, 348.87, 99.37
473.23, 348.99, 224.37
473.41, 349.11, 349.37
473.24, 473.87, 99.25
473.42, 473.99, 224.25
473.59, 474.11, 349.25
473.43, 598.87, 99.13
473.61, 598.99, 224.13
473.78, 599.11, 349.13
598.06, 348.68, 99.20
598.23, 348.80, 224.20
598.40, 348.92, 349.20
598.24, 473.68, 99.08
598.42, 473.80, 224.08
598.59, 473.92, 349.08
598.43, 598.68, 98.95
598.61, 598.80, 223.95
598.78, 598.92, 348.95
350.42, 349.21, 225.73
347.06, 352.66, 350.63
343.71, 356.11, 475.54
347.87, 474.14, 222.21
344.52, 477.59, 347.11
341.17, 481.04, 472.02
345.33, 599.06, 218.69
341.97, 602.51, 343.60
338.62, 605.96, 468.50
475.34, 351.85, 229.01
471.99, 355.30, 353.91
468.64, 358.75, 478.82
472.80, 476.77, 225.49
469.45, 480.22, 350.39
466.10, 483.67, 475.30
470.26, 601.70, 221.97
466.90, 605.15, 346.88
463.55, 608.60, 471.78
600.27, 354.48, 232.29
596.92, 357.93, 357.19
593.57, 361.39, 482.10
597.73, 479.41, 228.77
594.38, 482.86, 353.68
591.02, 486.31, 478.58
595.19, 604.33, 225.25
591.83, 607.78, 350.16
588.48, 611.23, 475.06
348.34, 349.23, 351.86
348.24, 349.62, 476.86
348.13, 350.01, 601.86
350.83, 474.20, 351.47
350.73, 474.59, 476.47
350.62, 474.98, 601.47
353.32, 599.18, 351.09
353.22, 599.57, 476.08
353.11, 599.96, 601.08
473.31, 346.74, 351.97
473.21, 347.13, 476.97
473.11, 347.52, 601.97
475.80, 471.71, 351.58
475.70, 472.10, 476.58
475.60, 472.49, 601.58
478.29, 596.69, 351.20
478.19, 597.08, 476.20
478.09, 597.47, 601.19
598.29, 344.25, 352.08
598.19, 344.64, 477.08
598.08, 345.03, 602.08
600.78, 469.23, 351.69
600.68, 469.61, 476.69
600.57, 470.00, 601.69
603.27, 594.20, 351.31
603.17, 594.59, 476.31
603.06, 594.98, 601.31
351.78, 351.56, 473.71
354.94, 350.04, 598.66
358.10, 348.52, 723.61
348.72, 476.51, 475.31
351.88, 474.99, 600.26
355.04, 473.47, 725.21
345.66, 601.47, 476.91
348.82, 599.95, 601.86
351.98, 598.43, 726.81
476.70, 354.66, 470.59
479.86, 353.14, 595.54
483.02, 351.62, 720.50
473.64, 479.61, 472.19
476.80, 478.09, 597.14
479.96, 476.57, 722.09
470.59, 604.56, 473.79
473.74, 603.04, 598.74
476.90, 601.52, 723.69
601.63, 357.76, 467.47
604.78, 356.24, 592.42
607.94, 354.72, 717.38
598.57, 482.71, 469.07
601.73, 481.19, 594.02
604.88, 479.67, 718.97
595.51, 607.66, 470.67
598.67, 606.14, 595.62
601.82, 604.62, 720.57
349.32, 350.19, 598.58
350.69, 348.04, 723.55
352.07, 345.89, 848.53
351.73, 475.14, 600.70
353.11, 472.99, 725.68
354.48, 470.84, 850.65
354.15, 600.10, 602.83
355.52, 597.95, 727.80
356.90, 595.80, 852.77
474.29, 347.79, 597.16
475.66, 345.65, 722.14
477.04, 343.50, 847.11
476.70, 472.75, 599.29
478.08, 470.60, 724.26
479.45, 468.45, 849.24
479.12, 597.71, 601.41
480.49, 595.56, 726.38
481.87, 593.41, 851.36
599.26, 345.40, 595.75
600.63, 343.25, 720.72
602.01, 341.11, 845.70
601.67, 470.36, 597.87
603.05, 468.21, 722.84
604.42, 466.06, 847.82
604.08, 595.32, 599.99
605.46, 593.17, 724.97
606.84, 591.02, 849.94
349.55, 473.40, 99.54
346.90, 469.85, 224.46
344.26, 466.29, 349.38
349.27, 598.35, 103.09
346.62, 594.80, 228.01
343.98, 591.24, 352.93
348.99, 723.30, 106.64
346.34, 719.74, 231.56
343.70, 716.19, 356.48
474.52, 473.61, 102.19
471.88, 470.05, 227.11
469.23, 466.50, 352.03
474.24, 598.56, 105.74
471.60, 595.00, 230.66
468.95, 591.45, 355.58
473.96, 723.50, 109.29
471.32, 719.95, 234.21
468.67, 716.39, 359.13
599.49, 473.81, 104.84
596.85, 470.26, 229.76
594.21, 466.70, 354.68
599.21, 598.76, 108.39
596.57, 595.21, 233.31
593.93, 591.65, 358.23
598.93, 723.71, 111.94
596.29, 720.15, 236.86
593.65, 716.60, 361.78
351.96, 475.38, 226.99
350.40, 472.45, 351.94
348.84, 469.51, 476.90
351.02, 600.34, 229.91
349.46, 597.41, 354.87
347.91, 594.47, 479.82
350.08, 725.31, 232.84
348.53, 722.37, 357.79
346.97, 719.44, 482.75
476.94, 476.28, 228.57
475.39, 473.35, 353.52
473.83, 470.41, 478.48
476.01, 601.25, 231.49
474.45, 598.31, 356.45
472.89, 595.38, 481.40
475.07, 726.21, 234.41
473.51, 723.27, 359.37
471.96, 720.34, 484.32
601.93, 477.18, 230.14
600.37, 474.25, 355.10
598.82, 471.31, 480.06
600.99, 602.15, 233.07
599.44, 599.21, 358.02
597.88, 596.28, 482.98
600.05, 727.11, 235.99
598.50, 724.17, 360.95
596.94, 721.24, 485.90
348.25, 476.66, 351.35
345.97, 477.62, 476.33
343.69, 478.59, 601.30
349.09, 601.66, 350.40
346.81, 602.62, 475.38
344.53, 603.58, 600.35
349.92, 726.65, 349.46
347.64, 727.61, 474.43
345.36, 728.57, 599.41
473.23, 475.85, 353.64
470.95, 476.81, 478.61
468.67, 477.77, 603.59
474.06, 600.84, 352.69
471.78, 601.80, 477.67
469.50, 602.76, 602.64
474.90, 725.83, 351.74
472.62, 726.80, 476.72
470.33, 727.76, 601.69
598.21, 475.03, 355.93
595.93, 475.99, 480.90
593.64, 476.95, 605.88
599.04, 600.02, 354.98
596.76, 600.99, 479.95
594.48, 601.95, 604.93
599.87, 725.02, 354.03
597.59, 725.98, 479.01
595.31, 726.94, 603.98
350.28, 475.39, 474.20
346.88, 477.78, 599.14
343.48, 480.17, 724.07
346.98, 600.33, 471.73
343.58, 602.71, 596.66
340.18, 605.10, 721.59
343.67, 725.26, 469.25
340.27, 727.65, 594.18
336.87, 730.03, 719.11
475.19, 478.76, 477.54
471.79, 481.15, 602.47
468.39, 483.54, 727.40
471.89, 603.70, 475.06
468.49, 606.08, 599.99
465.09, 608.47, 724.92
468.58, 728.63, 472.58
465.18, 731.02, 597.51
461.78, 733.41, 722.44
600.10, 482.14, 480.87
596.70, 484.52, 605.80
593.30, 486.91, 730.73
596.80, 607.07, 478.39
593.40, 609.46, 603.33
590.00, 611.84, 728.26
593.49, 732.00, 475.92
590.09, 734.39, 600.85
586.69, 736.78, 725.78
348.62, 475.86, 599.21
349.97, 472.57, 724.16
351.32, 469.27, 849.11
346.44, 600.80, 602.53
347.79, 597.50, 727.48
349.14, 594.21, 852.43
344.26, 725.74, 605.85
345.61, 722.44, 730.80
346.96, 719.14, 855.75
473.59, 478.08, 597.92
474.94, 474.78, 722.87
476.29, 471.48, 847.82
471.42, 603.01, 601.24
472.76, 599.72, 726.19
474.11, 596.42, 851.14
469.24, 727.95, 604.56
470.59, 724.65, 729.51
471.93, 721.36, 854.46
598.57, 480.29, 596.63
599.91, 476.99, 721.58
601.26, 473.69, 846.53
596.39, 605.22, 599.95
597.74, 601.93, 724.90
599.09, 598.63, 849.85
594.21, 730.16, 603.27
595.56, 726.86, 728.22
596.91, 723.57, 853.17
351.94, 598.69, 99.64
352.81, 599.54, 224.63
353.68, 600.39, 349.62
352.21, 723.69, 98.79
353.09, 724.54, 223.78
353.96, 725.39, 348.77
352.49, 848.69, 97.93
353.36, 849.54, 222.93
354.24, 850.39, 347.92
476.93, 598.41, 98.77
477.81, 599.26, 223.76
478.68, 600.11, 348.75
477.21, 723.41, 97.91
478.08, 724.26, 222.91
478.96, 725.11, 347.90
477.49, 848.41, 97.06
478.36, 849.26, 222.06
479.23, 850.10, 347.05
601.93, 598.13, 97.89
602.80, 598.98, 222.89
603.68, 599.83, 347.88
602.21, 723.13, 97.04
603.08, 723.98, 222.04
603.95, 724.83, 347.03
602.48, 848.12, 96.19
603.36, 848.97, 221.18
604.23, 849.82, 346.18
349.72, 601.12, 224.07
352.75, 598.38, 349.01
355.77, 595.65, 473.94
350.98, 726.09, 226.78
354.01, 723.35, 351.71
357.04, 720.61, 476.65
352.24, 851.05, 229.49
355.27, 848.31, 354.42
358.30, 845.58, 479.35
474.68, 599.92, 221.02
477.70, 597.19, 345.95
480.73, 594.45, 470.88
475.94, 724.89, 223.72
478.97, 722.15, 348.66
481.99, 719.42, 473.59
477.20, 849.85, 226.43
480.23, 847.12, 351.36
483.26, 844.38, 476.30
599.63, 598.73, 217.96
602.66, 595.99, 342.90
605.69, 593.26, 467.83
600.89, 723.69, 220.67
603.92, 720.96, 345.60
606.95, 718.22, 470.54
602.16, 848.66, 223.38
605.18, 845.92, 348.31
608.21, 843.18, 473.24
349.57, 600.40, 350.92
352.77, 599.28, 475.88
355.97, 598.17, 600.83
346.91, 725.37, 352.11
350.11, 724.25, 477.06
353.31, 723.13, 602.01
344.24, 850.33, 353.29
347.44, 849.22, 478.24
350.65, 848.10, 603.20
474.50, 603.09, 347.75
477.70, 601.98, 472.70
480.90, 600.86, 597.65
471.84, 728.06, 348.93
475.04, 726.94, 473.88
478.24, 725.83, 598.84
469.17, 853.02, 350.11
472.38, 851.91, 475.07
475.58, 850.79, 600.02
599.43, 605.78, 344.57
602.63, 604.67, 469.52
605.83, 603.55, 594.48
596.77, 730.75, 345.75
599.97, 729.63, 470.71
603.17, 728.52, 595.66
594.10, 855.72, 346.94
597.31, 854.60, 471.89
600.51, 853.48, 596.85
350.66, 600.85, 473.24
349.90, 604.04, 598.20
349.15, 607.23, 723.16
353.66, 725.77, 470.07
352.91, 728.97, 595.03
352.16, 732.16, 719.98
356.67, 850.70, 466.90
355.91, 853.89, 591.85
355.16, 857.08, 716.81
475.62, 597.86, 474.07
474.86, 601.06, 599.03
474.11, 604.25, 723.98
478.62, 722.79, 470.90
477.87, 725.98, 595.86
477.12, 729.17, 720.81
481.63, 847.71, 467.73
480.88, 850.90, 592.68
480.12, 854.09, 717.64
600.58, 594.88, 474.90
599.83, 598.07, 599.86
599.07, 601.26, 724.81
603.59, 719.80, 471.73
602.83, 722.99, 596.68
602.08, 726.19, 721.64
606.59, 844.73, 468.55
605.84, 847.92, 593.51
605.09, 851.11, 718.47
351.39, 599.13, 601.10
353.56, 597.32, 726.07
355.73, 595.51, 851.04
349.86, 724.11, 602.94
352.02, 722.30, 727.91
354.19, 720.49, 852.87
348.32, 849.08, 604.77
350.49, 847.28, 729.74
352.66, 845.47, 854.71
476.36, 600.69, 598.96
478.53, 598.89, 723.93
480.70, 597.08, 848.90
474.83, 725.67, 600.79
477.00, 723.86, 725.76
479.16, 722.06, 850.73
473.30, 850.65, 602.63
475.46, 848.84, 727.60
477.63, 847.03, 852.56
601.34, 602.26, 596.82
603.50, 600.45, 721.78
605.67, 598.65, 846.75
599.80, 727.24, 598.65
601.97, 725.43, 723.62
604.14, 723.62, 848.59
598.27, 852.21, 600.48
600.43, 850.41, 725.45
602.60, 848.60, 850.42
475.71, 99.45, 98.49
479.17, 97.62, 223.42
482.62, 95.79, 348.36
474.77, 224.43, 100.35
478.22, 222.60, 225.28
481.68, 220.77, 350.22
473.82, 349.42, 102.21
477.28, 347.58, 227.14
480.73, 345.75, 352.08
600.66, 100.45, 95.04
604.12, 98.62, 219.98
607.57, 96.78, 344.92
599.72, 225.43, 96.90
603.17, 223.60, 221.84
606.63, 221.77, 346.78
598.77, 350.41, 98.76
602.23, 348.58, 223.70
605.68, 346.75, 348.64
725.61, 101.45, 91.60
729.07, 99.61, 216.54
732.52, 97.78, 341.48
724.66, 226.43, 93.46
728.12, 224.59, 218.40
731.58, 222.76, 343.34
723.72, 351.41, 95.32
727.17, 349.58, 220.26
730.63, 347.74, 345.20
476.04, 99.20, 224.16
474.07, 97.97, 349.13
472.10, 96.75, 474.11
472.75, 224.15, 225.33
470.78, 222.93, 350.30
468.80, 221.70, 475.28
469.45, 349.10, 226.50
467.48, 347.88, 351.47
465.51, 346.65, 476.45
600.98, 102.47, 226.16
599.01, 101.25, 351.14
597.04, 100.03, 476.12
597.69, 227.42, 227.33
595.72, 226.20, 352.31
593.75, 224.98, 477.29
594.39, 352.38, 228.50
592.42, 351.15, 353.48
590.45, 349.93, 478.46
725.92, 105.75, 228.16
723.95, 104.53, 353.14
721.98, 103.30, 478.12
722.63, 230.70, 229.33
720.66, 229.48, 354.31
718.69, 228.26, 479.29
719.33, 355.65, 230.50
717.36, 354.43, 355.48
715.39, 353.21, 480.46
473.24, 100.43, 349.95
473.65, 101.45, 474.95
474.06, 102.47, 599.94
473.80, 225.43, 348.93
474.21, 226.44, 473.93
474.61, 227.46, 598.92
474.36, 350.42, 347.91
474.76, 351.44, 472.91
475.17, 352.46, 597.91
598.24, 99.87, 349.55
598.65, 100.89, 474.54
599.05, 101.90, 599.54
598.80, 224.87, 348.53
599.20, 225.88, 473.53
599.61, 226.90, 598.52
599.35, 349.86, 347.51
599.76, 350.88, 472.51
600.17, 351.89, 597.50
723.24, 99.31, 349.15
723.64, 100.33, 474.14
724.05, 101.34, 599.14
723.79, 224.30, 348.13
724.20, 225.32, 473.12
724.61, 226.34, 598.12
724.35, 349.30, 347.11
724.76, 350.32, 472.10
725.17, 351.33, 597.10
474.74, 99.67, 473.20
477.43, 100.87, 598.16
480.13, 102.08, 723.13
478.23, 224.61, 471.92
480.92, 225.82, 596.88
483.62, 227.02, 721.85
481.72, 349.56, 470.64
484.41, 350.76, 595.60
487.11, 351.97, 720.57
599.66, 96.15, 470.53
602.36, 97.36, 595.50
605.06, 98.56, 720.46
603.15, 221.10, 469.25
605.85, 222.30, 594.22
608.55, 223.51, 719.18
606.64, 346.04, 467.97
609.34, 347.25, 592.94
612.04, 348.45, 717.90
724.58, 92.63, 467.87
727.28, 93.84, 592.83
729.98, 95.05, 717.80
728.07, 217.58, 466.59
730.77, 218.78, 591.55
733.47, 219.99, 716.52
731.56, 342.52, 465.31
734.26, 343.73, 590.27
736.96, 344.94, 715.24
473.39, 99.08, 598.15
470.36, 102.59, 723.07
467.32, 106.10, 847.98
471.94, 224.02, 594.61
468.91, 227.53, 719.52
465.88, 231.04, 844.43
470.50, 348.96, 591.06
467.47, 352.47, 715.97
464.44, 355.99, 840.88
598.34, 100.60, 601.14
595.31, 104.12, 726.06
592.28, 107.63, 850.97
596.90, 225.55, 597.59
593.87, 229.06, 722.51
590.84, 232.57, 847.42
595.46, 350.49, 594.05
592.42, 354.00, 718.96
589.39, 357.51, 843.87
723.30, 102.13, 604.13
720.27, 105.65, 729.05
717.23, 109.16, 853.96
721.85, 227.07, 600.58
718.82, 230.59, 725.50
715.79, 234.10, 850.41
720.41, 352.01, 597.03
717.38, 355.53, 721.95
714.35, 359.04, 846.86
474.13, 225.82, 101.05
470.91, 228.53, 225.98
467.69, 231.23, 350.91
477.63, 350.74, 98.43
474.41, 353.45, 223.36
471.19, 356.16, 348.29
481.13, 475.67, 95.82
477.91, 478.37, 220.75
474.69, 481.08, 345.67
599.04, 222.39, 104.34
595.82, 225.09, 229.27
592.60, 227.80, 354.20
602.54, 347.31, 101.73
599.32, 350.02, 226.66
596.10, 352.73, 351.59
606.04, 472.23, 99.11
602.82, 474.94, 224.04
599.60, 477.65, 348.97
723.95, 218.95, 107.64
720.73, 221.66, 232.57
717.51, 224.37, 357.50
727.45, 343.88, 105.02
724.23, 346.59, 229.95
721.01, 349.29, 354.88
730.95, 468.80, 102.40
727.73, 471.51, 227.33
724.51, 474.22, 352.26
475.55, 226.37, 224.40
473.63, 226.50, 349.38
471.72, 226.64, 474.37
471.94, 351.31, 224.20
470.03, 351.45, 349.19
468.12, 351.59, 474.17
468.34, 476.26, 224.01
466.43, 476.40, 349.00
464.51, 476.53, 473.98
600.48, 229.97, 226.30
598.57, 230.11, 351.29
596.65, 230.24, 476.28
596.88, 354.92, 226.11
594.96, 355.06, 351.10
593.05, 355.19, 476.08
593.27, 479.87, 225.92
591.36, 480.00, 350.91
589.45, 480.14, 475.89
725.41, 233.58, 228.21
723.50, 233.71, 353.20
721.59, 233.85, 478.18
721.81, 358.53, 228.02
719.90, 358.66, 353.01
717.98, 358.80, 477.99
718.21, 483.47, 227.83
716.29, 483.61, 352.82
714.38, 483.75, 477.80
473.39, 223.56, 351.83
473.45, 223.52, 476.83
473.52, 223.48, 601.83
474.81, 348.55, 351.87
474.87, 348.51, 476.87
474.94, 348.47, 601.87
476.22, 473.54, 351.91
476.29, 473.50, 476.91
476.36, 473.46, 601.91
598.38, 222.14, 351.76
598.45, 222.10, 476.76
598.52, 222.06, 601.76
599.80, 347.13, 351.80
599.87, 347.09, 476.80
599.94, 347.05, 601.80
601.22, 472.13, 351.84
601.29, 472.08, 476.84
601.35, 472.04, 601.84
723.37, 220.72, 351.69
723.44, 220.68, 476.69
723.51, 220.64, 601.69
724.79, 345.71, 351.73
724.86, 345.67, 476.73
724.93, 345.63, 601.73
726.21, 470.71, 351.77
726.28, 470.66, 476.77
726.35, 470.62, 601.77
474.42, 224.34, 475.93
472.10, 227.23, 600.87
469.79, 230.12, 725.82
477.92, 349.26, 473.10
475.60, 352.15, 598.05
473.29, 355.04, 722.99
481.42, 474.17, 470.28
479.10, 477.06, 595.23
476.79, 479.95, 720.17
599.35, 220.89, 478.32
597.03, 223.78, 603.27
594.72, 226.67, 728.21
602.85, 345.81, 475.50
600.53, 348.70, 600.44
598.22, 351.59, 725.39
606.35, 470.73, 472.67
604.03, 473.62, 597.62
601.72, 476.51, 722.56
724.28, 217.44, 480.72
721.96, 220.33, 605.66
719.65, 223.22, 730.61
727.78, 342.36, 477.89
725.46, 345.25, 602.84
723.15, 348.14, 727.78
731.28, 467.28, 475.07
728.96, 470.17, 600.01
726.65, 473.06, 724.96
474.43, 225.60, 598.16
475.17, 225.63, 723.16
475.90, 225.67, 848.16
474.29, 350.59, 598.12
475.02, 350.63, 723.12
475.76, 350.67, 848.12
474.14, 475.59, 598.08
474.88, 475.63, 723.08
475.61, 475.67, 848.08
599.43, 225.74, 597.43
600.16, 225.78, 722.42
600.90, 225.82, 847.42
599.28, 350.74, 597.39
600.02, 350.78, 722.39
600.75, 350.82, 847.38
599.14, 475.74, 597.35
599.87, 475.78, 722.35
600.61, 475.82, 847.35
724.43, 225.89, 596.69
725.16, 225.92, 721.69
725.90, 225.96, 846.69
724.28, 350.89, 596.65
725.02, 350.92, 721.65
725.75, 350.96, 846.65
724.14, 475.89, 596.62
724.87, 475.92, 721.61
725.61, 475.96, 846.61
475.26, 349.70, 98.81
478.31, 351.00, 223.76
481.36, 352.31, 348.72
474.29, 474.69, 97.53
477.35, 475.99, 222.48
480.40, 477.30, 347.44
473.33, 599.68, 96.25
476.38, 600.98, 221.21
479.43, 602.29, 346.16
600.22, 350.64, 95.75
603.27, 351.94, 220.70
606.32, 353.24, 345.66
599.25, 475.63, 94.47
602.31, 476.93, 219.42
605.36, 478.23, 344.38
598.29, 600.62, 93.19
601.34, 601.92, 218.14
604.39, 603.22, 343.10
725.18, 351.57, 92.68
728.23, 352.87, 217.64
731.28, 354.17, 342.59
724.21, 476.56, 91.40
727.26, 477.86, 216.36
730.32, 479.16, 341.32
723.25, 601.55, 90.13
726.30, 602.85, 215.08
729.35, 604.15, 340.04
476.59, 349.53, 225.86
478.69, 347.30, 350.82
480.78, 345.07, 475.78
478.46, 474.50, 228.06
480.56, 472.27, 353.02
482.65, 470.04, 477.99
480.33, 599.47, 230.26
482.43, 597.24, 355.23
484.52, 595.00, 480.19
601.56, 347.70, 223.73
603.66, 345.47, 348.70
605.75, 343.24, 473.66
603.43, 472.67, 225.94
605.52, 470.44, 350.90
607.62, 468.20, 475.86
605.30, 597.64, 228.14
607.39, 595.40, 353.10
609.49, 593.17, 478.06
726.53, 345.87, 221.61
728.62, 343.64, 346.57
730.72, 341.40, 471.53
728.40, 470.84, 223.81
730.49, 468.60, 348.77
732.59, 466.37, 473.73
730.27, 595.80, 226.01
732.36, 593.57, 350.97
734.46, 591.34, 475.94
476.06, 351.04, 349.93
474.04, 347.29, 474.85
472.02, 343.54, 599.78
475.05, 475.98, 353.66
473.03, 472.23, 478.59
471.01, 468.48, 603.51
474.04, 600.92, 357.39
472.02, 597.17, 482.32
470.00, 593.42, 607.25
601.04, 351.99, 351.97
599.02, 348.24, 476.90
597.00, 344.49, 601.83
600.03, 476.93, 355.71
598.01, 473.18, 480.63
595.99, 469.43, 605.56
599.02, 601.87, 359.44
597.00, 598.12, 484.37
594.98, 594.37, 609.30
726.02, 352.94, 354.02
724.00, 349.19, 478.95
721.98, 345.44, 603.88
725.01, 477.88, 357.75
722.99, 474.13, 482.68
720.97, 470.38, 607.61
724.00, 602.82, 361.49
721.98, 599.07, 486.42
719.96, 595.32, 611.34
476.96, 348.74, 475.76
476.39, 348.26, 600.75
475.82, 347.78, 725.75
480.68, 473.69, 476.25
480.11, 473.21, 601.25
479.54, 472.73, 726.25
484.39, 598.63, 476.75
483.82, 598.15, 601.75
483.25, 597.67, 726.74
601.91, 345.03, 476.31
601.34, 344.55, 601.31
600.77, 344.07, 726.31
605.62, 469.97, 476.81
605.05, 469.49, 601.80
604.48, 469.01, 726.80
609.33, 594.92, 477.30
608.76, 594.44, 602.30
608.20, 593.96, 727.30
726.85, 341.31, 476.86
726.28, 340.83, 601.86
725.71, 340.35, 726.86
730.56, 466.26, 477.36
729.99, 465.78, 602.36
729.43, 465.30, 727.36
734.28, 591.20, 477.86
733.71, 590.72, 602.86
733.14, 590.24, 727.85
475.92, 350.65, 601.72
474.92, 349.49, 726.71
473.92, 348.33, 851.70
475.79, 475.65, 602.88
474.79, 474.48, 727.87
473.79, 473.32, 852.86
475.66, 600.64, 604.04
474.66, 599.48, 729.03
473.66, 598.32, 854.02
600.92, 350.77, 602.72
599.91, 349.61, 727.71
598.91, 348.45, 852.70
600.79, 475.77, 603.88
599.78, 474.61, 728.87
598.78, 473.44, 853.86
600.66, 600.76, 605.04
599.65, 599.60, 730.03
598.65, 598.44, 855.02
725.91, 350.89, 603.72
724.91, 349.73, 728.71
723.91, 348.57, 853.70
725.78, 475.89, 604.88
724.78, 474.73, 729.87
723.78, 473.56, 854.86
725.65, 600.88, 606.04
724.65, 599.72, 731.03
723.65, 598.56, 856.03
474.25, 476.84, 99.50
477.25, 474.18, 224.44
480.25, 471.53, 349.37
477.74, 601.76, 102.07
480.74, 599.11, 227.01
483.74, 596.45, 351.95
481.23, 726.69, 104.65
484.23, 724.03, 229.58
487.23, 721.37, 354.52
599.16, 473.41, 96.43
602.16, 470.76, 221.36
605.17, 468.10, 346.30
602.65, 598.34, 99.00
605.65, 595.68, 223.94
608.66, 593.02, 348.87
606.14, 723.26, 101.57
609.14, 720.60, 226.51
612.15, 717.95, 351.44
724.08, 469.99, 93.35
727.08, 467.33, 218.29
730.08, 464.67, 343.22
727.57, 594.91, 95.93
730.57, 592.25, 220.86
733.57, 589.60, 345.80
731.06, 719.84, 98.50
734.06, 717.18, 223.43
737.06, 714.52, 348.37
474.15, 475.15, 224.14
472.45, 471.50, 349.08
470.75, 467.85, 474.01
475.67, 600.09, 227.81
473.96, 596.44, 352.75
472.26, 592.79, 477.68
477.18, 725.02, 231.48
475.48, 721.37, 356.42
473.77, 717.72, 481.35
599.13, 473.59, 225.80
597.43, 469.94, 350.73
595.73, 466.29, 475.67
600.64, 598.52, 229.47
598.94, 594.87, 354.40
597.24, 591.22, 479.34
602.16, 723.46, 233.14
600.46, 719.81, 358.07
598.75, 716.16, 483.01
724.11, 472.02, 227.45
722.41, 468.37, 352.39
720.71, 464.72, 477.32
725.62, 596.96, 231.12
723.92, 593.31, 356.06
722.22, 589.66, 480.99
727.14, 721.90, 234.79
725.44, 718.25, 359.73
723.73, 714.60, 484.66
475.98, 473.19, 350.43
475.40, 475.68, 475.40
474.81, 478.17, 600.38
478.36, 598.15, 347.95
477.77, 600.63, 472.93
477.19, 603.12, 597.90
480.73, 723.10, 345.48
480.15, 725.59, 470.45
479.56, 728.07, 595.43
600.96, 470.83, 351.06
600.37, 473.32, 476.04
599.79, 475.80, 601.01
603.33, 595.78, 348.59
602.75, 598.27, 473.56
602.16, 600.76, 598.53
605.71, 720.74, 346.11
605.12, 723.22, 471.09
604.54, 725.71, 596.06
725.94, 468.47, 351.69
725.35, 470.95, 476.67
724.77, 473.44, 601.64
728.31, 593.42, 349.22
727.73, 595.91, 474.19
727.14, 598.39, 599.17
730.69, 718.37, 346.74
730.10, 720.86, 471.72
729.52, 723.35, 596.69
473.29, 475.65, 475.57
474.59, 476.32, 600.56
475.88, 477.00, 725.55
475.72, 600.62, 474.87
477.01, 601.30, 599.86
478.31, 601.98, 724.85
478.15, 725.60, 474.16
479.44, 726.27, 599.15
480.74, 726.95, 724.15
598.26, 473.21, 474.29
599.56, 473.89, 599.28
600.85, 474.57, 724.27
600.69, 598.19, 473.58
601.98, 598.86, 598.57
603.28, 599.54, 723.57
603.12, 723.16, 472.88
604.41, 723.84, 597.87
605.71, 724.52, 722.86
723.23, 470.78, 473.00
724.52, 471.45, 597.99
725.82, 472.13, 722.99
725.66, 595.75, 472.30
726.95, 596.43, 597.29
728.25, 597.11, 722.28
728.09, 720.72, 471.60
729.38, 721.40, 596.59
730.68, 722.08, 721.58
476.05, 475.48, 598.19
475.05, 471.84, 723.14
474.04, 468.20, 848.08
474.32, 600.42, 601.82
473.31, 596.78, 726.76
472.31, 593.14, 851.71
472.58, 725.35, 605.45
471.58, 721.71, 730.39
470.57, 718.07, 855.33
601.03, 477.19, 599.25
600.03, 473.55, 724.19
599.03, 469.91, 849.13
599.30, 602.12, 602.87
598.30, 598.48, 727.82
597.29, 594.84, 852.76
597.56, 727.06, 606.50
596.56, 723.42, 731.44
595.56, 719.78, 856.39
726.02, 478.89, 600.30
725.02, 475.25, 725.24
724.01, 471.61, 850.19
724.28, 603.83, 603.93
723.28, 600.19, 728.87
722.28, 596.55, 853.81
722.55, 728.76, 607.55
721.54, 725.12, 732.50
720.54, 721.48, 857.44
474.99, 600.52, 100.07
471.61, 598.01, 225.00
468.24, 595.51, 349.93
478.67, 725.43, 102.68
475.29, 722.93, 227.61
471.92, 720.43, 352.54
482.35, 850.35, 105.28
478.98, 847.85, 230.21
475.60, 845.34, 355.14
599.89, 596.77, 103.37
596.51, 594.26, 228.30
593.14, 591.76, 353.23
603.57, 721.69, 105.98
600.19, 719.18, 230.91
596.82, 716.68, 355.84
607.25, 846.60, 108.58
603.88, 844.10, 233.51
600.50, 841.60, 358.44
724.79, 593.02, 106.67
721.41, 590.51, 231.60
718.04, 588.01, 356.53
728.47, 717.94, 109.28
725.09, 715.43, 234.21
721.72, 712.93, 359.14
732.15, 842.85, 111.88
728.78, 840.35, 236.81
725.40, 837.85, 361.74
474.17, 598.84, 225.29
477.18, 597.68, 350.25
480.19, 596.53, 475.21
470.68, 723.78, 226.53
473.69, 722.63, 351.49
476.71, 721.47, 476.44
467.19, 848.73, 227.77
470.21, 847.57, 352.72
473.22, 846.42, 477.68
599.09, 602.35, 222.31
602.10, 601.20, 347.27
605.11, 600.04, 472.23
595.60, 727.30, 223.55
598.61, 726.14, 348.51
601.62, 724.99, 473.47
592.11, 852.24, 224.79
595.12, 851.09, 349.75
598.13, 849.93, 474.70
724.00, 605.87, 219.33
727.01, 604.71, 344.29
730.02, 603.56, 469.25
720.51, 730.81, 220.57
723.52, 729.66, 345.53
726.54, 728.51, 470.49
717.02, 855.76, 221.81
720.04, 854.60, 346.77
723.05, 853.45, 471.73
475.02, 598.68, 350.86
474.96, 597.81, 475.86
474.91, 596.94, 600.86
477.12, 723.66, 351.73
477.07, 722.79, 476.73
477.01, 721.92, 601.73
479.23, 848.64, 352.61
479.17, 847.77, 477.60
479.12, 846.90, 602.60
600.00, 596.58, 350.90
599.94, 595.71, 475.90
599.89, 594.83, 600.90
602.10, 721.56, 351.77
602.05, 720.68, 476.77
602.00, 719.81, 601.77
604.21, 846.54, 352.65
604.16, 845.66, 477.64
604.10, 844.79, 602.64
724.98, 594.47, 350.94
724.93, 593.60, 475.94
724.87, 592.73, 600.93
727.09, 719.45, 351.81
727.03, 718.58, 476.81
726.98, 717.71, 601.81
729.19, 844.43, 352.69
729.14, 843.56, 477.68
729.08, 842.69, 602.68
475.86, 600.34, 474.72
474.14, 599.21, 599.71
472.43, 598.08, 724.69
476.93, 725.33, 475.87
475.22, 724.20, 600.85
473.50, 723.07, 725.83
478.01, 850.32, 477.01
476.29, 849.19, 601.99
474.58, 848.06, 726.98
600.84, 599.25, 476.43
599.12, 598.12, 601.41
597.41, 596.99, 726.40
601.91, 724.24, 477.57
600.20, 723.11, 602.56
598.48, 721.98, 727.54
602.99, 849.23, 478.72
601.28, 848.10, 603.70
599.56, 846.97, 728.68
725.82, 598.15, 478.13
724.11, 597.03, 603.12
722.39, 595.90, 728.10
726.90, 723.14, 479.28
725.18, 722.02, 604.26
723.47, 720.89, 729.24
727.97, 848.13, 480.42
726.26, 847.01, 605.40
724.54, 845.88, 730.39
474.53, 601.82, 601.95
474.15, 601.73, 726.95
473.77, 601.65, 851.95
478.17, 726.77, 602.05
477.79, 726.68, 727.05
477.40, 726.59, 852.05
481.81, 851.71, 602.15
481.42, 851.63, 727.15
481.04, 851.54, 852.15
599.48, 598.18, 602.33
599.10, 598.10, 727.33
598.71, 598.01, 852.33
603.12, 723.13, 602.43
602.73, 723.04, 727.43
602.35, 722.96, 852.43
606.75, 848.08, 602.53
606.37, 847.99, 727.53
605.99, 847.90, 852.53
724.43, 594.54, 602.71
724.04, 594.46, 727.71
723.66, 594.37, 852.71
728.06, 719.49, 602.81
727.68, 719.41, 727.81
727.30, 719.32, 852.81
731.70, 844.44, 602.91
731.32, 844.35, 727.91
730.93, 844.27, 852.91
600.74, 101.64, 100.00
602.44, 100.19, 224.98
604.13, 98.74, 349.96
599.56, 226.63, 101.47
601.26, 225.18, 226.45
602.95, 223.73, 351.43
598.38, 351.61, 102.93
600.08, 350.16, 227.91
601.78, 348.71, 352.89
725.72, 102.84, 98.32
727.42, 101.39, 223.30
729.12, 99.94, 348.28
724.54, 227.82, 99.78
726.24, 226.37, 224.76
727.94, 224.92, 349.75
723.37, 352.81, 101.25
725.06, 351.36, 226.23
726.76, 349.91, 351.21
850.70, 104.04, 96.64
852.40, 102.59, 221.62
854.10, 101.14, 346.60
849.53, 229.02, 98.10
851.22, 227.57, 223.08
852.92, 226.12, 348.06
848.35, 354.01, 99.57
850.05, 352.56, 224.55
851.74, 351.11, 349.53
601.39, 98.08, 224.09
602.99, 98.13, 349.07
604.58, 98.19, 474.06
601.67, 223.08, 224.03
603.27, 223.13, 349.02
604.87, 223.18, 474.01
601.95, 348.08, 223.98
603.55, 348.13, 348.97
605.15, 348.18, 473.96
726.38, 97.80, 222.49
727.98, 97.85, 347.48
729.57, 97.90, 472.47
726.66, 222.80, 222.44
728.26, 222.85, 347.42
729.85, 222.90, 472.41
726.94, 347.80, 222.38
728.54, 347.85, 347.37
730.14, 347.90, 472.36
851.37, 97.52, 220.89
852.97, 97.57, 345.88
854.56, 97.62, 470.87
851.65, 222.52, 220.84
853.25, 222.57, 345.83
854.84, 222.62, 470.82
851.93, 347.52, 220.78
853.53, 347.57, 345.77
855.13, 347.62, 470.76
599.94, 101.29, 348.23
602.74, 98.04, 473.15
605.55, 94.79, 598.08
597.12, 226.21, 351.54
599.92, 222.96, 476.47
602.73, 219.71, 601.39
594.30, 351.14, 354.86
597.10, 347.89, 479.78
599.91, 344.63, 604.71
724.87, 104.18, 345.50
727.68, 100.93, 470.42
730.48, 97.68, 595.35
722.05, 229.11, 348.81
724.86, 225.85, 473.74
727.66, 222.60, 598.66
719.24, 354.03, 352.13
722.04, 350.78, 477.05
724.85, 347.53, 601.98
849.81, 107.07, 342.77
852.62, 103.82, 467.69
855.42, 100.57, 592.62
846.99, 232.00, 346.08
849.80, 228.75, 471.01
852.60, 225.49, 595.93
844.17, 356.92, 349.40
846.98, 353.67, 474.32
849.78, 350.42, 599.25
601.30, 100.83, 475.00
597.79, 103.14, 599.93
594.28, 105.45, 724.86
597.78, 225.76, 472.59
594.27, 228.07, 597.52
590.75, 230.38, 722.45
594.26, 350.69, 470.18
590.74, 353.00, 595.11
587.23, 355.30, 720.04
726.20, 104.42, 478.45
722.69, 106.73, 603.38
719.18, 109.04, 728.30
722.68, 229.35, 476.04
719.17, 231.66, 600.97
715.65, 233.97, 725.90
719.16, 354.28, 473.63
715.64, 356.58, 598.56
712.13, 358.89, 723.49
851.11, 108.01, 481.89
847.59, 110.32, 606.82
844.08, 112.63, 731.75
847.58, 232.94, 479.49
844.07, 235.25, 604.42
840.55, 237.55, 729.34
844.06, 357.86, 477.08
840.55, 360.17, 602.01
837.03, 362.48, 726.94
599.16, 98.10, 600.24
597.72, 95.47, 725.20
596.28, 92.84, 850.16
599.74, 223.07, 602.87
598.30, 220.44, 727.84
596.86, 217.81, 852.80
600.33, 348.04, 605.51
598.89, 345.41, 730.48
597.45, 342.78, 855.44
724.15, 97.49, 601.66
722.71, 94.85, 726.63
721.27, 92.22, 851.59
724.73, 222.46, 604.30
723.29, 219.83, 729.26
721.85, 217.19, 854.23
725.32, 347.43, 606.94
723.88, 344.80, 731.90
722.44, 342.16, 856.87
849.14, 96.87, 603.09
847.70, 94.24, 728.05
846.26, 91.61, 853.02
849.72, 221.84, 605.73
848.28, 219.21, 730.69
846.84, 216.58, 855.66
850.31, 346.81, 608.37
848.87, 344.18, 733.33
847.43, 341.55, 858.29
598.97, 226.15, 99.47
597.28, 223.59, 224.43
595.59, 221.03, 349.40
598.77, 351.12, 102.03
597.08, 348.57, 226.99
595.39, 346.01, 351.95
598.56, 476.10, 104.58
596.87, 473.54, 229.54
595.18, 470.98, 354.51
723.96, 226.32, 101.16
722.27, 223.76, 226.13
720.58, 221.21, 351.09
723.76, 351.29, 103.72
722.07, 348.74, 228.68
720.38, 346.18, 353.64
723.55, 476.27, 106.27
721.86, 473.71, 231.24
720.17, 471.15, 356.20
848.95, 226.49, 102.86
847.26, 223.94, 227.82
845.57, 221.38, 352.78
848.74, 351.47, 105.41
847.05, 348.91, 230.38
845.36, 346.35, 355.34
848.54, 476.44, 107.97
846.85, 473.88, 232.93
845.16, 471.33, 357.89
601.77, 224.14, 224.11
599.61, 222.81, 349.08
597.44, 221.49, 474.06
601.81, 349.13, 225.43
599.64, 347.81, 350.41
597.48, 346.48, 475.38
601.84, 474.12, 226.76
599.68, 472.80, 351.73
597.52, 471.48, 476.71
726.75, 224.08, 226.27
724.59, 222.75, 351.25
722.43, 221.43, 476.22
726.79, 349.07, 227.60
724.63, 347.75, 352.57
722.46, 346.42, 477.55
726.83, 474.06, 228.92
724.66, 472.74, 353.90
722.50, 471.42, 478.87
851.74, 224.02, 228.44
849.57, 222.70, 353.41
847.41, 221.37, 478.39
851.77, 349.01, 229.76
849.61, 347.69, 354.74
847.44, 346.37, 479.71
851.81, 474.01, 231.09
849.64, 472.68, 356.06
847.48, 471.36, 481.03
601.98, 223.56, 349.14
602.06, 223.58, 474.14
602.15, 223.61, 599.14
604.80, 348.52, 349.11
604.88, 348.55, 474.11
604.97, 348.58, 599.11
607.62, 473.49, 349.08
607.70, 473.52, 474.08
607.79, 473.55, 599.08
726.94, 220.73, 349.06
727.03, 220.76, 474.06
727.11, 220.79, 599.06
729.77, 345.70, 349.03
729.85, 345.73, 474.03
729.94, 345.76, 599.03
732.59, 470.67, 349.00
732.67, 470.70, 474.00
732.76, 470.73, 599.00
851.91, 217.91, 348.97
852.00, 217.94, 473.97
852.08, 217.97, 598.97
854.73, 342.88, 348.94
854.82, 342.91, 473.94
854.90, 342.94, 598.94
857.56, 467.85, 348.91
857.64, 467.88, 473.91
857.73, 467.90, 598.91
600.79, 225.74, 474.37
602.70, 225.47, 599.35
604.61, 225.21, 724.34
601.72, 350.74, 474.62
603.63, 350.47, 599.61
605.55, 350.20, 724.59
602.66, 475.73, 474.87
604.57, 475.47, 599.86
606.48, 475.20, 724.84
725.77, 224.81, 472.45
727.68, 224.54, 597.44
729.59, 224.28, 722.42
726.70, 349.81, 472.71
728.62, 349.54, 597.69
730.53, 349.27, 722.68
727.64, 474.80, 472.96
729.55, 474.54, 597.95
731.46, 474.27, 722.93
850.75, 223.88, 470.54
852.66, 223.61, 595.52
854.57, 223.35, 720.51
851.69, 348.88, 470.79
853.60, 348.61, 595.78
855.51, 348.34, 720.76
852.62, 473.87, 471.05
854.53, 473.61, 596.03
856.44, 473.34, 721.02
599.04, 224.39, 598.19
598.48, 224.64, 723.19
597.93, 224.89, 848.19
602.55, 349.34, 597.96
602.00, 349.59, 722.96
601.44, 349.84, 847.96
606.07, 474.29, 597.72
605.51, 474.54, 722.72
604.96, 474.79, 847.72
723.99, 220.88, 598.76
723.43, 221.13, 723.75
722.88, 221.38, 848.75
727.50, 345.83, 598.52
726.95, 346.08, 723.52
726.39, 346.33, 848.52
731.01, 470.78, 598.29
730.46, 471.03, 723.28
729.90, 471.28, 848.28
848.93, 217.36, 599.32
848.38, 217.62, 724.32
847.83, 217.87, 849.32
852.45, 342.31, 599.08
851.89, 342.57, 724.08
851.34, 342.82, 849.08
855.96, 467.27, 598.85
855.41, 467.52, 723.85
854.85, 467.77, 848.84
599.72, 350.12, 99.17
600.91, 352.93, 224.14
602.11, 355.75, 349.10
596.42, 475.04, 96.39
597.62, 477.86, 221.35
598.81, 480.67, 346.32
593.12, 599.97, 93.61
594.32, 602.78, 218.57
595.51, 605.60, 343.53
724.67, 353.38, 97.91
725.86, 356.20, 222.87
727.06, 359.02, 347.83
721.37, 478.31, 95.12
722.57, 481.13, 220.08
723.76, 483.94, 345.05
718.08, 603.24, 92.34
719.27, 606.05, 217.30
720.46, 608.87, 342.26
849.62, 356.65, 96.64
850.82, 359.47, 221.60
852.01, 362.29, 346.56
846.32, 481.58, 93.85
847.52, 484.40, 218.82
848.71, 487.21, 343.78
843.03, 606.51, 91.07
844.22, 609.32, 216.03
845.42, 612.14, 340.99
600.14, 351.01, 224.05
601.16, 351.51, 349.05
602.19, 352.01, 474.04
599.35, 476.01, 223.56
600.37, 476.51, 348.55
601.40, 477.01, 473.55
598.56, 601.00, 223.07
599.58, 601.50, 348.06
600.61, 602.00, 473.06
725.13, 351.80, 223.02
726.16, 352.30, 348.02
727.18, 352.80, 473.01
724.34, 476.79, 222.53
725.37, 477.29, 347.53
726.39, 477.79, 472.52
723.55, 601.79, 222.04
724.58, 602.29, 347.03
725.60, 602.79, 472.03
850.13, 352.59, 222.00
851.15, 353.08, 346.99
852.18, 353.58, 471.98
849.33, 477.58, 221.50
850.36, 478.08, 346.50
851.39, 478.58, 471.49
848.54, 602.58, 221.01
849.57, 603.08, 346.00
850.60, 603.58, 471.00
600.34, 349.79, 351.63
597.86, 349.26, 476.60
595.37, 348.74, 601.58
600.22, 474.79, 352.15
597.73, 474.26, 477.13
595.24, 473.74, 602.10
600.10, 599.79, 352.68
597.61, 599.26, 477.65
595.12, 598.73, 602.62
725.32, 349.90, 354.12
722.83, 349.38, 479.09
720.34, 348.85, 604.07
725.19, 474.90, 354.64
722.71, 474.37, 479.62
720.22, 473.85, 604.59
725.07, 599.90, 355.16
722.58, 599.37, 480.14
720.10, 598.85, 605.11
850.29, 350.01, 356.61
847.81, 349.49, 481.58
845.32, 348.96, 606.55
850.17, 475.01, 357.13
847.68, 474.49, 482.10
845.19, 473.96, 607.08
850.05, 600.01, 357.65
847.56, 599.49, 482.63
845.07, 598.96, 607.60
599.58, 351.66, 474.74
596.66, 352.41, 599.71
593.74, 353.15, 724.67
600.13, 476.66, 474.01
597.21, 477.40, 598.97
594.29, 478.15, 723.93
600.69, 601.65, 473.27
597.77, 602.40, 598.24
594.84, 603.15, 723.20
724.55, 351.12, 477.67
721.62, 351.87, 602.63
718.70, 352.62, 727.59
725.10, 476.12, 476.93
722.18, 476.87, 601.90
719.25, 477.61, 726.86
725.65, 601.12, 476.20
722.73, 601.86, 601.16
719.81, 602.61, 726.13
849.51, 350.59, 480.59
846.59, 351.33, 605.56
843.67, 352.08, 730.52
850.06, 475.58, 479.86
847.14, 476.33, 604.82
844.22, 477.08, 729.79
850.62, 600.58, 479.12
847.69, 601.33, 604.09
844.77, 602.08, 729.05
600.53, 348.17, 598.32
600.72, 351.22, 723.29
600.90, 354.28, 848.25
599.25, 473.13, 595.27
599.44, 476.18, 720.23
599.63, 479.23, 845.20
597.97, 598.08, 592.22
598.16, 601.14, 717.18
598.35, 604.19, 842.15
725.52, 349.44, 598.11
725.71, 352.50, 723.07
725.90, 355.55, 848.03
724.24, 474.40, 595.05
724.43, 477.45, 720.02
724.62, 480.51, 844.98
722.97, 599.36, 592.00
723.15, 602.41, 716.96
723.34, 605.46, 841.93
850.52, 350.72, 597.89
850.70, 353.77, 722.85
850.89, 356.83, 847.81
849.24, 475.67, 594.84
849.42, 478.73, 719.80
849.61, 481.78, 844.76
847.96, 600.63, 591.78
848.15, 603.68, 716.75
848.33, 606.74, 841.71
599.68, 475.49, 101.22
596.14, 477.54, 226.15
592.61, 479.58, 351.08
603.37, 600.43, 99.28
599.83, 602.47, 224.21
596.30, 604.51, 349.15
607.06, 725.36, 97.34
603.52, 727.40, 222.27
599.99, 729.44, 347.21
724.57, 471.86, 104.81
721.04, 473.90, 229.75
717.50, 475.95, 354.68
728.27, 596.79, 102.87
724.73, 598.83, 227.81
721.19, 600.88, 352.74
731.96, 721.72, 100.94
728.42, 723.76, 225.87
724.88, 725.81, 350.80
849.47, 468.23, 108.41
845.93, 470.27, 233.34
842.40, 472.31, 358.28
853.16, 593.16, 106.47
849.62, 595.20, 231.40
846.09, 597.24, 356.34
856.85, 718.09, 104.53
853.31, 720.13, 229.46
849.78, 722.17, 354.40
598.13, 475.60, 223.65
595.09, 472.78, 348.58
592.05, 469.96, 473.51
596.76, 600.57, 226.44
593.72, 597.74, 351.37
590.68, 594.92, 476.30
595.40, 725.53, 229.23
592.36, 722.70, 354.16
589.32, 719.88, 479.09
723.08, 476.90, 226.72
720.04, 474.08, 351.65
717.00, 471.25, 476.58
721.72, 601.86, 229.51
718.68, 599.04, 354.44
715.64, 596.22, 479.37
720.35, 726.82, 232.30
717.31, 724.00, 357.23
714.27, 721.18, 482.16
848.04, 478.20, 229.79
845.00, 475.37, 354.72
841.96, 472.55, 479.65
846.67, 603.16, 232.58
843.63, 600.34, 357.51
840.59, 597.51, 482.44
845.31, 728.12, 235.37
842.27, 725.30, 360.30
839.23, 722.47, 485.23
598.03, 473.64, 349.48
595.76, 474.81, 474.46
593.50, 475.97, 599.43
597.31, 598.64, 348.31
595.05, 599.80, 473.28
592.78, 600.96, 598.26
596.60, 723.63, 347.13
594.33, 724.79, 472.11
592.07, 725.95, 597.08
723.01, 474.38, 351.74
720.74, 475.54, 476.71
718.48, 476.70, 601.69
722.29, 599.37, 350.57
720.03, 600.54, 475.54
717.76, 601.70, 600.51
721.57, 724.37, 349.39
719.31, 725.53, 474.37
717.04, 726.69, 599.34
847.98, 475.12, 354.00
845.72, 476.28, 478.97
843.45, 477.44, 603.95
847.27, 600.11, 352.82
845.00, 601.27, 477.80
842.74, 602.43, 602.77
846.55, 725.10, 351.65
844.29, 726.27, 476.62
842.02, 727.43, 601.60
601.68, 476.44, 474.55
604.89, 475.73, 599.51
608.10, 475.03, 724.46
602.19, 601.44, 475.24
605.40, 600.73, 600.20
608.61, 600.02, 725.16
602.70, 726.43, 475.94
605.91, 725.73, 600.90
609.12, 725.02, 725.85
726.64, 475.95, 471.34
729.85, 475.24, 596.30
733.05, 474.53, 721.25
727.14, 600.94, 472.03
730.35, 600.24, 596.99
733.56, 599.53, 721.95
727.65, 725.94, 472.73
730.86, 725.23, 597.68
734.07, 724.53, 722.64
851.59, 475.46, 468.13
854.80, 474.75, 593.08
858.01, 474.04, 718.04
852.10, 600.45, 468.82
855.31, 599.75, 593.78
858.52, 599.04, 718.73
852.61, 725.45, 469.51
855.82, 724.74, 594.47
859.03, 724.04, 719.43
601.17, 473.94, 598.78
597.65, 471.51, 723.71
594.13, 469.09, 848.64
598.41, 598.88, 601.13
594.88, 596.46, 726.06
591.36, 594.04, 850.98
595.64, 723.83, 603.47
592.12, 721.41, 728.40
588.59, 718.98, 853.33
726.09, 476.64, 602.36
722.57, 474.21, 727.28
719.05, 471.79, 852.21
723.33, 601.58, 604.70
719.80, 599.16, 729.63
716.28, 596.74, 854.56
720.56, 726.53, 607.05
717.04, 724.11, 731.97
713.51, 721.69, 856.90
851.01, 479.34, 605.93
847.49, 476.91, 730.86
843.97, 474.49, 855.78
848.25, 604.28, 608.28
844.72, 601.86, 733.20
841.20, 599.44, 858.13
845.48, 729.23, 610.62
841.96, 726.81, 735.55
838.43, 724.39, 860.47
601.04, 601.57, 98.42
601.57, 604.68, 223.38
602.10, 607.80, 348.34
601.73, 726.53, 95.30
602.26, 729.64, 220.26
602.79, 732.76, 345.22
602.42, 851.49, 92.18
602.95, 854.60, 217.14
603.48, 857.72, 342.10
726.04, 600.87, 97.91
726.57, 603.98, 222.87
727.10, 607.10, 347.83
726.73, 725.83, 94.79
727.26, 728.94, 219.75
727.79, 732.06, 344.71
727.42, 850.78, 91.67
727.95, 853.90, 216.63
728.48, 857.01, 341.59
851.04, 600.16, 97.39
851.57, 603.28, 222.35
852.10, 606.39, 347.31
851.73, 725.12, 94.28
852.26, 728.24, 219.24
852.79, 731.35, 344.20
852.41, 850.08, 91.16
852.94, 853.20, 216.12
853.47, 856.31, 341.08
598.42, 600.67, 224.74
598.27, 598.29, 349.71
598.12, 595.90, 474.69
599.20, 725.65, 227.12
599.05, 723.26, 352.10
598.90, 720.87, 477.08
599.98, 850.62, 229.51
599.83, 848.24, 354.49
599.68, 845.85, 479.47
723.41, 599.89, 224.87
723.27, 597.50, 349.85
723.12, 595.12, 474.82
724.19, 724.87, 227.26
724.05, 722.48, 352.23
723.90, 720.09, 477.21
724.97, 849.84, 229.64
724.83, 847.45, 354.62
724.68, 845.07, 479.60
848.41, 599.11, 225.00
848.26, 596.72, 349.98
848.11, 594.33, 474.96
849.19, 724.08, 227.39
849.04, 721.70, 352.37
848.89, 719.31, 477.34
849.97, 849.06, 229.78
849.82, 846.67, 354.75
849.67, 844.28, 479.73
598.91, 600.72, 351.20
602.30, 602.85, 476.13
605.70, 604.98, 601.07
599.41, 725.70, 349.06
602.80, 727.83, 473.99
606.19, 729.96, 598.93
599.90, 850.68, 346.91
603.30, 852.81, 471.85
606.69, 854.94, 596.78
723.87, 600.17, 347.82
727.26, 602.30, 472.75
730.65, 604.43, 597.69
724.36, 725.15, 345.67
727.75, 727.28, 470.61
731.14, 729.41, 595.54
724.86, 850.13, 343.53
728.25, 852.26, 468.46
731.64, 854.39, 593.40
848.82, 599.62, 344.43
852.21, 601.75, 469.37
855.60, 603.88, 594.30
849.31, 724.60, 342.29
852.71, 726.73, 467.22
856.10, 728.86, 592.16
849.81, 849.58, 340.15
853.20, 851.71, 465.08
856.59, 853.84, 590.02
599.70, 600.08, 476.90
600.54, 603.52, 601.85
601.38, 606.96, 726.80
601.88, 725.02, 473.44
602.72, 728.45, 598.39
603.56, 731.89, 723.34
604.06, 849.95, 469.99
604.90, 853.39, 594.94
605.75, 856.83, 719.89
724.67, 597.88, 476.11
725.52, 601.32, 601.06
726.36, 604.76, 726.01
726.86, 722.81, 472.66
727.70, 726.25, 597.61
728.54, 729.69, 722.56
729.04, 847.75, 469.21
729.88, 851.18, 594.16
730.72, 854.62, 719.11
849.65, 595.67, 475.33
850.50, 599.11, 600.28
851.34, 602.55, 725.23
851.83, 720.61, 471.88
852.68, 724.05, 596.83
853.52, 727.48, 721.78
854.02, 845.54, 468.42
854.86, 848.98, 593.37
855.70, 852.42, 718.32
601.69, 600.27, 598.84
604.91, 600.62, 723.79
608.14, 600.97, 848.75
599.48, 725.25, 598.55
602.71, 725.60, 723.50
605.93, 725.95, 848.46
597.27, 850.23, 598.26
600.50, 850.58, 723.21
603.73, 850.93, 848.17
726.63, 602.47, 595.60
729.85, 602.82, 720.56
733.08, 603.17, 845.52
724.42, 727.45, 595.31
727.65, 727.80, 720.27
730.87, 728.15, 845.23
722.21, 852.43, 595.02
725.44, 852.78, 719.98
728.67, 853.13, 844.94
851.56, 604.67, 592.37
854.79, 605.02, 717.33
858.02, 605.36, 842.29
849.36, 729.65, 592.08
852.59, 730.00, 717.04
855.81, 730.34, 842.00
847.15, 854.63, 591.79
850.38, 854.98, 716.75
853.61, 855.32, 841.71
