27, 125, pa2-unknown-j-output1.txt
192.55, 192.01, 198.38
396.27, 392.31, 206.64
101.08, 98.34, 98.62
97.76, 98.22, 223.58
94.44, 98.10, 348.53
100.15, 223.33, 98.72
96.83, 223.21, 223.67
93.50, 223.09, 348.63
99.21, 348.33, 98.81
95.89, 348.21, 223.77
92.57, 348.09, 348.72
226.04, 99.27, 101.94
222.72, 99.15, 226.90
219.39, 99.03, 351.86
225.10, 224.27, 102.04
221.78, 224.15, 226.99
218.46, 224.03, 351.95
224.16, 349.26, 102.13
220.84, 349.14, 227.09
217.52, 349.03, 352.04
350.99, 100.21, 105.27
347.67, 100.09, 230.22
344.35, 99.97, 355.18
350.05, 225.20, 105.36
346.73, 225.08, 230.32
343.41, 224.96, 355.27
349.11, 350.20, 105.46
345.79, 350.08, 230.41
342.47, 349.96, 355.37
99.90, 99.79, 224.56
97.43, 103.09, 349.49
94.95, 106.39, 474.42
103.01, 224.71, 221.32
100.54, 228.01, 346.25
98.07, 231.31, 471.18
106.12, 349.63, 218.08
103.65, 352.93, 343.01
101.18, 356.23, 467.95
224.84, 96.74, 227.11
222.36, 100.04, 352.04
219.89, 103.34, 476.97
227.95, 221.66, 223.87
225.48, 224.96, 348.81
223.00, 228.26, 473.74
231.06, 346.58, 220.64
228.59, 349.88, 345.57
226.11, 353.18, 470.50
349.77, 93.70, 229.66
347.30, 97.00, 354.60
344.83, 100.30, 479.53
352.89, 218.62, 226.43
350.41, 221.92, 351.36
347.94, 225.22, 476.29
356.00, 343.54, 223.19
353.52, 346.84, 348.12
351.05, 350.14, 473.05
98.36, 99.21, 348.08
96.12, 102.94, 473.00
93.87, 106.67, 597.92
97.09, 224.15, 344.32
94.84, 227.88, 469.25
92.59, 231.60, 594.17
95.81, 349.09, 340.57
93.56, 352.81, 465.50
91.31, 356.54, 590.42
223.34, 100.56, 350.28
221.09, 104.29, 475.21
218.84, 108.01, 600.13
222.06, 225.49, 346.53
219.81, 229.22, 471.46
217.56, 232.95, 596.38
220.78, 350.43, 342.78
218.53, 354.16, 467.70
216.28, 357.89, 592.63
348.31, 101.90, 352.49
346.06, 105.63, 477.42
343.82, 109.36, 602.34
347.03, 226.84, 348.74
344.78, 230.57, 473.66
342.54, 234.30, 598.59
345.75, 351.78, 344.99
343.51, 355.51, 469.91
341.26, 359.23, 594.84
101.28, 102.00, 474.65
100.69, 105.21, 599.60
100.11, 108.42, 724.56
100.93, 226.96, 471.44
100.35, 230.17, 596.39
99.76, 233.38, 721.35
100.59, 351.91, 468.22
100.00, 355.12, 593.18
99.42, 358.33, 718.14
226.28, 102.36, 475.22
225.69, 105.57, 600.18
225.10, 108.78, 725.14
225.93, 227.32, 472.01
225.35, 230.53, 596.97
224.76, 233.74, 721.93
225.59, 352.27, 468.80
225.00, 355.48, 593.76
224.41, 358.69, 718.72
351.28, 102.72, 475.80
350.69, 105.93, 600.76
350.10, 109.14, 725.72
350.93, 227.68, 472.59
350.34, 230.88, 597.55
349.76, 234.09, 722.51
350.59, 352.63, 469.38
350.00, 355.84, 594.34
349.41, 359.05, 719.29
101.10, 100.06, 599.57
97.41, 102.53, 724.49
93.72, 105.00, 849.41
97.58, 224.99, 597.00
93.89, 227.46, 721.92
90.20, 229.92, 846.84
94.06, 349.91, 594.43
90.37, 352.38, 719.35
86.68, 354.85, 844.27
225.99, 103.66, 603.19
222.30, 106.12, 728.11
218.61, 108.59, 853.03
222.47, 228.58, 600.62
218.78, 231.05, 725.54
215.09, 233.52, 850.46
218.95, 353.51, 598.04
215.26, 355.97, 722.97
211.57, 358.44, 847.89
350.89, 107.25, 606.80
347.20, 109.72, 731.73
343.51, 112.18, 856.65
347.37, 232.17, 604.23
343.68, 234.64, 729.15
339.99, 237.11, 854.08
343.85, 357.10, 601.66
340.16, 359.56, 726.58
336.47, 362.03, 851.51
101.56, 226.94, 101.12
102.44, 226.28, 226.12
103.32, 225.62, 351.11
104.74, 351.90, 101.76
105.62, 351.23, 226.76
106.50, 350.57, 351.75
107.92, 476.85, 102.40
108.80, 476.19, 227.40
109.68, 475.53, 352.39
226.52, 223.76, 100.23
227.40, 223.10, 225.22
228.28, 222.44, 350.22
229.70, 348.72, 100.87
230.58, 348.06, 225.86
231.46, 347.40, 350.86
232.88, 473.68, 101.50
233.76, 473.02, 226.50
234.64, 472.36, 351.50
351.48, 220.59, 99.33
352.35, 219.93, 224.33
353.23, 219.27, 349.32
354.66, 345.55, 99.97
355.53, 344.89, 224.97
356.41, 344.22, 349.96
357.83, 470.51, 100.61
358.71, 469.84, 225.60
359.59, 469.18, 350.60
100.69, 226.48, 225.08
100.56, 226.44, 350.08
100.44, 226.39, 475.08
100.80, 351.48, 225.12
100.67, 351.44, 350.12
100.54, 351.39, 475.12
100.90, 476.48, 225.17
100.77, 476.44, 350.17
100.65, 476.39, 475.17
225.69, 226.38, 225.20
225.56, 226.33, 350.20
225.44, 226.28, 475.20
225.80, 351.38, 225.25
225.67, 351.33, 350.25
225.54, 351.28, 475.25
225.90, 476.38, 225.30
225.77, 476.33, 350.30
225.65, 476.28, 475.30
350.69, 226.27, 225.33
350.56, 226.23, 350.33
350.44, 226.18, 475.33
350.80, 351.27, 225.38
350.67, 351.22, 350.38
350.54, 351.18, 475.38
350.90, 476.27, 225.43
350.77, 476.22, 350.43
350.65, 476.18, 475.43
99.17, 224.31, 351.90
96.12, 222.30, 476.85
93.07, 220.29, 601.80
96.85, 349.27, 353.86
93.80, 347.26, 478.80
90.75, 345.25, 603.75
94.54, 474.23, 355.81
91.49, 472.22, 480.76
88.44, 470.21, 605.70
224.11, 226.57, 354.99
221.06, 224.56, 479.94
218.01, 222.55, 604.88
221.80, 351.53, 356.94
218.75, 349.52, 481.89
215.69, 347.51, 606.84
219.48, 476.50, 358.90
216.43, 474.49, 483.84
213.38, 472.48, 608.79
349.05, 228.84, 358.08
346.00, 226.83, 483.02
342.95, 224.82, 607.97
346.74, 353.80, 360.03
343.69, 351.79, 484.98
340.64, 349.78, 609.92
344.42, 478.76, 361.98
341.37, 476.75, 486.93
338.32, 474.74, 611.88
101.37, 225.63, 476.97
98.35, 227.45, 601.92
95.32, 229.27, 726.87
100.91, 350.62, 475.14
97.88, 352.44, 600.09
94.85, 354.26, 725.04
100.45, 475.60, 473.31
97.42, 477.42, 598.26
94.39, 479.24, 723.21
226.34, 226.14, 480.00
223.31, 227.96, 604.95
220.28, 229.78, 729.90
225.87, 351.12, 478.17
222.85, 352.94, 603.12
219.82, 354.76, 728.07
225.41, 476.11, 476.33
222.38, 477.93, 601.28
219.35, 479.75, 726.23
351.30, 226.65, 483.02
348.27, 228.46, 607.97
345.24, 230.28, 732.92
350.84, 351.63, 481.19
347.81, 353.45, 606.14
344.78, 355.27, 731.09
350.37, 476.62, 479.36
347.35, 478.44, 604.31
344.32, 480.25, 729.26
98.31, 223.86, 598.31
99.68, 221.39, 723.28
101.05, 218.93, 848.25
96.91, 348.82, 600.79
98.28, 346.36, 725.76
99.66, 343.89, 850.73
95.51, 473.79, 603.28
96.89, 471.33, 728.24
98.26, 468.86, 853.21
223.29, 225.28, 596.97
224.66, 222.81, 721.93
226.04, 220.35, 846.90
221.89, 350.25, 599.45
223.27, 347.78, 724.42
224.64, 345.32, 849.38
220.50, 475.22, 601.93
221.87, 472.75, 726.90
223.25, 470.28, 851.87
348.28, 226.70, 595.62
349.65, 224.24, 720.59
351.02, 221.77, 845.56
346.88, 351.67, 598.10
348.25, 349.21, 723.07
349.63, 346.74, 848.04
345.48, 476.64, 600.58
346.86, 474.17, 725.55
348.23, 471.71, 850.52
101.15, 348.33, 98.06
104.03, 349.66, 223.02
106.91, 350.99, 347.98
102.36, 473.32, 96.70
105.24, 474.65, 221.66
108.12, 475.98, 346.62
103.58, 598.30, 95.35
106.46, 599.63, 220.31
109.34, 600.96, 345.27
226.11, 347.09, 95.19
228.99, 348.41, 220.15
231.87, 349.74, 345.11
227.32, 472.07, 93.84
230.20, 473.40, 218.80
233.08, 474.73, 343.76
228.54, 597.06, 92.48
231.42, 598.39, 217.44
234.30, 599.72, 342.40
351.07, 345.84, 92.33
353.95, 347.17, 217.29
356.83, 348.50, 342.25
352.28, 470.83, 90.97
355.16, 472.15, 215.93
358.04, 473.48, 340.89
353.50, 595.81, 89.61
356.38, 597.14, 214.57
359.26, 598.47, 339.53
99.33, 351.72, 225.25
101.03, 354.71, 350.20
102.72, 357.70, 475.15
97.83, 476.68, 222.28
99.53, 479.67, 347.24
101.22, 482.65, 472.19
96.33, 601.64, 219.32
98.03, 604.62, 344.27
99.72, 607.61, 469.22
224.31, 353.18, 223.52
226.01, 356.17, 348.47
227.70, 359.15, 473.42
222.81, 478.14, 220.55
224.51, 481.12, 345.51
226.20, 484.11, 470.46
221.31, 603.09, 217.59
223.01, 606.08, 342.54
224.70, 609.07, 467.49
349.29, 354.64, 221.79
350.99, 357.63, 346.74
352.68, 360.61, 471.69
347.79, 479.60, 218.82
349.49, 482.58, 343.77
351.18, 485.57, 468.73
346.29, 604.55, 215.86
347.99, 607.54, 340.81
349.68, 610.52, 465.76
99.59, 349.89, 350.82
99.61, 348.36, 475.81
99.62, 346.82, 600.80
102.62, 474.84, 352.35
102.64, 473.31, 477.34
102.65, 471.78, 602.33
105.65, 599.80, 353.88
105.66, 598.26, 478.87
105.68, 596.73, 603.86
224.55, 346.86, 350.76
224.57, 345.33, 475.75
224.59, 343.79, 600.74
227.58, 471.81, 352.29
227.60, 470.28, 477.28
227.62, 468.75, 602.27
230.61, 596.77, 353.83
230.63, 595.23, 478.82
230.64, 593.70, 603.81
349.52, 343.83, 350.71
349.53, 342.30, 475.70
349.55, 340.76, 600.69
352.54, 468.79, 352.24
352.56, 467.25, 477.23
352.58, 465.72, 602.22
355.57, 593.74, 353.77
355.59, 592.21, 478.76
355.61, 590.67, 603.75
101.56, 351.57, 476.61
104.12, 351.18, 601.59
106.69, 350.80, 726.56
100.90, 476.57, 477.01
103.47, 476.18, 601.99
106.03, 475.79, 726.96
100.24, 601.57, 477.42
102.81, 601.18, 602.39
105.37, 600.79, 727.36
226.53, 352.24, 474.05
229.10, 351.85, 599.02
231.66, 351.46, 724.00
225.87, 477.24, 474.45
228.44, 476.85, 599.42
231.00, 476.46, 724.40
225.21, 602.24, 474.85
227.78, 601.85, 599.83
230.34, 601.46, 724.80
351.50, 352.91, 471.49
354.07, 352.52, 596.46
356.63, 352.13, 721.43
350.84, 477.91, 471.89
353.41, 477.52, 596.86
355.97, 477.13, 721.83
350.18, 602.90, 472.29
352.75, 602.52, 597.26
355.31, 602.13, 722.24
100.93, 351.30, 599.44
97.33, 353.36, 724.37
93.74, 355.42, 849.30
104.33, 476.24, 597.47
100.73, 478.30, 722.41
97.14, 480.35, 847.34
107.73, 601.18, 595.51
104.13, 603.23, 720.45
100.54, 605.29, 845.38
225.84, 347.96, 603.09
222.24, 350.02, 728.02
218.64, 352.07, 852.95
229.24, 472.90, 601.13
225.64, 474.95, 726.06
222.04, 477.01, 850.99
232.64, 597.83, 599.17
229.04, 599.89, 724.10
225.44, 601.95, 849.03
350.74, 344.62, 606.74
347.14, 346.67, 731.67
343.54, 348.73, 856.60
354.14, 469.55, 604.78
350.54, 471.61, 729.71
346.94, 473.67, 854.64
357.54, 594.49, 602.82
353.94, 596.55, 727.75
350.34, 598.61, 852.68
98.09, 473.41, 98.53
96.44, 471.31, 223.50
94.79, 469.22, 348.47
99.11, 598.38, 100.63
97.47, 596.29, 225.61
95.82, 594.20, 350.58
100.14, 723.36, 102.74
98.49, 721.27, 227.71
96.84, 719.18, 352.68
223.07, 472.35, 100.16
221.43, 470.26, 225.13
219.78, 468.17, 350.10
224.10, 597.33, 102.26
222.45, 595.24, 227.24
220.80, 593.15, 352.21
225.12, 722.31, 104.37
223.48, 720.22, 229.34
221.83, 718.13, 354.31
348.06, 471.30, 101.79
346.41, 469.21, 226.76
344.76, 467.12, 351.73
349.08, 596.28, 103.89
347.44, 594.19, 228.86
345.79, 592.10, 353.84
350.11, 721.26, 106.00
348.46, 719.17, 230.97
346.81, 717.08, 355.94
99.27, 473.70, 226.32
96.90, 473.61, 351.30
94.54, 473.52, 476.28
95.55, 598.65, 226.34
93.19, 598.56, 351.32
90.82, 598.46, 476.30
91.84, 723.59, 226.37
89.47, 723.50, 351.34
87.10, 723.41, 476.32
224.19, 477.42, 228.69
221.83, 477.33, 353.67
219.46, 477.23, 478.64
220.48, 602.37, 228.71
218.11, 602.27, 353.69
215.74, 602.18, 478.67
216.76, 727.31, 228.73
214.39, 727.22, 353.71
212.03, 727.12, 478.69
349.11, 481.14, 231.06
346.75, 481.04, 356.03
344.38, 480.95, 481.01
345.40, 606.08, 231.08
343.03, 605.99, 356.06
340.67, 605.90, 481.03
341.68, 731.03, 231.10
339.31, 730.93, 356.08
336.95, 730.84, 481.06
99.78, 476.97, 350.84
102.14, 477.63, 475.81
104.51, 478.30, 600.79
96.96, 601.93, 350.22
99.32, 602.60, 475.20
101.69, 603.27, 600.17
94.14, 726.90, 349.61
96.50, 727.57, 474.59
98.87, 728.23, 599.56
224.73, 479.78, 348.46
227.09, 480.44, 473.43
229.45, 481.11, 598.41
221.90, 604.74, 347.84
224.27, 605.41, 472.82
226.63, 606.08, 597.80
219.08, 729.71, 347.23
221.45, 730.38, 472.21
223.81, 731.04, 597.18
349.67, 482.59, 346.08
352.04, 483.25, 471.05
354.40, 483.92, 596.03
346.85, 607.55, 345.47
349.21, 608.22, 470.44
351.58, 608.88, 595.42
344.03, 732.52, 344.85
346.39, 733.19, 469.83
348.76, 733.85, 594.80
101.46, 475.46, 475.33
101.15, 476.69, 600.32
100.85, 477.92, 725.31
101.18, 600.45, 474.10
100.87, 601.68, 599.09
100.57, 602.91, 724.08
100.90, 725.45, 472.87
100.60, 726.68, 597.86
100.29, 727.91, 722.85
226.46, 475.74, 475.63
226.15, 476.97, 600.62
225.84, 478.20, 725.62
226.18, 600.73, 474.40
225.87, 601.96, 599.39
225.57, 603.19, 724.39
225.90, 725.73, 473.17
225.60, 726.96, 598.16
225.29, 728.19, 723.16
351.46, 476.02, 475.93
351.15, 477.25, 600.93
350.84, 478.48, 725.92
351.18, 601.01, 474.70
350.87, 602.24, 599.70
350.57, 603.47, 724.69
350.90, 726.01, 473.47
350.60, 727.24, 598.47
350.29, 728.47, 723.46
98.31, 475.33, 600.32
101.66, 474.37, 725.27
105.02, 473.40, 850.22
99.36, 600.32, 601.26
102.71, 599.36, 726.21
106.07, 598.40, 851.16
100.41, 725.31, 602.19
103.76, 724.35, 727.14
107.11, 723.39, 852.09
223.26, 474.30, 596.96
226.61, 473.34, 721.91
229.97, 472.38, 846.86
224.31, 599.30, 597.89
227.66, 598.33, 722.84
231.02, 597.37, 847.80
225.36, 724.29, 598.83
228.71, 723.33, 723.78
232.07, 722.36, 848.73
348.21, 473.28, 593.60
351.56, 472.32, 718.55
354.92, 471.36, 843.50
349.26, 598.27, 594.53
352.61, 597.31, 719.48
355.97, 596.35, 844.43
350.31, 723.27, 595.46
353.66, 722.30, 720.42
357.02, 721.34, 845.37
99.28, 599.84, 100.12
101.51, 596.89, 225.06
103.75, 593.93, 350.01
101.05, 724.79, 103.04
103.28, 721.84, 227.98
105.51, 718.89, 352.93
102.82, 849.75, 105.96
105.05, 846.79, 230.91
107.28, 843.84, 355.85
224.25, 598.12, 97.85
226.48, 595.17, 222.79
228.71, 592.22, 347.74
226.02, 723.08, 100.77
228.25, 720.12, 225.71
230.48, 717.17, 350.66
227.79, 848.03, 103.69
230.02, 845.08, 228.64
232.25, 842.12, 353.58
349.22, 596.41, 95.58
351.45, 593.46, 220.52
353.68, 590.50, 345.47
350.99, 721.36, 98.50
353.22, 718.41, 223.44
355.45, 715.46, 348.39
352.76, 846.32, 101.42
354.99, 843.36, 226.36
357.22, 840.41, 351.31
100.05, 599.85, 224.38
100.11, 596.51, 349.34
100.18, 593.18, 474.29
102.69, 724.78, 227.72
102.76, 721.44, 352.67
102.83, 718.10, 477.63
105.34, 849.71, 231.05
105.41, 846.37, 356.01
105.48, 843.03, 480.97
225.02, 597.21, 224.25
225.09, 593.87, 349.20
225.15, 590.53, 474.16
227.67, 722.13, 227.58
227.73, 718.80, 352.54
227.80, 715.46, 477.49
230.32, 847.06, 230.92
230.38, 843.72, 355.87
230.45, 840.39, 480.83
349.99, 594.56, 224.11
350.06, 591.22, 349.06
350.13, 587.89, 474.02
352.64, 719.49, 227.44
352.71, 716.15, 352.40
352.77, 712.81, 477.35
355.29, 844.42, 230.78
355.35, 841.08, 355.73
355.42, 837.74, 480.69
101.74, 600.77, 351.59
101.79, 597.71, 476.55
101.84, 594.65, 601.51
103.69, 725.72, 354.64
103.74, 722.66, 479.61
103.80, 719.60, 604.57
105.65, 850.67, 357.70
105.70, 847.61, 482.66
105.75, 844.55, 607.63
226.72, 598.82, 351.48
226.77, 595.76, 476.45
226.83, 592.70, 601.41
228.68, 723.77, 354.54
228.73, 720.71, 479.51
228.78, 717.65, 604.47
230.63, 848.71, 357.60
230.69, 845.65, 482.56
230.74, 842.59, 607.53
351.71, 596.87, 351.38
351.76, 593.81, 476.35
351.81, 590.75, 601.31
353.66, 721.81, 354.44
353.71, 718.75, 479.40
353.77, 715.69, 604.37
355.62, 846.76, 357.50
355.67, 843.70, 482.46
355.72, 840.64, 607.43
101.27, 598.98, 476.38
99.97, 595.98, 601.34
98.68, 592.98, 726.30
103.89, 723.92, 479.41
102.60, 720.92, 604.37
101.30, 717.92, 729.32
106.51, 848.85, 482.43
105.22, 845.85, 607.39
103.92, 842.86, 732.35
226.23, 596.33, 477.61
224.94, 593.33, 602.57
223.65, 590.33, 727.53
228.86, 721.26, 480.64
227.56, 718.27, 605.60
226.27, 715.27, 730.55
231.48, 846.20, 483.66
230.18, 843.20, 608.62
228.89, 840.20, 733.58
351.20, 593.68, 478.84
349.91, 590.68, 603.80
348.61, 587.68, 728.76
353.82, 718.61, 481.87
352.53, 715.61, 606.83
351.23, 712.61, 731.78
356.44, 843.55, 484.90
355.15, 840.55, 609.85
353.86, 837.55, 734.81
98.86, 601.34, 601.60
96.71, 603.53, 726.56
94.55, 605.72, 851.53
102.36, 726.27, 599.47
100.20, 728.46, 724.43
98.05, 730.65, 849.39
105.85, 851.20, 597.34
103.69, 853.39, 722.30
101.54, 855.59, 847.26
223.80, 597.88, 603.82
221.64, 600.07, 728.78
219.48, 602.27, 853.74
227.29, 722.81, 601.69
225.13, 725.01, 726.65
222.98, 727.20, 851.61
230.78, 847.75, 599.55
228.63, 849.94, 724.51
226.47, 852.13, 849.48
348.73, 594.42, 606.03
346.57, 596.62, 731.00
344.42, 598.81, 855.96
352.22, 719.36, 603.90
350.07, 721.55, 728.86
347.91, 723.74, 853.83
355.72, 844.29, 601.77
353.56, 846.48, 726.73
351.40, 848.68, 851.69
225.76, 100.10, 99.60
225.53, 96.66, 224.55
225.29, 93.22, 349.51
223.00, 225.02, 103.03
222.76, 221.58, 227.99
222.52, 218.14, 352.94
220.23, 349.94, 106.47
219.99, 346.50, 231.42
219.75, 343.07, 356.37
350.73, 102.86, 99.92
350.49, 99.42, 224.87
350.26, 95.98, 349.82
347.96, 227.78, 103.35
347.73, 224.34, 228.30
347.49, 220.91, 353.25
345.20, 352.70, 106.78
344.96, 349.27, 231.73
344.72, 345.83, 356.69
475.70, 105.62, 100.23
475.46, 102.18, 225.18
475.22, 98.74, 350.14
472.93, 230.54, 103.66
472.69, 227.10, 228.62
472.46, 223.67, 353.57
470.16, 355.47, 107.10
469.93, 352.03, 232.05
469.69, 348.59, 357.00
225.49, 98.35, 226.23
222.33, 99.01, 351.18
219.17, 99.67, 476.14
223.08, 223.33, 225.50
219.92, 223.99, 350.46
216.76, 224.65, 475.42
220.67, 348.30, 224.78
217.51, 348.96, 349.74
214.35, 349.62, 474.70
350.43, 100.78, 229.37
347.27, 101.44, 354.33
344.11, 102.10, 479.29
348.02, 225.76, 228.65
344.86, 226.41, 353.61
341.70, 227.07, 478.57
345.61, 350.73, 227.93
342.45, 351.39, 352.89
339.29, 352.05, 477.85
475.36, 103.21, 232.52
472.20, 103.87, 357.48
469.04, 104.53, 482.43
472.95, 228.18, 231.80
469.79, 228.84, 356.76
466.63, 229.50, 481.71
470.54, 353.16, 231.08
467.38, 353.82, 356.03
464.22, 354.48, 480.99
223.31, 100.39, 350.83
223.06, 103.85, 475.78
222.81, 107.32, 600.73
226.62, 225.29, 347.37
226.36, 228.76, 472.32
226.11, 232.23, 597.27
229.92, 350.20, 343.91
229.67, 353.67, 468.86
229.41, 357.14, 593.81
348.27, 97.09, 351.17
348.02, 100.56, 476.12
347.77, 104.03, 601.08
351.57, 222.00, 347.71
351.32, 225.47, 472.66
351.07, 228.94, 597.62
354.88, 346.91, 344.25
354.62, 350.38, 469.20
354.37, 353.85, 594.16
473.23, 93.80, 351.52
472.97, 97.27, 476.47
472.72, 100.73, 601.42
476.53, 218.71, 348.06
476.28, 222.17, 473.01
476.02, 225.64, 597.96
479.83, 343.61, 344.60
479.58, 347.08, 469.55
479.33, 350.55, 594.50
224.11, 100.64, 475.42
226.53, 98.03, 600.37
228.95, 95.42, 725.32
222.62, 225.61, 478.06
225.03, 223.00, 603.01
227.45, 220.38, 727.96
221.12, 350.57, 480.70
223.54, 347.96, 605.65
225.95, 345.35, 730.60
349.08, 102.19, 473.03
351.50, 99.58, 597.98
353.91, 96.97, 722.93
347.58, 227.15, 475.67
350.00, 224.54, 600.62
352.42, 221.93, 725.57
346.09, 352.12, 478.31
348.51, 349.50, 603.26
350.92, 346.89, 728.21
474.05, 103.74, 470.65
476.46, 101.12, 595.60
478.88, 98.51, 720.55
472.55, 228.70, 473.29
474.97, 226.09, 598.24
477.39, 223.48, 723.19
471.06, 353.66, 475.93
473.47, 351.05, 600.88
475.89, 348.44, 725.83
224.05, 101.41, 600.45
224.00, 98.80, 725.42
223.96, 96.20, 850.39
221.38, 226.35, 603.05
221.33, 223.75, 728.03
221.29, 221.14, 853.00
218.70, 351.30, 605.66
218.66, 348.69, 730.63
218.62, 346.09, 855.60
349.02, 104.08, 600.55
348.98, 101.47, 725.52
348.93, 98.87, 850.49
346.35, 229.02, 603.15
346.30, 226.42, 728.12
346.26, 223.81, 853.10
343.67, 353.97, 605.75
343.63, 351.36, 730.73
343.59, 348.76, 855.70
473.99, 106.75, 600.65
473.95, 104.15, 725.62
473.90, 101.54, 850.59
471.32, 231.69, 603.25
471.28, 229.09, 728.22
471.23, 226.48, 853.20
468.65, 356.64, 605.85
468.60, 354.03, 730.83
468.56, 351.43, 855.80
223.22, 224.00, 101.99
222.58, 226.20, 226.97
221.93, 228.40, 351.94
223.12, 348.98, 99.79
222.47, 351.18, 224.77
221.83, 353.38, 349.74
223.01, 473.96, 97.59
222.37, 476.16, 222.57
221.73, 478.36, 347.54
348.22, 224.12, 102.63
347.58, 226.32, 227.61
346.93, 228.52, 352.59
348.11, 349.10, 100.43
347.47, 351.30, 225.41
346.83, 353.50, 350.39
348.01, 474.08, 98.23
347.37, 476.28, 223.21
346.73, 478.48, 348.19
473.22, 224.23, 103.27
472.57, 226.43, 228.25
471.93, 228.63, 353.23
473.11, 349.21, 101.07
472.47, 351.41, 226.05
471.83, 353.61, 351.03
473.01, 474.19, 98.87
472.37, 476.39, 223.85
471.72, 478.59, 348.83
224.45, 226.34, 223.17
225.28, 226.55, 348.17
226.12, 226.76, 473.16
221.07, 351.29, 222.98
221.91, 351.50, 347.98
222.75, 351.71, 472.98
217.70, 476.25, 222.80
218.54, 476.46, 347.79
219.37, 476.67, 472.79
349.40, 229.71, 222.33
350.24, 229.92, 347.32
351.07, 230.13, 472.32
346.02, 354.67, 222.14
346.86, 354.88, 347.14
347.70, 355.09, 472.13
342.65, 479.62, 221.95
343.49, 479.83, 346.95
344.32, 480.04, 471.95
474.35, 233.09, 221.48
475.19, 233.30, 346.48
476.03, 233.51, 471.48
470.97, 358.04, 221.30
471.81, 358.25, 346.29
472.65, 358.46, 471.29
467.60, 482.99, 221.11
468.44, 483.20, 346.11
469.28, 483.42, 471.10
226.37, 224.63, 349.63
226.54, 224.71, 474.63
226.72, 224.79, 599.63
224.37, 349.62, 349.55
224.54, 349.70, 474.55
224.72, 349.78, 599.55
222.37, 474.60, 349.48
222.54, 474.68, 474.48
222.71, 474.76, 599.48
351.35, 226.64, 349.45
351.53, 226.71, 474.45
351.70, 226.79, 599.45
349.35, 351.62, 349.38
349.53, 351.70, 474.38
349.70, 351.78, 599.38
347.35, 476.60, 349.30
347.52, 476.68, 474.30
347.70, 476.76, 599.30
476.34, 228.64, 349.28
476.51, 228.71, 474.28
476.68, 228.79, 599.28
474.34, 353.62, 349.20
474.51, 353.70, 474.20
474.68, 353.78, 599.20
472.33, 478.60, 349.13
472.51, 478.68, 474.13
472.68, 478.76, 599.13
226.04, 223.40, 474.68
228.33, 226.73, 599.61
230.62, 230.05, 724.55
226.53, 348.36, 471.34
228.81, 351.68, 596.28
231.10, 355.01, 721.21
227.01, 473.31, 468.01
229.30, 476.64, 592.94
231.59, 479.96, 717.88
351.02, 222.86, 472.40
353.31, 226.18, 597.34
355.60, 229.51, 722.27
351.50, 347.81, 469.07
353.79, 351.14, 594.00
356.08, 354.46, 718.94
351.99, 472.77, 465.73
354.28, 476.09, 590.67
356.56, 479.42, 715.60
476.00, 222.31, 470.13
478.29, 225.64, 595.06
480.58, 228.97, 720.00
476.48, 347.27, 466.79
478.77, 350.59, 591.73
481.06, 353.92, 716.66
476.97, 472.22, 463.46
479.25, 475.55, 588.39
481.54, 478.87, 713.33
224.17, 224.21, 598.96
226.28, 223.43, 723.94
228.38, 222.65, 848.92
221.95, 349.19, 599.77
224.06, 348.41, 724.75
226.17, 347.63, 849.73
219.73, 474.17, 600.59
221.84, 473.39, 725.57
223.95, 472.61, 850.55
349.13, 226.44, 596.87
351.24, 225.66, 721.85
353.35, 224.89, 846.83
346.92, 351.42, 597.68
349.02, 350.64, 722.66
351.13, 349.86, 847.64
344.70, 476.40, 598.50
346.80, 475.62, 723.48
348.91, 474.84, 848.46
474.10, 228.67, 594.77
476.20, 227.90, 719.75
478.31, 227.12, 844.73
471.88, 353.65, 595.59
473.98, 352.87, 720.57
476.09, 352.10, 845.55
469.66, 478.63, 596.41
471.77, 477.85, 721.39
473.87, 477.07, 846.37
223.51, 351.08, 100.82
227.04, 348.36, 225.74
230.56, 345.65, 350.67
221.12, 476.03, 103.61
224.64, 473.31, 228.53
228.16, 470.60, 353.45
218.72, 600.97, 106.39
222.24, 598.26, 231.31
225.76, 595.54, 356.23
348.44, 353.55, 97.36
351.96, 350.84, 222.28
355.48, 348.13, 347.20
346.04, 478.50, 100.14
349.56, 475.79, 225.06
353.08, 473.07, 349.98
343.65, 603.45, 102.92
347.17, 600.73, 227.84
350.69, 598.02, 352.76
473.37, 356.03, 93.89
476.89, 353.31, 218.81
480.41, 350.60, 343.73
470.97, 480.98, 96.67
474.49, 478.26, 221.59
478.01, 475.55, 346.51
468.57, 605.92, 99.45
472.09, 603.21, 224.38
475.61, 600.49, 349.30
224.76, 349.62, 224.69
223.45, 352.00, 349.66
222.14, 354.38, 474.63
227.78, 474.56, 222.34
226.47, 476.94, 347.31
225.16, 479.32, 472.28
230.80, 599.50, 219.99
229.49, 601.88, 344.96
228.18, 604.26, 469.93
349.72, 346.63, 226.05
348.41, 349.01, 351.02
347.10, 351.39, 475.99
352.74, 471.57, 223.70
351.43, 473.95, 348.67
350.12, 476.33, 473.64
355.75, 596.51, 221.35
354.44, 598.89, 346.32
353.14, 601.27, 471.29
474.67, 343.63, 227.42
473.37, 346.01, 352.39
472.06, 348.40, 477.36
477.69, 468.57, 225.07
476.38, 470.96, 350.04
475.08, 473.34, 475.01
480.71, 593.52, 222.72
479.40, 595.90, 347.69
478.09, 598.28, 472.66
223.16, 348.37, 349.25
222.85, 349.66, 474.24
222.54, 350.95, 599.23
220.36, 473.33, 347.95
220.05, 474.62, 472.94
219.75, 475.91, 597.94
217.57, 598.29, 346.65
217.26, 599.58, 471.65
216.95, 600.87, 596.64
348.12, 351.17, 349.53
347.82, 352.46, 474.52
347.51, 353.75, 599.51
345.33, 476.13, 348.23
345.02, 477.42, 473.22
344.71, 478.71, 598.22
342.54, 601.09, 346.93
342.23, 602.38, 471.93
341.92, 603.67, 596.92
473.09, 353.96, 349.81
472.78, 355.25, 474.80
472.48, 356.54, 599.79
470.30, 478.93, 348.51
469.99, 480.22, 473.50
469.68, 481.51, 598.49
467.50, 603.89, 347.21
467.20, 605.18, 472.20
466.89, 606.47, 597.20
226.02, 351.69, 473.53
229.25, 353.06, 598.48
232.48, 354.42, 723.44
226.26, 476.69, 472.16
229.49, 478.05, 597.11
232.72, 479.42, 722.06
226.50, 601.68, 470.79
229.73, 603.04, 595.74
232.97, 604.41, 720.69
350.97, 351.41, 470.31
354.21, 352.78, 595.26
357.44, 354.14, 720.21
351.22, 476.41, 468.93
354.45, 477.77, 593.88
357.68, 479.14, 718.84
351.46, 601.40, 467.56
354.69, 602.76, 592.51
357.92, 604.13, 717.46
475.93, 351.14, 467.08
479.16, 352.50, 592.03
482.40, 353.87, 716.98
476.18, 476.13, 465.71
479.41, 477.49, 590.66
482.64, 478.86, 715.61
476.42, 601.12, 464.33
479.65, 602.49, 589.28
482.88, 603.85, 714.23
223.13, 350.69, 599.70
222.02, 352.36, 724.69
220.92, 354.04, 849.67
219.69, 475.63, 598.00
218.58, 477.30, 722.98
217.48, 478.98, 847.96
216.24, 600.57, 596.29
215.14, 602.24, 721.28
214.03, 603.92, 846.26
348.08, 354.14, 600.76
346.97, 355.82, 725.74
345.87, 357.49, 850.73
344.63, 479.08, 599.05
343.53, 480.76, 724.04
342.42, 482.43, 849.02
341.19, 604.02, 597.35
340.09, 605.70, 722.33
338.98, 607.37, 847.32
473.02, 357.60, 601.82
471.92, 359.28, 726.80
470.82, 360.95, 851.78
469.58, 482.54, 600.11
468.48, 484.22, 725.10
467.37, 485.89, 850.08
466.14, 607.48, 598.41
465.03, 609.16, 723.39
463.93, 610.83, 848.38
225.01, 475.64, 100.58
228.70, 473.34, 225.51
232.38, 471.04, 350.43
223.07, 600.60, 102.94
226.76, 598.30, 227.86
230.44, 596.00, 352.79
221.13, 725.56, 105.30
224.82, 723.26, 230.22
228.50, 720.96, 355.15
349.95, 477.65, 96.93
353.63, 475.35, 221.86
357.32, 473.05, 346.78
348.00, 602.61, 99.29
351.69, 600.31, 224.22
355.37, 598.01, 349.14
346.06, 727.57, 101.65
349.75, 725.27, 226.57
353.43, 722.97, 351.50
474.88, 479.65, 93.29
478.56, 477.36, 218.21
482.25, 475.06, 343.14
472.94, 604.62, 95.64
476.62, 602.32, 220.57
480.30, 600.02, 345.49
470.99, 729.58, 98.00
474.68, 727.28, 222.93
478.36, 724.98, 347.85
225.68, 473.09, 224.13
227.45, 471.32, 349.10
229.22, 469.55, 474.08
227.42, 598.07, 225.87
229.19, 596.30, 350.85
230.96, 594.53, 475.82
229.16, 723.05, 227.62
230.92, 721.27, 352.59
232.69, 719.50, 477.57
350.66, 471.38, 222.33
352.42, 469.61, 347.31
354.19, 467.84, 472.28
352.39, 596.36, 224.08
354.16, 594.59, 349.06
355.93, 592.82, 474.03
354.13, 721.33, 225.83
355.90, 719.56, 350.80
357.67, 717.79, 475.78
475.63, 469.67, 220.54
477.40, 467.90, 345.52
479.17, 466.13, 470.49
477.37, 594.64, 222.29
479.14, 592.87, 347.26
480.91, 591.10, 472.24
479.11, 719.62, 224.03
480.87, 717.85, 349.01
482.64, 716.08, 473.98
225.51, 473.45, 348.82
225.53, 472.55, 473.82
225.55, 471.65, 598.82
227.21, 598.43, 349.72
227.23, 597.53, 474.72
227.25, 596.64, 599.72
228.91, 723.42, 350.62
228.94, 722.52, 475.62
228.96, 721.62, 600.61
350.50, 471.74, 348.79
350.52, 470.85, 473.79
350.54, 469.95, 598.78
352.20, 596.73, 349.69
352.22, 595.83, 474.69
352.24, 594.93, 599.68
353.90, 721.72, 350.59
353.92, 720.82, 475.58
353.95, 719.92, 600.58
475.49, 470.04, 348.76
475.51, 469.14, 473.75
475.53, 468.25, 598.75
477.19, 595.03, 349.65
477.21, 594.13, 474.65
477.23, 593.23, 599.65
478.89, 720.01, 350.55
478.91, 719.11, 475.55
478.93, 718.22, 600.55
223.06, 474.91, 475.24
225.25, 474.71, 600.22
227.45, 474.51, 725.20
224.68, 599.90, 475.41
226.88, 599.70, 600.39
229.08, 599.49, 725.37
226.31, 724.89, 475.58
228.51, 724.69, 600.56
230.70, 724.48, 725.55
348.03, 473.28, 473.04
350.22, 473.08, 598.02
352.42, 472.88, 723.00
349.65, 598.27, 473.21
351.85, 598.07, 598.19
354.05, 597.87, 723.17
351.28, 723.26, 473.39
353.48, 723.06, 598.37
355.67, 722.86, 723.35
473.00, 471.66, 470.84
475.19, 471.46, 595.82
477.39, 471.25, 720.80
474.62, 596.65, 471.01
476.82, 596.45, 596.00
479.02, 596.24, 720.98
476.25, 721.64, 471.19
478.45, 721.43, 596.17
480.64, 721.23, 721.15
223.05, 476.19, 600.45
223.01, 473.67, 725.43
222.97, 471.14, 850.40
225.17, 601.15, 602.98
225.14, 598.63, 727.95
225.10, 596.10, 852.93
227.30, 726.11, 605.50
227.26, 723.58, 730.48
227.23, 721.06, 855.45
348.03, 474.07, 600.44
347.99, 471.54, 725.42
347.96, 469.02, 850.39
350.15, 599.03, 602.97
350.12, 596.50, 727.94
350.08, 593.97, 852.92
352.28, 723.98, 605.49
352.24, 721.46, 730.47
352.21, 718.93, 855.44
473.01, 471.94, 600.44
472.97, 469.42, 725.41
472.94, 466.89, 850.38
475.13, 596.90, 602.96
475.10, 594.37, 727.94
475.06, 591.85, 852.91
477.26, 721.86, 605.49
477.22, 719.33, 730.46
477.19, 716.81, 855.44
226.02, 599.23, 99.07
222.40, 597.74, 224.01
218.78, 596.26, 348.95
223.08, 724.18, 100.47
219.46, 722.70, 225.41
215.83, 721.22, 350.35
220.13, 849.14, 101.87
216.51, 847.66, 226.81
212.89, 846.17, 351.75
350.93, 602.13, 102.73
347.31, 600.64, 227.67
343.69, 599.16, 352.61
347.99, 727.08, 104.13
344.37, 725.60, 229.07
340.75, 724.12, 354.00
345.05, 852.04, 105.53
341.43, 850.56, 230.46
337.81, 849.07, 355.40
475.84, 605.03, 106.38
472.22, 603.54, 231.32
468.60, 602.06, 356.26
472.90, 729.98, 107.78
469.28, 728.50, 232.72
465.66, 727.02, 357.66
469.96, 854.94, 109.18
466.34, 853.46, 234.12
462.72, 851.97, 359.06
226.05, 599.87, 223.81
229.64, 598.26, 348.75
233.23, 596.66, 473.69
229.77, 724.80, 225.31
233.36, 723.20, 350.25
236.95, 721.59, 475.19
233.49, 849.74, 226.81
237.08, 848.14, 351.75
240.67, 846.53, 476.69
350.95, 596.20, 220.18
354.54, 594.59, 345.11
358.13, 592.99, 470.05
354.66, 721.13, 221.67
358.25, 719.53, 346.61
361.84, 717.92, 471.55
358.38, 846.07, 223.17
361.97, 844.46, 348.11
365.56, 842.86, 473.05
475.84, 592.52, 216.54
479.43, 590.92, 341.48
483.02, 589.31, 466.42
479.56, 717.46, 218.04
483.15, 715.85, 342.98
486.74, 714.25, 467.91
483.27, 842.39, 219.54
486.86, 840.79, 344.47
490.46, 839.18, 469.41
223.01, 598.41, 348.14
222.62, 598.32, 473.14
222.22, 598.23, 598.14
225.49, 723.39, 348.24
225.10, 723.30, 473.24
224.71, 723.20, 598.24
227.98, 848.36, 348.34
227.58, 848.27, 473.34
227.19, 848.18, 598.34
347.99, 595.93, 348.53
347.59, 595.84, 473.53
347.20, 595.75, 598.53
350.47, 720.90, 348.63
350.07, 720.81, 473.63
349.68, 720.72, 598.63
352.95, 845.88, 348.73
352.56, 845.79, 473.73
352.16, 845.70, 598.73
472.96, 593.45, 348.92
472.57, 593.35, 473.92
472.17, 593.26, 598.92
475.44, 718.42, 349.02
475.05, 718.33, 474.02
474.66, 718.24, 599.02
477.93, 843.40, 349.12
477.53, 843.30, 474.12
477.14, 843.21, 599.12
223.09, 601.34, 474.55
224.65, 603.34, 599.53
226.20, 605.33, 724.50
222.60, 726.33, 472.56
224.15, 728.32, 597.54
225.71, 730.32, 722.51
222.11, 851.31, 470.57
223.66, 853.30, 595.55
225.22, 855.30, 720.52
348.08, 601.81, 472.99
349.64, 603.81, 597.96
351.19, 605.80, 722.94
347.59, 726.80, 471.00
349.14, 728.79, 595.97
350.70, 730.79, 720.95
347.10, 851.78, 469.01
348.65, 853.77, 593.99
350.20, 855.77, 718.96
473.07, 602.28, 471.43
474.63, 604.28, 596.40
476.18, 606.27, 721.38
472.58, 727.26, 469.44
474.13, 729.26, 594.41
475.69, 731.25, 719.39
472.08, 852.25, 467.45
473.64, 854.24, 592.42
475.19, 856.24, 717.40
224.92, 598.41, 601.59
221.74, 595.02, 726.50
218.56, 591.63, 851.42
227.41, 723.34, 605.05
224.23, 719.95, 729.96
221.05, 716.56, 854.87
229.90, 848.27, 608.50
226.72, 844.88, 733.41
223.54, 841.49, 858.33
349.85, 595.84, 604.70
346.67, 592.44, 729.62
343.49, 589.05, 854.53
352.34, 720.76, 608.16
349.16, 717.37, 733.07
345.98, 713.98, 857.98
354.83, 845.69, 611.61
351.65, 842.30, 736.52
348.47, 838.91, 861.44
474.79, 593.26, 607.81
471.61, 589.87, 732.73
468.43, 586.48, 857.64
477.28, 718.19, 611.27
474.10, 714.80, 736.18
470.92, 711.41, 861.09
479.77, 843.11, 614.72
476.59, 839.72, 739.63
473.41, 836.33, 864.55
348.21, 99.09, 98.29
344.97, 101.51, 223.23
341.74, 103.92, 348.16
347.07, 224.06, 95.85
343.84, 226.48, 220.78
340.61, 228.89, 345.72
345.94, 349.03, 93.40
342.71, 351.45, 218.33
339.48, 353.86, 343.27
473.16, 100.28, 101.50
469.93, 102.70, 226.44
466.70, 105.12, 351.37
472.03, 225.25, 99.05
468.80, 227.67, 223.99
465.57, 230.09, 348.92
470.89, 350.22, 96.61
467.66, 352.64, 221.54
464.43, 355.06, 346.48
598.11, 101.48, 104.71
594.88, 103.89, 229.64
591.65, 106.31, 354.58
596.98, 226.45, 102.26
593.75, 228.87, 227.20
590.52, 231.28, 352.13
595.85, 351.42, 99.81
592.62, 353.84, 224.75
589.39, 356.25, 349.68
350.65, 100.11, 225.74
351.26, 101.14, 350.73
351.87, 102.17, 475.72
352.95, 225.08, 224.69
353.56, 226.11, 349.69
354.17, 227.14, 474.68
355.25, 350.06, 223.65
355.86, 351.09, 348.65
356.47, 352.12, 473.64
475.63, 97.80, 225.15
476.24, 98.83, 350.14
476.85, 99.86, 475.13
477.93, 222.78, 224.10
478.54, 223.81, 349.10
479.15, 224.84, 474.09
480.23, 347.75, 223.06
480.84, 348.78, 348.06
481.44, 349.81, 473.05
600.61, 95.50, 224.56
601.22, 96.53, 349.55
601.82, 97.56, 474.54
602.91, 220.48, 223.51
603.51, 221.50, 348.51
604.12, 222.53, 473.50
605.20, 345.45, 222.47
605.81, 346.48, 347.47
606.42, 347.51, 472.46
350.96, 101.06, 351.68
348.74, 98.61, 476.64
346.51, 96.16, 601.59
347.95, 226.00, 354.07
345.73, 223.55, 479.03
343.50, 221.10, 603.99
344.95, 350.94, 356.47
342.72, 348.49, 481.42
340.49, 346.04, 606.38
475.91, 104.02, 353.96
473.68, 101.57, 478.92
471.45, 99.13, 603.88
472.90, 228.96, 356.36
470.67, 226.51, 481.31
468.45, 224.07, 606.27
469.89, 353.90, 358.75
467.66, 351.45, 483.71
465.44, 349.01, 608.66
600.85, 106.98, 356.25
598.62, 104.54, 481.20
596.40, 102.09, 606.16
597.84, 231.93, 358.64
595.62, 229.48, 483.60
593.39, 227.03, 608.55
594.83, 356.87, 361.03
592.61, 354.42, 485.99
590.38, 351.97, 610.95
349.80, 99.20, 473.15
348.08, 100.23, 598.13
346.37, 101.25, 723.11
351.63, 224.19, 472.15
349.92, 225.21, 597.13
348.20, 226.23, 722.12
353.46, 349.17, 471.15
351.75, 350.19, 596.14
350.03, 351.21, 721.12
474.77, 97.39, 474.87
473.06, 98.41, 599.86
471.35, 99.43, 724.84
476.60, 222.37, 473.88
474.89, 223.39, 598.86
473.18, 224.41, 723.85
478.44, 347.35, 472.88
476.72, 348.37, 597.86
475.01, 349.40, 722.85
599.75, 95.57, 476.60
598.03, 96.59, 601.59
596.32, 97.61, 726.57
601.58, 220.55, 475.61
599.87, 221.57, 600.59
598.15, 222.60, 725.57
603.41, 345.53, 474.61
601.70, 346.56, 599.59
599.98, 347.58, 724.58
351.75, 100.12, 601.59
351.27, 97.88, 726.57
350.80, 95.64, 851.54
351.92, 225.10, 603.83
351.45, 222.86, 728.81
350.98, 220.62, 853.79
352.10, 350.08, 606.07
351.63, 347.84, 731.05
351.15, 345.60, 856.03
476.75, 99.94, 602.06
476.27, 97.70, 727.03
475.80, 95.45, 852.01
476.92, 224.92, 604.30
476.45, 222.68, 729.28
475.98, 220.43, 854.26
477.10, 349.90, 606.54
476.62, 347.66, 731.52
476.15, 345.41, 856.50
601.74, 99.76, 602.52
601.27, 97.51, 727.50
600.80, 95.27, 852.48
601.92, 224.74, 604.77
601.45, 222.49, 729.75
600.98, 220.25, 854.72
602.10, 349.72, 607.01
601.62, 347.47, 731.99
601.15, 345.23, 856.97
351.82, 225.14, 98.75
352.21, 223.74, 223.74
352.61, 222.35, 348.73
351.06, 350.13, 100.15
351.46, 348.73, 225.14
351.85, 347.34, 350.13
350.30, 475.12, 101.55
350.70, 473.72, 226.54
351.09, 472.33, 351.53
476.81, 225.91, 98.36
477.21, 224.51, 223.35
477.61, 223.11, 348.34
476.06, 350.89, 99.76
476.45, 349.50, 224.75
476.85, 348.10, 349.74
475.30, 475.88, 101.16
475.69, 474.49, 226.15
476.09, 473.09, 351.14
601.81, 226.67, 97.97
602.21, 225.27, 222.96
602.61, 223.87, 347.95
601.05, 351.66, 99.37
601.45, 350.26, 224.36
601.85, 348.86, 349.35
600.29, 476.65, 100.77
600.69, 475.25, 225.76
601.09, 473.85, 350.75
351.76, 224.74, 223.63
353.65, 221.97, 348.58
355.54, 219.20, 473.54
352.83, 349.71, 226.38
354.72, 346.93, 351.34
356.61, 344.16, 476.29
353.90, 474.67, 229.14
355.79, 471.90, 354.10
357.68, 469.13, 479.05
476.74, 223.72, 221.72
478.63, 220.94, 346.67
480.52, 218.17, 471.63
477.81, 348.68, 224.47
479.70, 345.91, 349.43
481.59, 343.13, 474.38
478.89, 473.65, 227.23
480.77, 470.87, 352.19
482.66, 468.10, 477.14
601.72, 222.69, 219.81
603.61, 219.91, 344.76
605.50, 217.14, 469.72
602.80, 347.65, 222.56
604.68, 344.88, 347.52
606.57, 342.10, 472.47
603.87, 472.62, 225.32
605.75, 469.84, 350.28
607.64, 467.07, 475.23
348.08, 223.99, 350.47
350.76, 220.95, 475.41
353.44, 217.91, 600.34
349.64, 348.94, 353.48
352.32, 345.90, 478.41
355.00, 342.86, 603.35
351.19, 473.90, 356.49
353.87, 470.86, 481.42
356.55, 467.81, 606.36
473.05, 222.50, 347.75
475.73, 219.46, 472.69
478.41, 216.42, 597.62
474.60, 347.46, 350.76
477.28, 344.41, 475.70
479.96, 341.37, 600.63
476.15, 472.41, 353.77
478.83, 469.37, 478.71
481.51, 466.33, 603.64
598.01, 221.01, 345.04
600.69, 217.97, 469.97
603.37, 214.93, 594.91
599.56, 345.97, 348.05
602.24, 342.93, 472.98
604.92, 339.88, 597.92
601.11, 470.92, 351.06
603.79, 467.88, 475.99
606.47, 464.84, 600.92
349.05, 226.05, 476.79
347.17, 228.03, 601.76
345.29, 230.01, 726.73
351.98, 351.00, 474.85
350.10, 352.98, 599.82
348.21, 354.96, 724.79
354.91, 475.95, 472.92
353.03, 477.93, 597.89
351.14, 479.91, 722.86
474.01, 223.15, 478.72
472.12, 225.13, 603.69
470.24, 227.11, 728.66
476.93, 348.10, 476.78
475.05, 350.08, 601.75
473.16, 352.06, 726.72
479.86, 473.05, 474.85
477.98, 475.03, 599.82
476.09, 477.01, 724.79
598.96, 220.25, 480.65
597.07, 222.23, 605.62
595.19, 224.21, 730.59
601.89, 345.20, 478.71
600.00, 347.18, 603.68
598.12, 349.16, 728.65
604.81, 470.15, 476.78
602.93, 472.13, 601.75
601.04, 474.11, 726.72
349.79, 225.35, 598.50
351.75, 221.97, 723.44
353.70, 218.59, 848.38
347.96, 350.29, 601.91
349.91, 346.91, 726.85
351.87, 343.53, 851.79
346.12, 475.23, 605.33
348.07, 471.85, 730.26
350.03, 468.47, 855.20
474.77, 227.24, 596.60
476.72, 223.86, 721.54
478.68, 220.48, 846.47
472.93, 352.18, 600.01
474.88, 348.80, 724.95
476.84, 345.42, 849.89
471.09, 477.12, 603.42
473.05, 473.74, 728.36
475.00, 470.36, 853.30
599.74, 229.13, 594.69
601.69, 225.75, 719.63
603.65, 222.37, 844.57
597.90, 354.07, 598.10
599.85, 350.69, 723.04
601.81, 347.31, 847.98
596.06, 479.01, 601.52
598.02, 475.63, 726.46
599.97, 472.25, 851.39
348.80, 348.25, 99.45
347.07, 345.40, 224.41
345.35, 342.55, 349.36
346.80, 473.20, 102.27
345.08, 470.35, 227.23
343.35, 467.50, 352.19
344.81, 598.15, 105.10
343.08, 595.30, 230.05
341.35, 592.45, 355.01
473.77, 350.20, 101.22
472.04, 347.35, 226.18
470.32, 344.50, 351.14
471.77, 475.15, 104.05
470.05, 472.30, 229.00
468.32, 469.45, 353.96
469.78, 600.11, 106.87
468.05, 597.26, 231.82
466.33, 594.41, 356.78
598.74, 352.16, 103.00
597.02, 349.31, 227.95
595.29, 346.46, 352.91
596.75, 477.11, 105.82
595.02, 474.26, 230.77
593.29, 471.41, 355.73
594.75, 602.06, 108.64
593.03, 599.21, 233.59
591.30, 596.36, 358.55
349.00, 350.95, 224.52
345.30, 350.60, 349.46
341.61, 350.25, 474.41
347.97, 475.95, 224.84
344.27, 475.60, 349.78
340.58, 475.25, 474.73
346.94, 600.94, 225.16
343.24, 600.59, 350.10
339.54, 600.24, 475.05
473.94, 351.97, 228.22
470.25, 351.62, 353.16
466.55, 351.27, 478.11
472.91, 476.97, 228.54
469.21, 476.62, 353.48
465.52, 476.27, 478.43
471.88, 601.96, 228.86
468.18, 601.61, 353.80
464.48, 601.26, 478.75
598.88, 353.00, 231.92
595.19, 352.65, 356.86
591.49, 352.29, 481.81
597.85, 477.99, 232.24
594.15, 477.64, 357.18
590.46, 477.29, 482.13
596.82, 602.99, 232.56
593.12, 602.64, 357.50
589.42, 602.29, 482.45
348.49, 348.78, 349.25
351.61, 350.76, 474.19
354.74, 352.75, 599.14
351.20, 473.73, 347.20
354.32, 475.71, 472.14
357.45, 477.70, 597.09
353.91, 598.68, 345.14
357.03, 600.67, 470.09
360.16, 602.65, 595.03
473.42, 346.02, 346.17
476.54, 348.00, 471.11
479.67, 349.99, 596.06
476.13, 470.97, 344.11
479.25, 472.96, 469.06
482.38, 474.94, 594.01
478.84, 595.92, 342.06
481.96, 597.91, 467.01
485.09, 599.89, 591.95
598.35, 343.26, 343.09
601.48, 345.24, 468.03
604.60, 347.23, 592.98
601.06, 468.21, 341.03
604.19, 470.20, 465.98
607.31, 472.18, 590.92
603.77, 593.17, 338.98
606.89, 595.15, 463.93
610.02, 597.13, 588.87
350.79, 350.75, 474.15
352.28, 351.19, 599.14
353.77, 351.63, 724.13
353.68, 475.72, 473.68
355.17, 476.16, 598.67
356.66, 476.60, 723.66
356.56, 600.69, 473.20
358.06, 601.12, 598.19
359.55, 601.56, 723.18
475.74, 347.86, 472.67
477.24, 348.30, 597.66
478.73, 348.74, 722.65
478.63, 472.83, 472.20
480.12, 473.26, 597.19
481.62, 473.70, 722.18
481.52, 597.79, 471.72
483.01, 598.23, 596.71
484.50, 598.67, 721.70
600.70, 344.97, 471.19
602.19, 345.40, 596.18
603.68, 345.84, 721.17
603.59, 469.93, 470.72
605.08, 470.37, 595.71
606.57, 470.81, 720.70
606.48, 594.90, 470.24
607.97, 595.34, 595.23
609.46, 595.78, 720.22
349.24, 349.73, 600.04
347.84, 348.00, 725.02
346.44, 346.27, 850.00
351.50, 474.69, 601.79
350.10, 472.97, 726.77
348.70, 471.24, 851.75
353.76, 599.66, 603.54
352.36, 597.93, 728.52
350.96, 596.21, 853.50
474.21, 347.44, 601.41
472.81, 345.71, 726.39
471.41, 343.99, 851.37
476.47, 472.41, 603.16
475.07, 470.68, 728.14
473.67, 468.95, 853.12
478.74, 597.38, 604.91
477.34, 595.65, 729.89
475.94, 593.92, 854.87
599.18, 345.16, 602.78
597.78, 343.43, 727.76
596.38, 341.70, 852.74
601.44, 470.12, 604.53
600.04, 468.40, 729.51
598.64, 466.67, 854.49
603.71, 595.09, 606.28
602.31, 593.36, 731.26
600.91, 591.64, 856.24
351.51, 473.45, 99.27
352.60, 476.00, 224.23
353.69, 478.55, 349.20
349.69, 598.41, 96.73
350.79, 600.96, 221.70
351.88, 603.51, 346.67
347.88, 723.37, 94.19
348.97, 725.92, 219.16
350.07, 728.47, 344.13
476.49, 475.23, 98.14
477.58, 477.79, 223.10
478.67, 480.34, 348.07
474.68, 600.20, 95.60
475.77, 602.75, 220.57
476.86, 605.30, 345.54
472.86, 725.16, 93.07
473.96, 727.71, 218.03
475.05, 730.26, 343.00
601.47, 477.02, 97.01
602.56, 479.58, 221.98
603.66, 482.13, 346.94
599.66, 601.99, 94.47
600.75, 604.54, 219.44
601.84, 607.09, 344.41
597.85, 726.95, 91.94
598.94, 729.50, 216.90
600.03, 732.05, 341.87
351.62, 476.02, 223.08
354.58, 474.73, 348.04
357.54, 473.45, 473.00
350.20, 601.00, 224.40
353.16, 599.72, 349.36
356.12, 598.43, 474.32
348.77, 725.99, 225.72
351.73, 724.70, 350.68
354.69, 723.41, 475.64
476.58, 477.47, 220.14
479.54, 476.19, 345.10
482.50, 474.90, 470.05
475.15, 602.46, 221.46
478.11, 601.17, 346.41
481.07, 599.89, 471.37
473.73, 727.44, 222.78
476.69, 726.16, 347.73
479.65, 724.87, 472.69
601.54, 478.93, 217.19
604.50, 477.65, 342.15
607.46, 476.36, 467.11
600.11, 603.92, 218.51
603.07, 602.63, 343.47
606.03, 601.34, 468.43
598.68, 728.90, 219.83
601.64, 727.62, 344.79
604.60, 726.33, 469.75
351.64, 473.18, 351.86
350.34, 473.03, 476.86
349.03, 472.87, 601.85
350.64, 598.17, 352.00
349.34, 598.02, 477.00
348.03, 597.87, 601.99
349.64, 723.17, 352.15
348.34, 723.02, 477.14
347.03, 722.87, 602.13
476.63, 474.17, 353.17
475.32, 474.02, 478.16
474.02, 473.87, 603.15
475.63, 599.17, 353.31
474.33, 599.02, 478.30
473.02, 598.87, 603.30
474.63, 724.17, 353.45
473.33, 724.02, 478.44
472.02, 723.86, 603.44
601.62, 475.17, 354.47
600.31, 475.02, 479.47
599.01, 474.87, 604.46
600.62, 600.17, 354.61
599.31, 600.02, 479.61
598.01, 599.87, 604.60
599.62, 725.16, 354.75
598.31, 725.01, 479.75
597.01, 724.86, 604.74
351.16, 473.15, 474.23
353.54, 472.66, 599.21
355.93, 472.17, 724.19
347.93, 598.11, 474.79
350.31, 597.62, 599.76
352.70, 597.13, 724.74
344.70, 723.07, 475.34
347.09, 722.58, 600.31
349.47, 722.09, 725.29
476.10, 476.39, 471.86
478.48, 475.90, 596.84
480.86, 475.41, 721.82
472.87, 601.35, 472.42
475.25, 600.86, 597.39
477.63, 600.37, 722.37
469.64, 726.31, 472.97
472.02, 725.82, 597.94
474.40, 725.33, 722.92
601.03, 479.63, 469.49
603.41, 479.14, 594.47
605.80, 478.65, 719.45
597.80, 604.59, 470.05
600.19, 604.10, 595.02
602.57, 603.61, 720.00
594.57, 729.55, 470.60
596.96, 729.06, 595.57
599.34, 728.57, 720.55
348.30, 474.06, 599.65
344.88, 474.46, 724.60
341.46, 474.87, 849.56
350.13, 599.04, 599.29
346.71, 599.45, 724.25
343.29, 599.86, 849.20
351.97, 724.03, 598.93
348.55, 724.44, 723.89
345.13, 724.84, 848.84
473.24, 472.23, 603.08
469.82, 472.64, 728.03
466.40, 473.05, 852.98
475.07, 597.22, 602.72
471.65, 597.63, 727.67
468.23, 598.03, 852.62
476.91, 722.20, 602.36
473.49, 722.61, 727.31
470.07, 723.02, 852.27
598.18, 470.41, 606.50
594.76, 470.82, 731.45
591.34, 471.22, 856.41
600.01, 595.39, 606.14
596.59, 595.80, 731.10
593.17, 596.21, 856.05
601.85, 720.38, 605.79
598.43, 720.79, 730.74
595.01, 721.20, 855.69
348.60, 598.91, 100.12
351.27, 595.85, 225.05
353.94, 592.80, 349.99
348.25, 723.87, 103.18
350.92, 720.81, 228.12
353.59, 717.76, 353.05
347.90, 848.83, 106.24
350.57, 845.78, 231.18
353.24, 842.72, 356.11
473.57, 599.32, 97.46
476.24, 596.27, 222.39
478.91, 593.21, 347.33
473.22, 724.29, 100.52
475.89, 721.23, 225.45
478.56, 718.18, 350.39
472.87, 849.25, 103.58
475.54, 846.19, 228.52
478.21, 843.14, 353.45
598.54, 599.74, 94.80
601.21, 596.69, 219.73
603.88, 593.63, 344.66
598.19, 724.70, 97.86
600.86, 721.65, 222.79
603.53, 718.59, 347.73
597.84, 849.67, 100.92
600.51, 846.61, 225.86
603.18, 843.56, 350.79
351.67, 598.16, 223.95
350.02, 595.59, 348.91
348.36, 593.03, 473.88
354.99, 723.09, 226.56
353.33, 720.52, 351.52
351.67, 717.96, 476.48
358.30, 848.02, 229.16
356.64, 845.45, 354.13
354.99, 842.89, 479.09
476.62, 594.81, 225.54
474.96, 592.25, 350.50
473.31, 589.68, 475.46
479.93, 719.74, 228.14
478.28, 717.18, 353.11
476.62, 714.61, 478.07
483.24, 844.67, 230.75
481.59, 842.10, 355.71
479.93, 839.54, 480.68
601.56, 591.46, 227.12
599.91, 588.90, 352.09
598.25, 586.34, 477.05
604.88, 716.39, 229.73
603.22, 713.83, 354.69
601.56, 711.27, 479.66
608.19, 841.32, 232.34
606.53, 838.76, 357.30
604.88, 836.19, 482.26
348.66, 598.45, 348.46
345.48, 598.68, 473.42
342.31, 598.91, 598.38
345.55, 723.41, 348.15
342.37, 723.64, 473.11
339.20, 723.87, 598.07
342.44, 848.37, 347.84
339.26, 848.61, 472.80
336.09, 848.84, 597.76
473.58, 601.57, 351.62
470.40, 601.80, 476.58
467.23, 602.03, 601.54
470.47, 726.53, 351.31
467.29, 726.76, 476.27
464.12, 726.99, 601.23
467.36, 851.49, 351.01
464.18, 851.72, 475.96
461.01, 851.95, 600.92
598.50, 604.68, 354.79
595.32, 604.92, 479.75
592.15, 605.15, 604.71
595.39, 729.65, 354.48
592.21, 729.88, 479.44
589.04, 730.11, 604.40
592.28, 854.61, 354.17
589.11, 854.84, 479.13
585.93, 855.07, 604.09
351.65, 599.78, 476.11
352.39, 600.55, 601.10
353.14, 601.32, 726.10
354.34, 724.74, 475.32
355.09, 725.51, 600.32
355.84, 726.29, 725.31
357.03, 849.71, 474.53
357.78, 850.48, 599.53
358.53, 851.25, 724.52
476.61, 597.08, 475.37
477.36, 597.85, 600.37
478.11, 598.62, 725.37
479.31, 722.04, 474.59
480.06, 722.82, 599.58
480.81, 723.59, 724.58
482.00, 847.01, 473.80
482.75, 847.78, 598.80
483.50, 848.56, 723.79
601.58, 594.38, 474.64
602.33, 595.15, 599.64
603.08, 595.92, 724.63
604.28, 719.35, 473.85
605.03, 720.12, 598.85
605.78, 720.89, 723.85
606.97, 844.31, 473.07
607.72, 845.09, 598.06
608.47, 845.86, 723.06
350.30, 600.18, 600.93
353.08, 600.76, 725.90
355.87, 601.33, 850.87
348.01, 725.16, 600.41
350.80, 725.74, 725.37
353.59, 726.31, 850.34
345.73, 850.14, 599.88
348.52, 850.71, 724.85
351.31, 851.29, 849.82
475.25, 602.45, 598.13
478.03, 603.03, 723.10
480.82, 603.60, 848.07
472.96, 727.43, 597.61
475.75, 728.01, 722.58
478.54, 728.58, 847.54
470.68, 852.41, 597.08
473.47, 852.98, 722.05
476.26, 853.56, 847.02
600.19, 604.72, 595.34
602.98, 605.30, 720.30
605.77, 605.87, 845.27
597.91, 729.70, 594.81
600.70, 730.28, 719.78
603.49, 730.85, 844.75
595.63, 854.68, 594.29
598.42, 855.25, 719.25
601.20, 855.83, 844.22
473.94, 99.42, 99.18
472.85, 96.75, 224.14
471.75, 94.08, 349.11
474.83, 224.38, 101.85
473.73, 221.72, 226.82
472.64, 219.05, 351.79
475.71, 349.35, 104.53
474.62, 346.68, 229.50
473.53, 344.02, 354.46
598.93, 98.50, 100.25
597.84, 95.84, 225.22
596.74, 93.17, 350.18
599.82, 223.47, 102.93
598.73, 220.80, 227.89
597.63, 218.14, 352.86
600.71, 348.44, 105.60
599.61, 345.77, 230.57
598.52, 343.10, 355.54
723.92, 97.59, 101.32
722.83, 94.92, 226.29
721.74, 92.26, 351.26
724.81, 222.56, 104.00
723.72, 219.89, 228.97
722.63, 217.22, 353.93
725.70, 347.53, 106.68
724.61, 344.86, 231.64
723.51, 342.19, 356.61
475.88, 99.95, 225.88
476.87, 99.40, 350.88
477.87, 98.85, 475.87
478.49, 224.92, 226.41
479.49, 224.37, 351.40
480.49, 223.82, 476.40
481.11, 349.89, 226.94
482.11, 349.34, 351.93
483.10, 348.80, 476.92
600.84, 97.33, 224.88
601.84, 96.79, 349.87
602.84, 96.24, 474.87
603.46, 222.30, 225.40
604.46, 221.76, 350.40
605.45, 221.21, 475.39
606.08, 347.28, 225.93
607.08, 346.73, 350.92
608.07, 346.18, 475.92
725.81, 94.72, 223.87
726.81, 94.17, 348.86
727.80, 93.62, 473.86
728.43, 219.69, 224.39
729.43, 219.14, 349.39
730.42, 218.60, 474.38
731.05, 344.66, 224.92
732.05, 344.11, 349.92
733.04, 343.57, 474.91
474.61, 99.59, 348.96
477.57, 98.30, 473.92
480.52, 97.01, 598.88
472.53, 224.57, 350.31
475.48, 223.28, 475.27
478.43, 221.98, 600.22
470.44, 349.55, 351.65
473.39, 348.25, 476.61
476.34, 346.96, 601.57
599.56, 101.71, 346.04
602.51, 100.42, 470.99
605.46, 99.12, 595.95
597.47, 226.69, 347.38
600.43, 225.39, 472.34
603.38, 224.10, 597.30
595.39, 351.66, 348.72
598.34, 350.37, 473.68
601.29, 349.08, 598.64
724.51, 103.83, 343.11
727.46, 102.54, 468.07
730.41, 101.24, 593.02
722.42, 228.81, 344.45
725.37, 227.51, 469.41
728.32, 226.22, 594.37
720.33, 353.78, 345.79
723.29, 352.49, 470.75
726.24, 351.19, 595.71
474.31, 98.93, 474.04
473.38, 100.38, 599.03
472.44, 101.82, 724.01
475.55, 223.92, 472.60
474.61, 225.36, 597.59
473.68, 226.81, 722.58
476.79, 348.90, 471.17
475.85, 350.35, 596.16
474.91, 351.79, 721.14
599.30, 97.71, 474.99
598.37, 99.15, 599.98
597.43, 100.59, 724.96
600.54, 222.69, 473.55
599.60, 224.14, 598.54
598.67, 225.58, 723.53
601.78, 347.68, 472.12
600.84, 349.12, 597.11
599.90, 350.57, 722.10
724.29, 96.48, 475.94
723.36, 97.92, 600.93
722.42, 99.37, 725.92
725.53, 221.47, 474.50
724.59, 222.91, 599.49
723.66, 224.35, 724.48
726.77, 346.45, 473.07
725.83, 347.89, 598.06
724.89, 349.34, 723.05
473.61, 99.86, 598.52
470.53, 97.23, 723.45
467.45, 94.60, 848.39
471.36, 224.81, 601.09
468.29, 222.18, 726.03
465.21, 219.55, 850.96
469.12, 349.76, 603.67
466.04, 347.13, 728.60
462.96, 344.51, 853.54
598.55, 102.04, 601.64
595.47, 99.41, 726.58
592.39, 96.78, 851.51
596.31, 226.99, 604.22
593.23, 224.36, 729.15
590.15, 221.73, 854.09
594.06, 351.94, 606.79
590.98, 349.31, 731.73
587.91, 346.68, 856.66
723.49, 104.21, 604.77
720.41, 101.59, 729.70
717.33, 98.96, 854.64
721.25, 229.17, 607.34
718.17, 226.54, 732.28
715.09, 223.91, 857.21
719.01, 354.12, 609.92
715.93, 351.49, 734.85
712.85, 348.86, 859.79
474.68, 226.30, 99.76
473.14, 225.61, 224.75
471.59, 224.92, 349.74
471.07, 351.25, 100.41
469.53, 350.56, 225.39
467.99, 349.87, 350.38
467.46, 476.19, 101.05
465.92, 475.50, 226.04
464.38, 474.81, 351.03
599.62, 229.90, 101.32
598.08, 229.21, 226.31
596.53, 228.52, 351.30
596.01, 354.85, 101.97
594.47, 354.16, 226.96
592.92, 353.47, 351.95
592.40, 479.79, 102.62
590.86, 479.10, 227.60
589.31, 478.41, 352.59
724.56, 233.50, 102.89
723.02, 232.81, 227.88
721.47, 232.12, 352.87
720.95, 358.45, 103.53
719.41, 357.76, 228.52
717.86, 357.07, 353.51
717.34, 483.40, 104.18
715.80, 482.70, 229.17
714.25, 482.01, 354.16
475.73, 225.63, 223.45
476.08, 222.28, 348.40
476.43, 218.92, 473.36
479.17, 350.54, 226.79
479.52, 347.19, 351.75
479.88, 343.83, 476.70
482.62, 475.45, 230.13
482.97, 472.09, 355.09
483.32, 468.74, 480.04
600.68, 222.20, 223.00
601.03, 218.85, 347.96
601.38, 215.49, 472.91
604.13, 347.11, 226.35
604.48, 343.75, 351.30
604.83, 340.40, 476.26
607.57, 472.02, 229.69
607.92, 468.66, 354.65
608.27, 465.31, 479.60
725.64, 218.77, 222.56
725.99, 215.41, 347.52
726.34, 212.06, 472.47
729.08, 343.68, 225.91
729.43, 340.32, 350.86
729.78, 336.97, 475.81
732.52, 468.58, 229.25
732.87, 465.23, 354.20
733.22, 461.88, 479.16
476.14, 225.52, 351.04
474.84, 226.82, 476.03
473.53, 228.11, 601.02
475.04, 350.51, 349.74
473.73, 351.81, 474.72
472.43, 353.10, 599.71
473.93, 475.50, 348.43
472.63, 476.79, 473.41
471.33, 478.09, 598.40
601.13, 226.64, 352.33
599.82, 227.93, 477.32
598.52, 229.23, 602.31
600.02, 351.63, 351.03
598.72, 352.92, 476.01
597.42, 354.22, 601.00
598.92, 476.61, 349.72
597.62, 477.91, 474.71
596.31, 479.21, 599.69
726.12, 227.76, 353.63
724.81, 229.05, 478.61
723.51, 230.35, 603.60
725.01, 352.74, 352.32
723.71, 354.04, 477.30
722.41, 355.34, 602.29
723.91, 477.73, 351.01
722.61, 479.03, 476.00
721.30, 480.32, 600.98
475.59, 224.86, 476.38
474.89, 222.76, 601.36
474.18, 220.65, 726.34
474.85, 349.84, 478.48
474.15, 347.74, 603.46
473.45, 345.63, 728.44
474.12, 474.82, 480.58
473.42, 472.72, 605.56
472.72, 470.61, 730.54
600.58, 225.58, 477.09
599.88, 223.48, 602.08
599.18, 221.37, 727.06
599.85, 350.56, 479.20
599.15, 348.46, 604.18
598.45, 346.35, 729.16
599.12, 475.54, 481.30
598.42, 473.44, 606.28
597.71, 471.33, 731.26
725.58, 226.30, 477.81
724.88, 224.20, 602.79
724.18, 222.09, 727.77
724.85, 351.28, 479.91
724.14, 349.18, 604.89
723.44, 347.07, 729.87
724.11, 476.26, 482.01
723.41, 474.16, 606.99
722.71, 472.05, 731.97
476.36, 226.00, 598.49
478.04, 225.07, 723.48
479.73, 224.14, 848.46
476.14, 351.00, 599.42
477.82, 350.07, 724.41
479.51, 349.14, 849.39
475.91, 475.99, 600.36
477.60, 475.06, 725.34
479.29, 474.13, 850.33
601.35, 226.24, 596.81
603.03, 225.31, 721.79
604.72, 224.38, 846.78
601.12, 351.23, 597.74
602.81, 350.30, 722.72
604.50, 349.37, 847.71
600.90, 476.23, 598.67
602.59, 475.30, 723.66
604.27, 474.37, 848.64
726.33, 226.47, 595.12
728.02, 225.54, 720.11
729.71, 224.61, 845.09
726.11, 351.47, 596.06
727.80, 350.54, 721.04
729.48, 349.61, 846.03
725.89, 476.46, 596.99
727.58, 475.53, 721.97
729.26, 474.60, 846.96
476.33, 349.59, 101.32
479.78, 350.19, 226.28
483.22, 350.79, 351.23
474.67, 474.58, 100.77
478.11, 475.18, 225.72
481.55, 475.77, 350.68
473.00, 599.57, 100.22
476.45, 600.16, 225.17
479.89, 600.76, 350.12
601.28, 351.24, 97.87
604.72, 351.84, 222.83
608.16, 352.44, 347.78
599.61, 476.23, 97.32
603.05, 476.83, 222.27
606.49, 477.42, 347.23
597.95, 601.22, 96.77
601.39, 601.81, 221.72
604.83, 602.41, 346.67
726.22, 352.89, 94.43
729.66, 353.49, 219.38
733.10, 354.09, 344.33
724.55, 477.88, 93.87
727.99, 478.48, 218.82
731.44, 479.07, 343.78
722.89, 602.87, 93.32
726.33, 603.46, 218.27
729.77, 604.06, 343.22
474.03, 351.95, 226.84
474.80, 353.87, 351.83
475.56, 355.78, 476.81
472.45, 476.93, 224.94
473.21, 478.84, 349.92
473.98, 480.76, 474.91
470.86, 601.90, 223.04
471.63, 603.82, 348.02
472.39, 605.73, 473.00
599.02, 353.53, 226.05
599.79, 355.44, 351.04
600.55, 357.35, 476.02
597.43, 478.50, 224.15
598.20, 480.42, 349.13
598.97, 482.33, 474.12
595.85, 603.48, 222.25
596.61, 605.39, 347.23
597.38, 607.31, 472.21
724.01, 355.10, 225.26
724.77, 357.02, 350.25
725.54, 358.93, 475.23
722.42, 480.08, 223.36
723.19, 481.99, 348.34
723.95, 483.90, 473.33
720.83, 605.05, 221.46
721.60, 606.97, 346.44
722.37, 608.88, 471.42
473.32, 350.50, 351.35
472.46, 351.47, 476.34
471.59, 352.45, 601.33
474.42, 475.49, 350.37
473.56, 476.47, 475.37
472.70, 477.44, 600.36
475.53, 600.48, 349.40
474.67, 601.46, 474.40
473.80, 602.44, 599.39
598.31, 349.40, 352.22
597.45, 350.38, 477.21
596.58, 351.35, 602.20
599.42, 474.39, 351.25
598.55, 475.37, 476.24
597.69, 476.35, 601.23
600.52, 599.38, 350.27
599.66, 600.36, 475.27
598.80, 601.34, 600.26
723.30, 348.30, 353.09
722.44, 349.28, 478.08
721.58, 350.25, 603.08
724.41, 473.29, 352.12
723.55, 474.27, 477.11
722.68, 475.25, 602.10
725.51, 598.28, 351.15
724.65, 599.26, 476.14
723.79, 600.24, 601.13
476.70, 351.46, 476.39
475.62, 353.70, 601.36
474.53, 355.94, 726.34
473.87, 476.40, 474.12
472.79, 478.65, 599.10
471.71, 480.89, 724.07
471.05, 601.35, 471.85
469.97, 603.59, 596.83
468.88, 605.84, 721.80
601.66, 354.30, 477.42
600.58, 356.54, 602.40
599.50, 358.79, 727.37
598.84, 479.25, 475.15
597.75, 481.49, 600.13
596.67, 483.73, 725.10
596.01, 604.20, 472.89
594.93, 606.44, 597.86
593.85, 608.68, 722.84
726.62, 357.14, 478.45
725.54, 359.39, 603.43
724.46, 361.63, 728.40
723.80, 482.09, 476.18
722.72, 484.34, 601.16
721.64, 486.58, 726.13
720.97, 607.04, 473.92
719.89, 609.28, 598.89
718.81, 611.53, 723.87
475.49, 349.04, 598.29
476.72, 351.69, 723.26
477.96, 354.33, 848.22
474.60, 474.01, 595.65
475.84, 476.66, 720.62
477.07, 479.30, 845.59
473.72, 598.98, 593.02
474.95, 601.63, 717.98
476.19, 604.27, 842.95
600.48, 349.90, 597.04
601.72, 352.55, 722.00
602.95, 355.19, 846.97
599.59, 474.87, 594.40
600.83, 477.52, 719.37
602.06, 480.16, 844.33
598.71, 599.84, 591.76
599.94, 602.49, 716.73
601.18, 605.13, 841.70
725.47, 350.76, 595.78
726.71, 353.41, 720.75
727.94, 356.06, 845.72
724.59, 475.73, 593.15
725.82, 478.38, 718.11
727.05, 481.02, 843.08
723.70, 600.70, 590.51
724.93, 603.35, 715.48
726.17, 605.99, 840.44
474.64, 475.69, 101.66
476.22, 473.18, 226.63
477.81, 470.67, 351.59
473.20, 600.66, 104.19
474.78, 598.15, 229.15
476.36, 595.64, 354.12
471.75, 725.62, 106.72
473.34, 723.11, 231.68
474.92, 720.61, 356.64
599.62, 477.16, 100.11
601.20, 474.66, 225.07
602.79, 472.15, 350.04
598.18, 602.13, 102.63
599.76, 599.62, 227.60
601.35, 597.11, 352.56
596.74, 727.10, 105.16
598.32, 724.59, 230.13
599.90, 722.08, 355.09
724.60, 478.64, 98.55
726.19, 476.13, 223.52
727.77, 473.62, 348.48
723.16, 603.60, 101.08
724.74, 601.09, 226.04
726.33, 598.59, 351.01
721.72, 728.57, 103.61
723.30, 726.06, 228.57
724.89, 723.55, 353.53
474.70, 475.00, 226.67
471.37, 472.00, 351.59
468.04, 468.99, 476.51
475.36, 599.96, 229.69
472.03, 596.96, 354.61
468.70, 593.96, 479.53
476.03, 724.93, 232.71
472.70, 721.92, 357.63
469.37, 718.92, 482.55
599.65, 474.26, 229.98
596.32, 471.25, 354.90
592.99, 468.25, 479.82
600.32, 599.22, 233.00
596.99, 596.22, 357.92
593.66, 593.21, 482.84
600.98, 724.18, 236.02
597.65, 721.18, 360.94
594.32, 718.17, 485.86
724.60, 473.51, 233.29
721.28, 470.51, 358.21
717.95, 467.51, 483.13
725.27, 598.48, 236.31
721.94, 595.47, 361.23
718.61, 592.47, 486.15
725.93, 723.44, 239.34
722.60, 720.43, 364.26
719.28, 717.43, 489.18
475.12, 474.16, 350.36
473.78, 473.81, 475.35
472.44, 473.46, 600.34
474.29, 599.15, 350.70
472.95, 598.80, 475.69
471.61, 598.46, 600.68
473.46, 724.15, 351.04
472.12, 723.80, 476.03
470.78, 723.45, 601.02
600.11, 474.98, 351.70
598.77, 474.63, 476.69
597.43, 474.28, 601.68
599.28, 599.98, 352.04
597.94, 599.63, 477.03
596.60, 599.28, 602.02
598.45, 724.98, 352.38
597.11, 724.63, 477.37
595.77, 724.28, 602.36
725.10, 475.81, 353.04
723.76, 475.46, 478.03
722.42, 475.11, 603.02
724.27, 600.80, 353.38
722.93, 600.45, 478.37
721.59, 600.11, 603.36
723.44, 725.80, 353.72
722.10, 725.45, 478.71
720.76, 725.10, 603.70
476.82, 475.09, 476.93
480.20, 473.36, 601.87
483.58, 471.64, 726.81
474.81, 600.06, 478.71
478.19, 598.33, 603.65
481.56, 596.61, 728.60
472.80, 725.03, 480.49
476.18, 723.31, 605.44
479.55, 721.58, 730.38
601.76, 477.15, 473.58
605.14, 475.42, 598.52
608.51, 473.69, 723.46
599.75, 602.12, 475.36
603.13, 600.39, 600.31
606.50, 598.67, 725.25
597.74, 727.09, 477.15
601.11, 725.36, 602.09
604.49, 723.64, 727.03
726.70, 479.21, 470.23
730.08, 477.48, 595.17
733.45, 475.75, 720.12
724.69, 604.18, 472.02
728.06, 602.45, 596.96
731.44, 600.72, 721.90
722.68, 729.15, 473.80
726.05, 727.42, 598.74
729.43, 725.70, 723.68
474.41, 475.99, 598.71
472.15, 476.91, 723.69
469.90, 477.84, 848.66
477.43, 600.95, 597.84
475.18, 601.87, 722.82
472.92, 602.80, 847.79
480.46, 725.91, 596.97
478.20, 726.83, 721.95
475.95, 727.76, 846.92
599.35, 472.98, 600.99
597.09, 473.90, 725.96
594.84, 474.83, 850.94
602.38, 597.94, 600.12
600.12, 598.86, 725.09
597.87, 599.79, 850.07
605.40, 722.90, 599.25
603.15, 723.82, 724.22
600.89, 724.75, 849.20
724.29, 469.97, 603.26
722.04, 470.89, 728.24
719.78, 471.82, 853.21
727.32, 594.93, 602.39
725.06, 595.85, 727.37
722.81, 596.78, 852.35
730.34, 719.89, 601.52
728.09, 720.81, 726.50
725.83, 721.74, 851.48
476.42, 600.63, 98.86
472.78, 603.23, 223.78
469.14, 605.82, 348.70
478.42, 725.59, 96.32
474.78, 728.18, 221.24
471.14, 730.78, 346.16
480.42, 850.55, 93.78
476.78, 853.14, 218.70
473.14, 855.74, 343.62
601.35, 598.70, 102.54
597.71, 601.30, 227.46
594.07, 603.90, 352.38
603.35, 723.66, 100.00
599.71, 726.26, 224.92
596.07, 728.85, 349.84
605.35, 848.62, 97.46
601.71, 851.22, 222.38
598.08, 853.81, 347.30
726.28, 596.78, 106.22
722.64, 599.37, 231.14
719.00, 601.97, 356.06
728.28, 721.74, 103.68
724.64, 724.33, 228.60
721.01, 726.93, 353.52
730.28, 846.69, 101.14
726.65, 849.29, 226.06
723.01, 851.89, 350.98
476.58, 601.73, 223.84
477.58, 605.04, 348.79
478.58, 608.35, 473.74
475.73, 726.68, 220.53
476.73, 729.99, 345.48
477.73, 733.31, 470.43
474.88, 851.63, 217.22
475.88, 854.95, 342.18
476.88, 858.26, 467.13
601.57, 602.55, 222.81
602.57, 605.86, 347.77
603.57, 609.17, 472.72
600.72, 727.50, 219.51
601.72, 730.82, 344.46
602.73, 734.13, 469.41
599.88, 852.46, 216.20
600.88, 855.77, 341.15
601.88, 859.08, 466.11
726.56, 603.37, 221.79
727.57, 606.68, 346.74
728.57, 610.00, 471.69
725.72, 728.32, 218.48
726.72, 731.64, 343.44
727.72, 734.95, 468.39
724.87, 853.28, 215.18
725.87, 856.59, 340.13
726.87, 859.90, 465.08
474.06, 600.80, 348.93
472.64, 599.71, 473.91
471.22, 598.63, 598.90
474.38, 725.79, 350.01
472.96, 724.71, 475.00
471.55, 723.62, 599.99
474.70, 850.79, 351.10
473.29, 849.70, 476.09
471.87, 848.62, 601.08
599.05, 600.46, 350.34
597.63, 599.38, 475.33
596.21, 598.29, 600.31
599.37, 725.46, 351.43
597.95, 724.37, 476.41
596.54, 723.29, 601.40
599.70, 850.45, 352.52
598.28, 849.37, 477.50
596.86, 848.28, 602.49
724.04, 600.12, 351.75
722.62, 599.04, 476.74
721.21, 597.96, 601.73
724.36, 725.12, 352.84
722.95, 724.04, 477.83
721.53, 722.95, 602.82
724.69, 850.11, 353.93
723.27, 849.03, 478.92
721.85, 847.95, 603.90
475.14, 599.67, 474.34
475.42, 598.87, 599.34
475.71, 598.07, 724.34
471.47, 724.61, 475.15
471.76, 723.81, 600.15
472.04, 723.01, 725.14
467.81, 849.55, 475.96
468.09, 848.75, 600.95
468.38, 847.95, 725.95
600.09, 603.33, 474.08
600.37, 602.53, 599.08
600.66, 601.73, 724.07
596.42, 728.28, 474.89
596.70, 727.48, 599.88
596.99, 726.68, 724.88
592.75, 853.22, 475.70
593.04, 852.42, 600.69
593.32, 851.62, 725.69
725.03, 607.00, 473.82
725.32, 606.20, 598.82
725.60, 605.40, 723.81
721.37, 731.95, 474.63
721.65, 731.15, 599.62
721.94, 730.35, 724.62
717.70, 856.89, 475.43
717.98, 856.09, 600.43
718.27, 855.29, 725.43
473.88, 599.40, 601.58
473.60, 602.60, 726.54
473.33, 605.80, 851.50
475.05, 724.35, 598.39
474.78, 727.55, 723.34
474.51, 730.75, 848.30
476.23, 849.31, 595.19
475.96, 852.51, 720.15
475.68, 855.71, 845.11
598.87, 598.23, 601.89
598.60, 601.43, 726.84
598.32, 604.63, 851.80
600.05, 723.18, 598.69
599.77, 726.38, 723.65
599.50, 729.58, 848.61
601.23, 848.14, 595.49
600.95, 851.34, 720.45
600.68, 854.54, 845.41
723.86, 597.06, 602.19
723.59, 600.26, 727.15
723.32, 603.46, 852.11
725.04, 722.01, 598.99
724.77, 725.21, 723.95
724.50, 728.41, 848.91
726.22, 846.97, 595.80
725.95, 850.17, 720.75
725.67, 853.37, 845.71
599.58, 99.16, 99.19
602.52, 102.07, 224.12
605.46, 104.98, 349.05
598.32, 224.12, 96.31
601.27, 227.03, 221.24
604.21, 229.95, 346.17
597.07, 349.08, 93.42
600.01, 351.99, 218.35
602.96, 354.91, 343.28
724.54, 100.34, 96.22
727.48, 103.26, 221.15
730.42, 106.17, 346.08
723.28, 225.31, 93.33
726.23, 228.22, 218.27
729.17, 231.13, 343.20
722.03, 350.27, 90.45
724.97, 353.18, 215.38
727.92, 356.09, 340.31
849.50, 101.53, 93.25
852.44, 104.44, 218.18
855.38, 107.35, 343.11
848.24, 226.49, 90.36
851.19, 229.40, 215.29
854.13, 232.31, 340.23
846.99, 351.45, 87.48
849.93, 354.36, 212.41
852.87, 357.28, 337.34
600.88, 100.81, 225.20
598.68, 97.15, 350.13
596.48, 93.48, 475.05
600.53, 225.76, 228.86
598.33, 222.09, 353.79
596.13, 218.43, 478.71
600.18, 350.70, 232.52
597.98, 347.04, 357.45
595.78, 343.37, 482.37
725.86, 101.10, 227.41
723.66, 97.43, 352.34
721.46, 93.77, 477.26
725.51, 226.04, 231.07
723.31, 222.38, 356.00
721.11, 218.71, 480.92
725.16, 350.99, 234.73
722.96, 347.32, 359.65
720.76, 343.66, 484.58
850.84, 101.38, 229.62
848.64, 97.72, 354.55
846.44, 94.05, 479.47
850.49, 226.33, 233.28
848.29, 222.66, 358.20
846.09, 219.00, 483.13
850.14, 351.27, 236.94
847.94, 347.61, 361.86
845.74, 343.94, 486.79
601.43, 98.05, 350.51
601.34, 97.03, 475.50
601.26, 96.02, 600.50
603.00, 223.03, 351.52
602.91, 222.02, 476.52
602.83, 221.00, 601.52
604.57, 348.02, 352.54
604.48, 347.00, 477.54
604.39, 345.99, 602.53
726.42, 96.48, 350.59
726.33, 95.46, 475.58
726.25, 94.45, 600.58
727.99, 221.46, 351.60
727.90, 220.45, 476.60
727.82, 219.43, 601.59
729.56, 346.45, 352.62
729.47, 345.43, 477.61
729.38, 344.42, 602.61
851.41, 94.91, 350.66
851.33, 93.89, 475.66
851.24, 92.88, 600.65
852.98, 219.89, 351.68
852.89, 218.88, 476.67
852.81, 217.86, 601.67
854.55, 344.88, 352.69
854.46, 343.86, 477.69
854.37, 342.85, 602.68
598.81, 100.63, 475.03
596.86, 104.12, 599.97
594.91, 107.60, 724.90
597.62, 225.58, 471.52
595.66, 229.06, 596.46
593.71, 232.55, 721.40
596.42, 350.52, 468.02
594.47, 354.01, 592.96
592.52, 357.50, 717.89
723.79, 101.88, 476.95
721.84, 105.37, 601.88
719.89, 108.85, 726.82
722.59, 226.83, 473.44
720.64, 230.31, 598.38
718.69, 233.80, 723.31
721.40, 351.77, 469.94
719.45, 355.26, 594.87
717.50, 358.75, 719.81
848.77, 103.13, 478.86
846.82, 106.62, 603.80
844.87, 110.11, 728.74
847.57, 228.08, 475.36
845.62, 231.56, 600.29
843.67, 235.05, 725.23
846.38, 353.02, 471.85
844.43, 356.51, 596.79
842.48, 360.00, 721.72
601.37, 99.66, 601.22
604.47, 96.59, 726.14
607.58, 93.53, 851.07
604.18, 224.59, 604.22
607.29, 221.53, 729.14
610.39, 218.46, 854.06
607.00, 349.52, 607.21
610.10, 346.46, 732.14
613.20, 343.39, 857.06
726.30, 96.92, 598.05
729.40, 93.86, 722.97
732.51, 90.79, 847.90
729.11, 221.85, 601.05
732.22, 218.79, 725.97
735.32, 215.72, 850.89
731.93, 346.79, 604.04
735.03, 343.72, 728.97
738.13, 340.65, 853.89
851.23, 94.18, 594.88
854.33, 91.12, 719.80
857.44, 88.05, 844.73
854.04, 219.12, 597.88
857.15, 216.05, 722.80
860.25, 212.99, 847.72
856.86, 344.05, 600.87
859.96, 340.98, 725.79
863.06, 337.92, 850.72
600.52, 226.55, 101.98
597.89, 225.78, 226.95
595.26, 225.01, 351.92
597.50, 351.51, 102.68
594.87, 350.74, 227.65
592.24, 349.97, 352.62
594.49, 476.47, 103.39
591.86, 475.70, 228.36
589.23, 474.94, 353.33
725.45, 229.55, 104.63
722.82, 228.78, 229.60
720.19, 228.01, 354.57
722.44, 354.51, 105.33
719.81, 353.74, 230.30
717.18, 352.97, 355.27
719.42, 479.47, 106.04
716.79, 478.70, 231.01
714.16, 477.94, 355.98
850.39, 232.55, 107.28
847.76, 231.78, 232.25
845.13, 231.01, 357.22
847.37, 357.51, 107.98
844.74, 356.74, 232.95
842.11, 355.97, 357.92
844.36, 482.47, 108.68
841.73, 481.70, 233.65
839.10, 480.94, 358.62
598.49, 226.50, 224.26
595.70, 228.59, 349.21
592.92, 230.67, 474.16
601.50, 351.45, 222.24
598.71, 353.53, 347.19
595.93, 355.62, 472.14
604.51, 476.40, 220.22
601.72, 478.48, 345.17
598.93, 480.57, 470.12
723.43, 223.54, 227.09
720.64, 225.62, 352.04
717.85, 227.71, 477.00
726.43, 348.49, 225.07
723.65, 350.57, 350.03
720.86, 352.66, 474.98
729.44, 473.43, 223.06
726.66, 475.52, 348.01
723.87, 477.60, 472.96
848.36, 220.57, 229.93
845.57, 222.66, 354.88
842.78, 224.75, 479.83
851.37, 345.52, 227.91
848.58, 347.61, 352.86
845.79, 349.69, 477.81
854.38, 470.47, 225.89
851.59, 472.55, 350.84
848.80, 474.64, 475.80
600.07, 226.82, 351.10
602.21, 225.11, 476.07
604.34, 223.39, 601.04
600.66, 351.80, 352.80
602.80, 350.09, 477.78
604.93, 348.38, 602.75
601.25, 476.79, 354.51
603.39, 475.08, 479.48
605.52, 473.37, 604.45
725.05, 226.25, 348.96
727.19, 224.54, 473.93
729.32, 222.83, 598.90
725.64, 351.24, 350.66
727.78, 349.53, 475.63
729.91, 347.82, 600.60
726.23, 476.23, 352.36
728.37, 474.52, 477.33
730.50, 472.81, 602.30
850.03, 225.69, 346.82
852.17, 223.98, 471.79
854.30, 222.27, 596.76
850.62, 350.68, 348.52
852.76, 348.97, 473.49
854.89, 347.26, 598.46
851.21, 475.67, 350.22
853.35, 473.96, 475.19
855.48, 472.24, 600.16
601.55, 225.50, 474.01
598.79, 222.92, 598.95
596.03, 220.35, 723.90
600.15, 350.47, 476.56
597.39, 347.89, 601.50
594.63, 345.31, 726.44
598.75, 475.43, 479.10
595.99, 472.86, 604.05
593.23, 470.28, 728.99
726.51, 226.85, 476.79
723.75, 224.27, 601.74
721.00, 221.69, 726.68
725.11, 351.81, 479.34
722.35, 349.23, 604.28
719.59, 346.66, 729.23
723.71, 476.78, 481.89
720.95, 474.20, 606.83
718.19, 471.62, 731.77
851.47, 228.19, 479.58
848.71, 225.61, 604.52
845.96, 223.04, 729.47
850.07, 353.16, 482.13
847.31, 350.58, 607.07
844.56, 348.00, 732.01
848.67, 478.12, 484.67
845.91, 475.55, 609.62
843.15, 472.97, 734.56
599.82, 224.91, 599.81
597.29, 228.51, 724.74
594.76, 232.11, 849.66
599.31, 349.86, 596.20
596.78, 353.46, 721.12
594.25, 357.06, 846.05
598.80, 474.80, 592.59
596.27, 478.40, 717.51
593.74, 482.01, 842.43
724.79, 225.49, 602.33
722.26, 229.09, 727.25
719.73, 232.70, 852.17
724.28, 350.44, 598.72
721.75, 354.04, 723.64
719.22, 357.64, 848.56
723.77, 475.39, 595.11
721.24, 478.99, 720.03
718.71, 482.59, 844.95
849.77, 226.08, 604.85
847.24, 229.68, 729.77
844.70, 233.28, 854.69
849.26, 351.02, 601.23
846.73, 354.62, 726.16
844.19, 358.23, 851.08
848.75, 475.97, 597.62
846.22, 479.57, 722.54
843.68, 483.17, 847.47
601.22, 350.52, 98.81
599.33, 348.48, 223.78
597.45, 346.44, 348.75
598.63, 475.47, 100.81
596.75, 473.43, 225.78
594.87, 471.39, 350.75
596.05, 600.43, 102.81
594.17, 598.39, 227.78
592.28, 596.35, 352.75
726.18, 353.07, 100.74
724.29, 351.03, 225.71
722.41, 348.99, 350.67
723.59, 478.03, 102.74
721.71, 475.99, 227.71
719.82, 473.95, 352.68
721.01, 602.98, 104.74
719.12, 600.94, 229.71
717.24, 598.90, 354.68
851.14, 355.62, 102.66
849.25, 353.58, 227.63
847.37, 351.54, 352.60
848.55, 480.58, 104.66
846.67, 478.54, 229.63
844.78, 476.50, 354.60
845.97, 605.54, 106.66
844.08, 603.50, 231.63
842.20, 601.46, 356.60
599.13, 350.08, 224.33
598.71, 347.40, 349.30
598.28, 344.73, 474.28
596.14, 475.02, 227.00
595.71, 472.34, 351.97
595.28, 469.66, 476.94
593.14, 599.95, 229.67
592.71, 597.27, 354.64
592.28, 594.60, 479.61
724.10, 353.07, 224.83
723.67, 350.39, 349.80
723.24, 347.71, 474.77
721.10, 478.00, 227.49
720.67, 475.33, 352.46
720.24, 472.65, 477.43
718.10, 602.94, 230.16
717.68, 600.26, 355.13
717.25, 597.58, 480.10
849.06, 356.05, 225.32
848.63, 353.38, 350.29
848.20, 350.70, 475.26
846.06, 480.99, 227.98
845.64, 478.31, 352.95
845.21, 475.63, 477.92
843.07, 605.93, 230.65
842.64, 603.25, 355.62
842.21, 600.57, 480.59
598.34, 348.49, 348.62
598.76, 345.18, 473.58
599.19, 341.87, 598.53
598.55, 473.45, 351.94
598.98, 470.14, 476.89
599.40, 466.82, 601.85
598.77, 598.40, 355.25
599.19, 595.09, 480.20
599.62, 591.78, 605.16
723.34, 348.29, 348.19
723.76, 344.98, 473.15
724.19, 341.66, 598.10
723.55, 473.25, 351.51
723.98, 469.93, 476.46
724.40, 466.62, 601.42
723.77, 598.20, 354.82
724.19, 594.89, 479.77
724.61, 591.58, 604.73
848.34, 348.09, 347.76
848.76, 344.77, 472.72
849.19, 341.46, 597.67
848.55, 473.04, 351.08
848.98, 469.73, 476.03
849.40, 466.42, 600.99
848.77, 598.00, 354.39
849.19, 594.69, 479.34
849.61, 591.37, 604.30
600.64, 348.60, 473.07
600.54, 346.50, 598.05
600.45, 344.39, 723.03
598.36, 473.56, 475.17
598.26, 471.46, 600.15
598.17, 469.36, 725.13
596.08, 598.52, 477.27
595.99, 596.42, 602.25
595.89, 594.32, 727.23
725.61, 350.87, 473.20
725.52, 348.77, 598.18
725.43, 346.67, 723.16
723.34, 475.83, 475.30
723.24, 473.73, 600.28
723.15, 471.63, 725.26
721.06, 600.80, 477.40
720.97, 598.70, 602.38
720.87, 596.60, 727.36
850.59, 353.15, 473.33
850.50, 351.05, 598.31
850.41, 348.95, 723.29
848.31, 478.11, 475.43
848.22, 476.01, 600.41
848.13, 473.91, 725.39
846.04, 603.07, 477.52
845.94, 600.97, 602.51
845.85, 598.87, 727.49
601.73, 351.62, 598.87
599.56, 351.22, 723.85
597.40, 350.82, 848.84
601.22, 476.62, 599.26
599.06, 476.22, 724.24
596.90, 475.82, 849.22
600.72, 601.62, 599.65
598.55, 601.22, 724.63
596.39, 600.82, 849.61
726.71, 352.12, 601.04
724.54, 351.72, 726.02
722.38, 351.32, 851.00
726.20, 477.12, 601.43
724.04, 476.72, 726.41
721.88, 476.32, 851.39
725.70, 602.11, 601.82
723.53, 601.72, 726.80
721.37, 601.32, 851.78
851.69, 352.61, 603.20
849.52, 352.22, 728.18
847.36, 351.82, 853.16
851.18, 477.61, 603.59
849.02, 477.22, 728.57
846.86, 476.82, 853.55
850.68, 602.61, 603.98
848.52, 602.21, 728.96
846.35, 601.82, 853.94
598.27, 476.02, 99.72
595.16, 478.55, 224.65
592.05, 481.09, 349.59
596.51, 600.98, 97.13
593.40, 603.52, 222.07
590.29, 606.05, 347.00
594.76, 725.94, 94.55
591.65, 728.48, 219.49
588.54, 731.02, 344.42
723.22, 477.83, 102.79
720.11, 480.37, 227.73
716.99, 482.91, 352.66
721.46, 602.79, 100.21
718.35, 605.33, 225.14
715.24, 607.87, 350.08
719.71, 727.76, 97.63
716.60, 730.29, 222.56
713.49, 732.83, 347.50
848.17, 479.65, 105.87
845.05, 482.19, 230.80
841.94, 484.73, 355.74
846.41, 604.61, 103.28
843.30, 607.15, 228.22
840.19, 609.69, 353.15
844.66, 729.57, 100.70
841.55, 732.11, 225.64
838.44, 734.65, 350.57
601.61, 474.61, 224.05
600.19, 473.64, 349.04
598.78, 472.67, 474.02
601.42, 599.61, 225.02
600.00, 598.64, 350.01
598.59, 597.66, 474.99
601.23, 724.61, 225.99
599.81, 723.63, 350.98
598.40, 722.66, 475.97
726.60, 474.79, 225.47
725.19, 473.82, 350.45
723.77, 472.85, 475.44
726.41, 599.79, 226.44
725.00, 598.82, 351.43
723.58, 597.84, 476.41
726.22, 724.79, 227.41
724.81, 723.81, 352.40
723.39, 722.84, 477.38
851.59, 474.97, 226.89
850.18, 474.00, 351.87
848.76, 473.03, 476.86
851.40, 599.97, 227.86
849.99, 599.00, 352.84
848.57, 598.02, 477.83
851.21, 724.96, 228.83
849.80, 723.99, 353.82
848.38, 723.02, 478.80
599.71, 475.51, 351.41
599.17, 472.89, 476.38
598.64, 470.27, 601.35
596.15, 600.43, 354.02
595.62, 597.81, 478.99
595.08, 595.19, 603.96
592.60, 725.35, 356.62
592.06, 722.73, 481.59
591.52, 720.11, 606.56
724.66, 479.05, 352.02
724.12, 476.43, 476.99
723.58, 473.81, 601.96
721.10, 603.98, 354.63
720.56, 601.35, 479.60
720.03, 598.73, 604.57
717.54, 728.90, 357.23
717.01, 726.28, 482.20
716.47, 723.65, 607.17
849.61, 482.60, 352.63
849.07, 479.98, 477.60
848.53, 477.36, 602.57
846.05, 607.52, 355.24
845.51, 604.90, 480.21
844.98, 602.28, 605.18
842.49, 732.44, 357.84
841.96, 729.82, 482.81
841.42, 727.20, 607.79
600.05, 474.05, 473.53
597.41, 473.37, 598.50
594.78, 472.68, 723.47
600.29, 599.05, 474.22
597.66, 598.37, 599.19
595.03, 597.68, 724.16
600.54, 724.05, 474.91
597.91, 723.36, 599.88
595.28, 722.68, 724.85
725.02, 473.79, 476.16
722.38, 473.11, 601.13
719.75, 472.42, 726.10
725.27, 598.79, 476.85
722.63, 598.10, 601.82
720.00, 597.42, 726.79
725.51, 723.79, 477.54
722.88, 723.10, 602.51
720.25, 722.42, 727.48
849.99, 473.53, 478.79
847.36, 472.84, 603.76
844.72, 472.16, 728.73
850.24, 598.53, 479.48
847.60, 597.84, 604.45
844.97, 597.16, 729.42
850.49, 723.52, 480.17
847.85, 722.84, 605.14
845.22, 722.15, 730.11
601.77, 474.71, 599.87
605.41, 473.50, 724.81
609.05, 472.28, 849.75
600.13, 599.69, 601.13
603.77, 598.48, 726.07
607.42, 597.27, 851.01
598.50, 724.68, 602.39
602.14, 723.46, 727.33
605.78, 722.25, 852.27
726.70, 476.38, 596.24
730.35, 475.17, 721.18
733.99, 473.95, 846.12
725.07, 601.36, 597.50
728.71, 600.15, 722.44
732.35, 598.94, 847.38
723.43, 726.35, 598.76
727.08, 725.13, 723.70
730.72, 723.92, 848.64
851.64, 478.05, 592.61
855.28, 476.84, 717.55
858.92, 475.62, 842.50
850.00, 603.03, 593.88
853.65, 601.82, 718.82
857.29, 600.61, 843.76
848.37, 728.02, 595.14
852.01, 726.80, 720.08
855.66, 725.59, 845.02
601.82, 600.85, 100.49
601.15, 603.70, 225.45
600.49, 606.55, 350.42
601.08, 725.82, 97.64
600.41, 728.67, 222.60
599.75, 731.51, 347.57
600.34, 850.79, 94.79
599.68, 853.63, 219.75
599.01, 856.48, 344.72
726.82, 601.61, 101.14
726.15, 604.45, 226.10
725.48, 607.30, 351.07
726.08, 726.57, 98.29
725.41, 729.42, 223.25
724.74, 732.27, 348.22
725.34, 851.54, 95.44
724.67, 854.38, 220.40
724.00, 857.23, 345.37
851.81, 602.36, 101.79
851.15, 605.21, 226.76
850.48, 608.05, 351.72
851.07, 727.33, 98.94
850.41, 730.17, 223.91
849.74, 733.02, 348.87
850.34, 852.29, 96.09
849.67, 855.14, 221.05
849.00, 857.98, 346.02
599.20, 598.13, 223.34
597.57, 598.03, 348.33
595.95, 597.93, 473.31
596.17, 723.09, 223.40
594.54, 722.99, 348.39
592.92, 722.89, 473.38
593.14, 848.05, 223.46
591.52, 847.95, 348.45
589.89, 847.85, 473.44
724.15, 601.16, 224.96
722.53, 601.05, 349.95
720.90, 600.95, 474.94
721.12, 726.12, 225.02
719.50, 726.02, 350.01
717.87, 725.92, 475.00
718.09, 851.08, 225.08
716.47, 850.98, 350.07
714.84, 850.88, 475.06
849.10, 604.18, 226.59
847.48, 604.08, 351.58
845.86, 603.98, 476.57
846.07, 729.15, 226.65
844.45, 729.05, 351.64
842.83, 728.95, 476.63
843.04, 854.11, 226.71
841.42, 854.01, 351.70
839.80, 853.91, 476.69
600.05, 598.07, 350.99
599.72, 600.12, 475.97
599.38, 602.18, 600.95
603.07, 723.02, 348.95
602.74, 725.07, 473.93
602.40, 727.12, 598.91
606.09, 847.97, 346.90
605.76, 850.02, 471.89
605.43, 852.07, 596.87
725.01, 595.06, 351.37
724.68, 597.11, 476.35
724.35, 599.16, 601.34
728.04, 720.01, 349.33
727.70, 722.06, 474.31
727.37, 724.11, 599.30
731.06, 844.95, 347.29
730.72, 847.00, 472.27
730.39, 849.05, 597.25
849.98, 592.04, 351.76
849.64, 594.09, 476.74
849.31, 596.14, 601.72
853.00, 716.99, 349.71
852.66, 719.04, 474.70
852.33, 721.09, 599.68
856.02, 841.94, 347.67
855.69, 843.99, 472.65
855.35, 846.04, 597.64
599.96, 599.54, 474.76
603.43, 601.45, 599.70
606.91, 603.37, 724.63
601.35, 724.51, 472.80
604.82, 726.43, 597.74
608.30, 728.35, 722.68
602.73, 849.49, 470.85
606.21, 851.41, 595.79
609.68, 853.32, 720.72
724.90, 598.10, 471.31
728.38, 600.01, 596.24
731.85, 601.93, 721.18
726.29, 723.07, 469.35
729.76, 724.99, 594.29
733.24, 726.91, 719.22
727.68, 848.05, 467.39
731.15, 849.97, 592.33
734.63, 851.88, 717.27
849.85, 596.66, 467.85
853.32, 598.57, 592.79
856.80, 600.49, 717.73
851.23, 721.63, 465.90
854.71, 723.55, 590.83
858.18, 725.47, 715.77
852.62, 846.61, 463.94
856.10, 848.53, 588.88
859.57, 850.44, 713.81
600.04, 599.22, 598.32
599.87, 598.89, 723.32
599.70, 598.57, 848.32
599.75, 724.22, 598.65
599.57, 723.89, 723.65
599.40, 723.57, 848.65
599.45, 849.22, 598.97
599.28, 848.89, 723.97
599.11, 848.57, 848.97
725.04, 599.51, 598.50
724.87, 599.19, 723.50
724.70, 598.86, 848.50
724.75, 724.51, 598.82
724.57, 724.19, 723.82
724.40, 723.86, 848.82
724.45, 849.51, 599.15
724.28, 849.19, 724.15
724.11, 848.86, 849.15
850.04, 599.81, 598.67
849.87, 599.48, 723.67
849.69, 599.16, 848.67
849.75, 724.81, 599.00
849.57, 724.48, 724.00
849.40, 724.16, 849.00
849.45, 849.81, 599.32
849.28, 849.48, 724.32
849.10, 849.16, 849.32
