27, 125, pa2-unknown-g-output1.txt
205.95, 205.79, 195.29
398.84, 408.57, 207.12
98.82, 100.24, 99.46
102.35, 97.23, 224.38
105.87, 94.22, 349.28
95.71, 225.16, 102.55
99.24, 222.16, 227.46
102.76, 219.15, 352.38
92.60, 350.08, 105.65
96.13, 347.08, 230.56
99.64, 344.08, 355.47
223.73, 103.44, 96.01
227.26, 100.44, 220.92
230.78, 97.43, 345.84
220.62, 228.35, 99.10
224.15, 225.36, 224.01
227.67, 222.35, 348.93
217.51, 353.29, 102.20
221.04, 350.28, 227.11
224.56, 347.28, 352.02
348.65, 106.63, 92.56
352.17, 103.63, 217.48
355.70, 100.63, 342.39
345.54, 231.56, 95.65
349.06, 228.55, 220.57
352.58, 225.55, 345.48
342.42, 356.48, 98.74
345.95, 353.48, 223.66
349.47, 350.47, 348.57
101.11, 99.43, 226.04
99.14, 98.27, 351.02
97.18, 97.10, 475.99
104.60, 224.38, 227.26
102.64, 223.21, 352.23
100.67, 222.06, 477.21
108.10, 349.32, 228.48
106.14, 348.16, 353.46
104.18, 346.99, 478.43
226.07, 95.91, 227.97
224.08, 94.74, 352.95
222.11, 93.59, 477.93
229.55, 220.86, 229.19
227.57, 219.70, 354.17
225.61, 218.53, 479.15
233.04, 345.81, 230.41
231.07, 344.64, 355.39
229.10, 343.48, 480.36
350.97, 92.41, 229.90
349.02, 91.24, 354.87
347.04, 90.07, 479.88
354.48, 217.35, 231.13
352.52, 216.17, 356.11
350.54, 215.02, 481.08
357.98, 342.29, 232.35
356.01, 341.12, 357.32
354.04, 339.96, 482.31
101.24, 101.03, 349.62
102.38, 102.83, 474.61
103.51, 104.65, 599.60
100.97, 226.01, 347.82
102.11, 227.82, 472.80
103.26, 229.63, 597.78
100.70, 351.00, 346.01
101.84, 352.81, 470.99
102.99, 354.62, 595.97
226.23, 101.28, 348.49
227.38, 103.09, 473.46
228.52, 104.90, 598.44
225.96, 226.27, 346.67
227.11, 228.07, 471.66
228.24, 229.89, 596.64
225.69, 351.25, 344.87
226.84, 353.06, 469.84
227.97, 354.87, 594.83
351.22, 101.52, 347.34
352.36, 103.34, 472.32
353.50, 105.15, 597.30
350.96, 226.52, 345.53
352.10, 228.33, 470.51
353.24, 230.14, 595.50
350.68, 351.51, 343.73
351.83, 353.32, 468.72
352.97, 355.13, 593.68
101.30, 98.92, 474.39
97.60, 96.74, 599.30
93.90, 94.54, 724.24
104.18, 223.87, 476.66
100.47, 221.68, 601.58
96.77, 219.49, 726.51
107.07, 348.81, 478.94
103.35, 346.63, 603.86
99.64, 344.44, 728.78
226.22, 95.98, 478.03
222.50, 93.80, 602.97
218.81, 91.60, 727.89
229.09, 220.92, 480.32
225.38, 218.74, 605.24
221.67, 216.54, 730.17
231.96, 345.88, 482.60
228.26, 343.68, 607.52
224.55, 341.49, 732.45
351.12, 93.03, 481.71
347.43, 90.85, 606.60
343.70, 88.65, 731.55
354.00, 217.99, 483.97
350.29, 215.79, 608.91
346.58, 213.61, 733.83
356.88, 342.93, 486.26
353.17, 340.74, 611.18
349.45, 338.55, 736.11
99.82, 100.65, 599.72
100.71, 102.02, 724.70
101.62, 103.37, 849.70
96.91, 225.62, 598.39
97.83, 226.96, 723.38
98.72, 228.33, 848.37
94.00, 350.57, 597.06
94.93, 351.93, 722.05
95.82, 353.28, 847.03
224.78, 103.55, 598.79
225.68, 104.91, 723.78
226.58, 106.26, 848.77
221.88, 228.51, 597.46
222.79, 229.86, 722.45
223.67, 231.21, 847.44
218.98, 353.46, 596.12
219.88, 354.81, 721.11
220.77, 356.17, 846.10
349.75, 106.44, 597.86
350.65, 107.79, 722.85
351.55, 109.16, 847.84
346.84, 231.40, 596.53
347.74, 232.75, 721.52
348.65, 234.11, 846.50
343.94, 356.36, 595.19
344.84, 357.70, 720.19
345.73, 359.06, 845.17
98.76, 225.01, 98.82
97.20, 223.65, 223.80
95.62, 222.29, 348.78
98.53, 350.00, 100.18
96.96, 348.65, 225.16
95.38, 347.29, 350.15
98.30, 475.00, 101.53
96.73, 473.64, 226.52
95.17, 472.27, 351.49
223.75, 225.23, 100.38
222.19, 223.87, 225.37
220.62, 222.51, 350.35
223.52, 350.22, 101.75
221.95, 348.87, 226.73
220.39, 347.50, 351.71
223.29, 475.21, 103.11
221.72, 473.85, 228.08
220.15, 472.50, 353.06
348.75, 225.45, 101.96
347.18, 224.09, 226.94
345.61, 222.73, 351.93
348.51, 350.44, 103.32
346.95, 349.08, 228.30
345.37, 347.73, 353.28
348.27, 475.44, 104.67
346.71, 474.07, 229.66
345.14, 472.71, 354.64
99.51, 225.18, 224.33
99.21, 228.16, 349.30
98.91, 231.13, 474.26
98.69, 350.14, 221.36
98.40, 353.12, 346.32
98.10, 356.09, 471.28
97.88, 475.11, 218.38
97.59, 478.08, 343.34
97.29, 481.06, 468.30
224.50, 226.00, 224.62
224.20, 228.98, 349.57
223.91, 231.95, 474.54
223.69, 350.96, 221.63
223.40, 353.93, 346.60
223.10, 356.91, 471.56
222.88, 475.92, 218.65
222.58, 478.90, 343.62
222.29, 481.87, 468.58
349.50, 226.81, 224.88
349.21, 229.79, 349.85
348.91, 232.77, 474.82
348.69, 351.78, 221.91
348.39, 354.76, 346.87
348.09, 357.73, 471.84
347.87, 476.75, 218.94
347.58, 479.71, 343.89
347.28, 482.69, 468.86
99.49, 224.68, 348.87
97.79, 227.42, 473.82
96.10, 230.17, 598.78
97.56, 349.64, 346.09
95.87, 352.38, 471.05
94.17, 355.12, 596.01
95.63, 474.59, 343.33
93.94, 477.33, 468.28
92.24, 480.07, 593.24
224.46, 226.64, 350.51
222.77, 229.38, 475.47
221.08, 232.13, 600.43
222.53, 351.60, 347.74
220.84, 354.35, 472.70
219.15, 357.08, 597.66
220.60, 476.56, 344.97
218.91, 479.29, 469.94
217.22, 482.03, 594.89
349.43, 228.61, 352.16
347.74, 231.35, 477.12
346.04, 234.09, 602.08
347.51, 353.56, 349.40
345.81, 356.30, 474.36
344.13, 359.05, 599.31
345.58, 478.52, 346.63
343.88, 481.27, 471.58
342.19, 484.00, 596.54
101.44, 224.03, 474.08
102.26, 221.05, 599.04
103.06, 218.09, 724.01
105.14, 348.94, 477.03
105.95, 345.96, 601.99
106.75, 342.99, 726.95
108.82, 473.87, 479.98
109.63, 470.88, 604.94
110.45, 467.90, 729.90
226.38, 220.36, 473.18
227.19, 217.39, 598.14
228.01, 214.41, 723.10
230.08, 345.28, 476.13
230.89, 342.29, 601.09
231.70, 339.32, 726.05
233.77, 470.17, 479.08
234.58, 467.20, 604.04
235.39, 464.23, 729.01
351.33, 216.69, 472.27
352.14, 213.70, 597.25
352.95, 210.73, 722.20
355.02, 341.59, 475.23
355.83, 338.62, 600.18
356.64, 335.64, 725.16
358.71, 466.51, 478.18
359.53, 463.52, 603.15
360.34, 460.56, 728.10
99.69, 223.64, 599.94
102.14, 221.81, 724.91
104.58, 219.98, 849.87
96.28, 348.59, 601.85
98.74, 346.75, 726.81
101.19, 344.91, 851.77
92.88, 473.52, 603.75
95.34, 471.70, 728.71
97.78, 469.84, 853.67
224.62, 227.09, 597.55
227.07, 225.25, 722.51
229.52, 223.43, 847.47
221.21, 352.02, 599.45
223.66, 350.19, 724.41
226.11, 348.36, 849.38
217.81, 476.97, 601.35
220.25, 475.13, 726.31
222.71, 473.29, 851.28
349.55, 230.53, 595.15
352.00, 228.70, 720.11
354.45, 226.88, 845.07
346.14, 355.47, 597.05
348.60, 353.63, 722.01
351.04, 351.81, 846.97
342.74, 480.41, 598.96
345.19, 478.58, 723.91
347.64, 476.74, 848.88
99.96, 348.54, 100.15
98.98, 352.10, 225.09
98.01, 355.68, 350.03
102.60, 473.46, 96.59
101.63, 477.02, 221.54
100.64, 480.59, 346.48
105.25, 598.38, 93.04
104.27, 601.95, 217.99
103.28, 605.52, 342.93
224.94, 345.93, 101.20
223.96, 349.50, 226.14
222.98, 353.07, 351.09
227.57, 470.85, 97.65
226.60, 474.42, 222.59
225.61, 477.99, 347.55
230.21, 595.77, 94.10
229.23, 599.34, 219.05
228.25, 602.92, 343.99
349.91, 343.31, 102.26
348.93, 346.89, 227.21
347.95, 350.47, 352.14
352.55, 468.24, 98.70
351.56, 471.81, 223.65
350.58, 475.38, 348.60
355.18, 593.16, 95.15
354.21, 596.73, 220.10
353.22, 600.31, 345.05
98.34, 351.33, 225.05
95.63, 347.63, 349.96
92.92, 343.94, 474.88
96.86, 476.27, 228.71
94.15, 472.57, 353.63
91.45, 468.87, 478.54
95.38, 601.20, 232.38
92.68, 597.51, 357.29
89.96, 593.81, 482.20
223.31, 352.72, 227.79
220.60, 349.03, 352.71
217.89, 345.35, 477.63
221.82, 477.67, 231.46
219.12, 473.97, 356.37
216.41, 470.28, 481.29
220.34, 602.61, 235.12
217.63, 598.90, 360.04
214.93, 595.21, 484.95
348.27, 354.13, 230.54
345.56, 350.44, 355.46
342.86, 346.74, 480.38
346.78, 479.07, 234.21
344.08, 475.37, 359.12
341.37, 471.68, 484.04
345.31, 604.00, 237.87
342.60, 600.31, 362.79
339.89, 596.62, 487.70
100.47, 350.83, 351.33
100.95, 349.55, 476.33
101.43, 348.28, 601.32
97.07, 475.77, 352.62
97.55, 474.50, 477.62
98.03, 473.22, 602.60
93.69, 600.73, 353.92
94.16, 599.44, 478.91
94.64, 598.17, 603.90
225.43, 354.22, 350.89
225.90, 352.96, 475.88
226.38, 351.67, 600.87
222.02, 479.18, 352.18
222.51, 477.90, 477.17
222.98, 476.62, 602.17
218.64, 604.12, 353.48
219.11, 602.85, 478.46
219.59, 601.57, 603.45
350.38, 357.63, 350.44
350.86, 356.34, 475.44
351.33, 355.08, 600.43
346.98, 482.57, 351.74
347.46, 481.30, 476.73
347.94, 480.02, 601.73
343.58, 607.52, 353.03
344.07, 606.24, 478.02
344.54, 604.96, 603.01
101.52, 348.97, 475.63
104.70, 350.84, 600.57
107.87, 352.70, 725.52
103.84, 473.95, 473.70
107.03, 475.81, 598.65
110.20, 477.67, 723.59
106.18, 598.90, 471.78
109.37, 600.77, 596.73
112.55, 602.64, 721.67
226.46, 346.60, 472.49
229.64, 348.46, 597.44
232.81, 350.33, 722.38
228.79, 471.56, 470.57
231.97, 473.43, 595.51
235.14, 475.29, 720.45
231.12, 596.52, 468.64
234.29, 598.39, 593.59
237.47, 600.25, 718.53
351.40, 344.22, 469.35
354.58, 346.09, 594.29
357.75, 347.95, 719.24
353.73, 469.18, 467.42
356.91, 471.05, 592.37
360.08, 472.92, 717.31
356.06, 594.14, 465.50
359.24, 596.01, 590.44
362.41, 597.88, 715.39
99.19, 350.55, 600.88
98.88, 350.93, 725.87
98.56, 351.29, 850.88
97.70, 475.54, 600.50
97.39, 475.91, 725.50
97.07, 476.28, 850.50
96.21, 600.52, 600.13
95.89, 600.90, 725.12
95.60, 601.27, 850.12
224.18, 352.03, 601.19
223.87, 352.41, 726.19
223.55, 352.78, 851.19
222.70, 477.03, 600.81
222.38, 477.40, 725.81
222.06, 477.77, 850.81
221.20, 602.02, 600.43
220.89, 602.38, 725.44
220.57, 602.76, 850.43
349.18, 353.52, 601.50
348.86, 353.89, 726.50
348.54, 354.27, 851.49
347.68, 478.51, 601.13
347.37, 478.89, 726.12
347.06, 479.25, 851.12
346.20, 603.50, 600.74
345.88, 603.88, 725.75
345.57, 604.25, 850.74
100.96, 473.86, 98.19
103.30, 473.90, 223.17
105.63, 473.94, 348.15
102.91, 598.84, 98.13
105.24, 598.88, 223.09
107.57, 598.92, 348.07
104.87, 723.83, 98.03
107.19, 723.87, 223.02
109.52, 723.90, 348.00
225.93, 471.91, 95.86
228.26, 471.94, 220.85
230.58, 471.99, 345.83
227.88, 596.89, 95.78
230.21, 596.93, 220.77
232.54, 596.97, 345.74
229.84, 721.87, 95.70
232.16, 721.92, 220.69
234.48, 721.96, 345.67
350.90, 469.94, 93.54
353.22, 470.00, 218.52
355.56, 470.03, 343.49
352.84, 594.94, 93.46
355.17, 594.97, 218.43
357.51, 595.02, 343.41
354.79, 719.92, 93.36
357.12, 719.96, 218.36
359.46, 720.01, 343.33
98.13, 476.44, 224.39
94.45, 480.23, 349.28
90.78, 484.01, 474.16
101.62, 601.34, 220.69
97.93, 605.13, 345.59
94.25, 608.91, 470.47
105.10, 726.24, 217.02
101.43, 730.02, 341.90
97.74, 733.80, 466.80
223.03, 473.06, 228.16
219.34, 476.86, 353.06
215.66, 480.64, 477.94
226.51, 597.97, 224.48
222.83, 601.75, 349.37
219.15, 605.54, 474.25
230.00, 722.86, 220.79
226.31, 726.65, 345.69
222.64, 730.43, 470.57
347.92, 469.70, 231.95
344.25, 473.48, 356.84
340.56, 477.28, 481.72
351.41, 594.59, 228.26
347.73, 598.38, 353.15
344.05, 602.17, 478.04
354.90, 719.49, 224.58
351.22, 723.27, 349.47
347.53, 727.07, 474.36
99.78, 474.34, 349.23
103.00, 477.33, 474.16
106.22, 480.31, 599.08
97.86, 599.29, 346.31
101.09, 602.28, 471.23
104.31, 605.26, 596.15
95.95, 724.24, 343.37
99.17, 727.23, 468.30
102.38, 730.21, 593.21
224.71, 476.18, 345.97
227.94, 479.16, 470.89
231.17, 482.15, 595.81
222.80, 601.13, 343.03
226.03, 604.12, 467.95
229.25, 607.09, 592.88
220.88, 726.09, 340.10
224.11, 729.07, 465.03
227.34, 732.05, 589.95
349.67, 478.02, 342.69
352.88, 481.01, 467.62
356.11, 483.98, 592.54
347.75, 602.98, 339.76
350.97, 605.96, 464.69
354.20, 608.94, 589.61
345.84, 727.92, 336.84
349.05, 730.91, 461.76
352.27, 733.89, 586.68
100.21, 473.49, 474.71
99.67, 472.45, 599.70
99.12, 471.44, 724.70
97.62, 598.45, 475.72
97.07, 597.43, 600.72
96.52, 596.41, 725.71
95.02, 723.43, 476.74
94.48, 722.40, 601.73
93.94, 721.38, 726.72
225.18, 476.07, 475.28
224.64, 475.04, 600.27
224.09, 474.03, 725.26
222.59, 601.04, 476.29
222.04, 600.01, 601.28
221.51, 598.99, 726.28
219.99, 726.00, 477.30
219.45, 724.99, 602.30
218.90, 723.96, 727.29
350.16, 478.66, 475.83
349.61, 477.63, 600.84
349.07, 476.62, 725.82
347.56, 603.63, 476.86
347.02, 602.60, 601.85
346.48, 601.58, 726.84
344.97, 728.60, 477.87
344.42, 727.57, 602.86
343.88, 726.55, 727.85
99.26, 476.00, 598.57
95.87, 478.97, 723.49
92.48, 481.94, 848.40
98.90, 600.96, 595.60
95.51, 603.93, 720.51
92.12, 606.89, 845.44
98.55, 725.93, 592.62
95.17, 728.90, 717.54
91.76, 731.85, 842.46
224.21, 476.44, 601.95
220.82, 479.40, 726.88
217.43, 482.37, 851.79
223.86, 601.40, 598.99
220.46, 604.37, 723.91
217.06, 607.33, 848.82
223.50, 726.37, 596.02
220.10, 729.34, 720.93
216.71, 732.30, 845.85
349.17, 476.87, 605.35
345.77, 479.83, 730.26
342.38, 482.80, 855.18
348.81, 601.84, 602.38
345.41, 604.80, 727.29
342.02, 607.76, 852.21
348.45, 726.80, 599.40
345.06, 729.77, 724.32
341.66, 732.73, 849.24
98.12, 601.05, 100.01
97.47, 597.44, 224.97
96.81, 593.83, 349.91
97.88, 726.00, 103.63
97.24, 722.38, 228.58
96.58, 718.77, 353.52
97.65, 850.95, 107.25
96.99, 847.32, 232.21
96.35, 843.73, 357.13
223.12, 601.27, 100.67
222.46, 597.66, 225.63
221.82, 594.04, 350.57
222.87, 726.23, 104.29
222.23, 722.61, 229.23
221.57, 718.99, 354.18
222.64, 851.17, 107.90
221.99, 847.55, 232.85
221.34, 843.94, 357.80
348.12, 601.49, 101.34
347.46, 597.88, 226.27
346.81, 594.27, 351.23
347.88, 726.44, 104.96
347.22, 722.83, 229.90
346.57, 719.20, 354.84
347.65, 851.37, 108.57
346.99, 847.77, 233.51
346.33, 844.15, 358.47
99.34, 598.04, 226.35
100.20, 595.77, 351.32
101.06, 593.50, 476.30
101.77, 722.99, 228.59
102.63, 720.72, 353.57
103.50, 718.46, 478.55
104.20, 847.96, 230.84
105.05, 845.67, 355.85
105.93, 843.40, 480.81
224.32, 595.63, 225.44
225.18, 593.36, 350.42
226.03, 591.10, 475.39
226.75, 720.58, 227.69
227.60, 718.32, 352.67
228.46, 716.05, 477.64
229.16, 845.54, 229.95
230.03, 843.28, 354.92
230.88, 841.00, 479.89
349.29, 593.21, 224.53
350.16, 590.96, 349.51
351.01, 588.68, 474.49
351.72, 718.17, 226.79
352.58, 715.90, 351.76
353.44, 713.64, 476.74
354.15, 843.12, 229.04
355.00, 840.85, 354.02
355.86, 838.60, 478.99
101.13, 601.83, 351.74
98.67, 600.06, 476.70
96.20, 598.29, 601.66
101.68, 726.81, 353.53
99.22, 725.05, 478.49
96.76, 723.27, 603.45
102.22, 851.79, 355.32
99.77, 850.03, 480.26
97.31, 848.26, 605.24
226.10, 601.24, 354.19
223.64, 599.46, 479.16
221.17, 597.70, 604.12
226.66, 726.22, 355.98
224.19, 724.45, 480.94
221.73, 722.68, 605.91
227.21, 851.21, 357.76
224.74, 849.44, 482.73
222.28, 847.67, 607.68
351.07, 600.65, 356.65
348.61, 598.88, 481.61
346.15, 597.11, 606.58
351.63, 725.63, 358.43
349.16, 723.87, 483.40
346.71, 722.09, 608.36
352.18, 850.62, 360.22
349.72, 848.84, 485.17
347.25, 847.08, 610.15
100.84, 599.38, 476.68
101.20, 598.89, 601.68
101.55, 598.40, 726.68
97.56, 724.34, 477.18
97.91, 723.84, 602.18
98.27, 723.36, 727.17
94.28, 849.30, 477.68
94.64, 848.79, 602.69
95.01, 848.31, 727.67
225.79, 602.66, 476.34
226.14, 602.16, 601.33
226.50, 601.67, 726.34
222.51, 727.61, 476.84
222.88, 727.12, 601.84
223.22, 726.63, 726.83
219.23, 852.57, 477.36
219.59, 852.06, 602.34
219.95, 851.58, 727.33
350.75, 605.93, 475.99
351.10, 605.44, 600.99
351.46, 604.94, 725.99
347.47, 730.89, 476.50
347.83, 730.40, 601.49
348.18, 729.91, 726.49
344.20, 855.83, 477.00
344.56, 855.36, 601.99
344.91, 854.86, 726.98
99.34, 600.70, 598.06
100.30, 597.24, 723.00
101.25, 593.77, 847.96
102.38, 725.62, 601.50
103.33, 722.15, 726.45
104.30, 718.69, 851.39
105.42, 850.54, 604.94
106.37, 847.06, 729.89
107.33, 843.60, 854.84
224.30, 597.68, 597.02
225.26, 594.21, 721.96
226.21, 590.74, 846.92
227.34, 722.59, 600.46
228.30, 719.13, 725.41
229.26, 715.66, 850.36
230.39, 847.51, 603.91
231.34, 844.04, 728.86
232.29, 840.57, 853.80
349.25, 594.66, 595.97
350.21, 591.20, 720.93
351.17, 587.73, 845.87
352.30, 719.58, 599.42
353.26, 716.11, 724.37
354.21, 712.64, 849.32
355.33, 844.49, 602.87
356.29, 841.02, 727.82
357.25, 837.57, 852.75
225.06, 101.78, 98.79
227.10, 98.18, 223.71
229.15, 94.60, 348.66
221.98, 226.70, 102.43
224.03, 223.10, 227.36
226.08, 219.52, 352.29
218.90, 351.60, 106.07
220.96, 348.01, 230.99
223.00, 344.43, 355.93
350.00, 104.91, 96.83
352.05, 101.32, 221.77
354.10, 97.73, 346.69
346.93, 229.81, 100.47
348.98, 226.23, 225.40
351.02, 222.65, 350.33
343.85, 354.73, 104.11
345.91, 351.14, 229.04
347.95, 347.55, 353.97
474.95, 108.05, 94.87
477.02, 104.45, 219.79
479.04, 100.86, 344.74
471.87, 232.95, 98.50
473.92, 229.37, 223.44
475.98, 225.77, 348.37
468.80, 357.86, 102.15
470.85, 354.27, 227.08
472.90, 350.68, 352.01
226.68, 101.96, 223.87
223.77, 98.37, 348.79
220.84, 94.79, 473.70
227.36, 226.89, 227.46
224.44, 223.31, 352.37
221.51, 219.74, 477.30
228.03, 351.84, 231.05
225.10, 348.26, 355.97
222.18, 344.69, 480.88
351.66, 101.19, 226.78
348.74, 97.62, 351.68
345.81, 94.04, 476.61
352.32, 226.14, 230.37
349.40, 222.56, 355.29
346.48, 218.99, 480.19
352.99, 351.09, 233.97
350.07, 347.51, 358.88
347.15, 343.93, 483.80
476.63, 100.44, 229.67
473.69, 96.87, 354.60
470.78, 93.28, 479.51
477.29, 225.39, 233.28
474.37, 221.81, 358.18
471.44, 218.24, 483.11
477.96, 350.34, 236.87
475.03, 346.76, 361.78
472.11, 343.18, 486.69
224.21, 100.82, 350.75
222.95, 104.19, 475.69
221.68, 107.56, 600.63
224.37, 225.78, 347.38
223.10, 229.14, 472.33
221.83, 232.52, 597.26
224.53, 350.73, 344.01
223.25, 354.10, 468.95
221.98, 357.47, 593.90
349.21, 100.70, 352.01
347.94, 104.07, 476.97
346.66, 107.44, 601.91
349.37, 225.65, 348.65
348.09, 229.03, 473.60
346.82, 232.40, 598.55
349.52, 350.61, 345.28
348.25, 353.98, 470.23
346.98, 357.35, 595.17
474.20, 100.59, 353.29
472.93, 103.95, 478.23
471.66, 107.32, 603.19
474.36, 225.53, 349.92
473.08, 228.90, 474.88
471.82, 232.27, 599.81
474.51, 350.49, 346.56
473.24, 353.86, 471.50
471.97, 357.23, 596.45
223.04, 99.70, 475.75
219.71, 97.31, 600.69
216.40, 94.91, 725.61
219.48, 224.63, 478.06
216.15, 222.23, 602.99
212.81, 219.84, 727.92
215.90, 349.56, 480.37
212.58, 347.16, 605.29
209.25, 344.76, 730.22
347.94, 103.21, 479.15
344.62, 100.81, 604.07
341.29, 98.40, 729.02
344.38, 228.14, 481.44
341.05, 225.74, 606.39
337.73, 223.33, 731.31
340.81, 353.06, 483.76
337.48, 350.67, 608.69
334.15, 348.26, 733.62
472.85, 106.72, 482.53
469.52, 104.30, 607.48
466.20, 101.91, 732.40
469.28, 231.64, 484.85
465.96, 229.24, 609.77
462.63, 226.84, 734.72
465.71, 356.56, 487.15
462.39, 354.17, 612.09
459.06, 351.76, 737.02
225.81, 100.71, 598.50
229.23, 97.77, 723.41
232.66, 94.83, 848.33
222.30, 225.63, 601.54
225.74, 222.68, 726.46
229.16, 219.73, 851.39
218.81, 350.55, 604.59
222.24, 347.60, 729.50
225.68, 344.64, 854.43
350.70, 104.29, 595.15
354.13, 101.34, 720.07
357.56, 98.39, 845.00
347.21, 229.20, 598.21
350.63, 226.26, 723.12
354.06, 223.31, 848.04
343.71, 354.12, 601.25
347.14, 351.17, 726.17
350.57, 348.22, 851.08
475.61, 107.86, 591.82
479.04, 104.91, 716.74
482.46, 101.96, 841.66
472.12, 232.78, 594.86
475.53, 229.83, 719.78
479.00, 226.88, 844.70
468.62, 357.70, 597.91
472.04, 354.74, 722.83
475.47, 351.80, 847.74
226.19, 226.72, 101.90
224.49, 229.19, 226.86
222.79, 231.66, 351.82
228.86, 351.67, 99.46
227.15, 354.14, 224.43
225.45, 356.61, 349.39
231.51, 476.62, 97.03
229.81, 479.09, 222.00
228.11, 481.56, 346.96
351.16, 224.10, 103.65
349.45, 226.57, 228.62
347.75, 229.04, 353.58
353.81, 349.05, 101.22
352.11, 351.52, 226.18
350.41, 353.99, 351.14
356.48, 474.00, 98.78
354.77, 476.46, 223.75
353.07, 478.93, 348.72
476.12, 221.48, 105.40
474.41, 223.95, 230.37
472.71, 226.41, 355.33
478.78, 346.43, 102.97
477.07, 348.90, 227.94
475.37, 351.36, 352.90
481.43, 471.38, 100.54
479.73, 473.84, 225.50
478.02, 476.31, 350.47
224.55, 223.22, 226.19
227.63, 222.15, 351.13
230.72, 221.07, 476.10
226.39, 348.21, 227.21
229.48, 347.12, 352.17
232.57, 346.06, 477.13
228.23, 473.19, 228.24
231.32, 472.11, 353.20
234.41, 471.03, 478.15
349.49, 221.40, 223.08
352.58, 220.33, 348.04
355.67, 219.26, 472.98
351.34, 346.39, 224.11
354.42, 345.31, 349.06
357.51, 344.23, 474.02
353.18, 471.37, 225.14
356.27, 470.30, 350.10
359.36, 469.23, 475.05
474.45, 219.59, 219.97
477.53, 218.51, 344.93
480.61, 217.44, 469.89
476.28, 344.57, 221.00
479.37, 343.50, 345.96
482.47, 342.42, 470.92
478.13, 469.55, 222.04
481.22, 468.48, 346.98
484.30, 467.40, 471.96
226.77, 225.40, 351.79
223.26, 222.29, 476.70
219.73, 219.19, 601.61
228.62, 350.34, 354.95
225.09, 347.24, 479.86
221.57, 344.14, 604.77
230.45, 475.29, 358.10
226.93, 472.18, 483.01
223.41, 469.09, 607.92
351.71, 223.47, 355.27
348.19, 220.37, 480.17
344.66, 217.26, 605.09
353.55, 348.42, 358.42
350.03, 345.31, 483.34
346.50, 342.22, 608.24
355.39, 473.35, 361.57
351.86, 470.27, 486.49
348.35, 467.16, 611.40
476.64, 221.54, 358.75
473.12, 218.44, 483.66
469.60, 215.34, 608.56
478.49, 346.49, 361.90
474.96, 343.39, 486.81
471.44, 340.28, 611.73
480.32, 471.43, 365.05
476.81, 468.33, 489.97
473.28, 465.23, 614.87
224.25, 224.92, 475.73
224.61, 225.65, 600.73
224.98, 226.39, 725.72
223.94, 349.92, 474.99
224.31, 350.64, 599.99
224.67, 351.39, 724.99
223.64, 474.90, 474.27
224.00, 475.65, 599.26
224.36, 476.38, 724.26
349.25, 225.22, 475.36
349.61, 225.95, 600.36
349.97, 226.68, 725.36
348.94, 350.22, 474.64
349.30, 350.95, 599.62
349.67, 351.68, 724.63
348.63, 475.22, 473.90
349.00, 475.95, 598.89
349.37, 476.68, 723.89
474.24, 225.52, 475.01
474.61, 226.25, 600.00
474.96, 226.99, 725.00
473.94, 350.51, 474.26
474.31, 351.25, 599.27
474.67, 351.98, 724.26
473.63, 475.51, 473.54
474.00, 476.24, 598.53
474.37, 476.99, 723.53
224.79, 225.58, 601.56
221.17, 226.64, 726.51
217.57, 227.68, 851.45
226.91, 350.55, 600.57
223.31, 351.61, 725.52
219.70, 352.67, 850.46
229.05, 475.53, 599.58
225.44, 476.59, 724.52
221.83, 477.65, 849.46
349.71, 223.47, 605.19
346.10, 224.53, 730.13
342.49, 225.56, 855.08
351.85, 348.46, 604.19
348.24, 349.50, 729.14
344.64, 350.56, 854.09
353.98, 473.43, 603.21
350.37, 474.49, 728.15
346.77, 475.54, 853.09
474.64, 221.37, 608.82
471.03, 222.42, 733.77
467.39, 223.47, 858.71
476.78, 346.35, 607.83
473.16, 347.41, 732.77
469.56, 348.44, 857.72
478.90, 471.32, 606.83
475.30, 472.37, 731.78
471.71, 473.43, 856.72
224.03, 349.00, 100.16
220.70, 352.08, 225.09
217.37, 355.18, 350.01
222.43, 473.95, 97.03
219.09, 477.03, 221.94
215.75, 480.14, 346.86
220.83, 598.90, 93.89
217.49, 601.99, 218.81
214.16, 605.08, 343.73
348.97, 350.68, 103.47
345.64, 353.77, 228.38
342.31, 356.87, 353.29
347.37, 475.63, 100.32
344.04, 478.73, 225.24
340.70, 481.81, 350.16
345.77, 600.58, 97.19
342.44, 603.67, 222.10
339.09, 606.77, 347.02
473.92, 352.38, 106.75
470.59, 355.45, 231.67
467.26, 358.55, 356.58
472.31, 477.32, 103.61
468.99, 480.41, 228.53
465.65, 483.50, 353.45
470.72, 602.26, 100.48
467.38, 605.37, 225.39
464.05, 608.45, 350.31
226.03, 350.87, 223.37
226.11, 353.92, 348.34
226.18, 356.99, 473.29
228.30, 475.80, 220.32
228.37, 478.87, 345.28
228.44, 481.92, 470.25
230.56, 600.76, 217.27
230.64, 603.81, 342.23
230.70, 606.86, 467.19
351.02, 348.60, 223.36
351.08, 351.66, 348.32
351.16, 354.71, 473.29
353.27, 473.55, 220.31
353.35, 476.60, 345.27
353.42, 479.66, 470.23
355.55, 598.49, 217.25
355.62, 601.54, 342.21
355.68, 604.59, 467.17
475.99, 346.34, 223.34
476.06, 349.40, 348.31
476.14, 352.45, 473.27
478.26, 471.28, 220.29
478.33, 474.34, 345.25
478.40, 477.39, 470.22
480.53, 596.23, 217.23
480.59, 599.28, 342.20
480.67, 602.34, 467.15
225.01, 349.43, 349.03
221.53, 352.15, 473.94
218.05, 354.88, 598.87
227.24, 474.39, 346.37
223.76, 477.11, 471.29
220.28, 479.83, 596.21
229.48, 599.34, 343.71
226.00, 602.06, 468.64
222.51, 604.78, 593.55
349.94, 347.28, 352.55
346.46, 349.99, 477.48
342.98, 352.72, 602.39
352.18, 472.23, 349.90
348.70, 474.95, 474.82
345.22, 477.67, 599.74
354.41, 597.18, 347.24
350.92, 599.90, 472.16
347.45, 602.63, 597.08
474.87, 345.13, 356.08
471.39, 347.84, 481.00
467.91, 350.56, 605.93
477.11, 470.07, 353.42
473.63, 472.79, 478.35
470.14, 475.51, 603.26
479.35, 595.02, 350.76
475.86, 597.75, 475.69
472.37, 600.46, 600.61
225.23, 349.43, 474.61
224.99, 347.40, 599.60
224.75, 345.36, 724.58
223.81, 474.41, 476.65
223.56, 472.37, 601.63
223.33, 470.33, 726.61
222.39, 599.38, 478.69
222.14, 597.35, 603.67
221.90, 595.31, 728.65
350.23, 350.85, 474.88
349.99, 348.82, 599.86
349.74, 346.78, 724.85
348.80, 475.84, 476.91
348.56, 473.80, 601.89
348.32, 471.76, 726.87
347.37, 600.80, 478.95
347.13, 598.77, 603.93
346.89, 596.73, 728.91
475.22, 352.28, 475.15
474.98, 350.24, 600.13
474.73, 348.20, 725.11
473.80, 477.25, 477.19
473.55, 475.21, 602.16
473.30, 473.18, 727.15
472.37, 602.22, 479.21
472.13, 600.19, 604.20
471.88, 598.15, 729.18
223.33, 351.73, 598.02
224.96, 352.01, 723.01
226.57, 352.28, 847.99
220.98, 476.72, 597.78
222.60, 476.99, 722.77
224.21, 477.25, 847.76
218.61, 601.69, 597.55
220.23, 601.96, 722.54
221.86, 602.23, 847.53
348.30, 354.09, 596.39
349.92, 354.35, 721.39
351.53, 354.64, 846.37
345.94, 479.06, 596.16
347.56, 479.34, 721.15
349.18, 479.61, 846.14
343.58, 604.04, 595.92
345.20, 604.32, 720.91
346.82, 604.59, 845.90
473.26, 356.44, 594.78
474.89, 356.71, 719.77
476.50, 356.99, 844.76
470.91, 481.42, 594.54
472.53, 481.69, 719.53
474.14, 481.96, 844.51
468.55, 606.40, 594.30
470.17, 606.67, 719.29
471.79, 606.94, 844.28
223.49, 474.74, 100.39
221.08, 474.47, 225.36
218.67, 474.19, 350.33
219.86, 599.70, 100.59
217.46, 599.42, 225.56
215.06, 599.13, 350.55
216.25, 724.64, 100.81
213.84, 724.36, 225.78
211.43, 724.08, 350.76
348.40, 478.37, 102.79
346.00, 478.08, 227.77
343.59, 477.80, 352.75
344.79, 603.30, 103.01
342.38, 603.03, 227.98
339.97, 602.75, 352.96
341.18, 728.25, 103.22
338.76, 727.98, 228.20
336.35, 727.68, 353.17
473.33, 481.99, 105.21
470.93, 481.70, 230.19
468.52, 481.41, 355.16
469.72, 606.93, 105.42
467.30, 606.64, 230.39
464.90, 606.36, 355.37
466.11, 731.86, 105.65
463.69, 731.59, 230.61
461.28, 731.31, 355.58
225.86, 474.25, 223.62
223.03, 475.08, 348.58
220.21, 475.90, 473.54
228.44, 599.22, 222.85
225.62, 600.05, 347.82
222.78, 600.88, 472.79
231.03, 724.19, 222.08
228.20, 725.01, 347.06
225.37, 725.84, 472.01
350.80, 471.68, 226.46
347.97, 472.51, 351.43
345.14, 473.34, 476.40
353.39, 596.66, 225.70
350.55, 597.48, 350.66
347.72, 598.31, 475.63
355.96, 721.63, 224.93
353.14, 722.45, 349.89
350.30, 723.28, 474.86
475.74, 469.12, 229.31
472.91, 469.95, 354.28
470.08, 470.78, 479.24
478.33, 594.10, 228.55
475.50, 594.92, 353.51
472.67, 595.75, 478.47
480.92, 719.05, 227.77
478.07, 719.90, 352.74
475.25, 720.71, 477.71
226.87, 474.79, 349.51
224.77, 476.39, 474.49
222.67, 478.00, 599.45
229.48, 599.75, 347.95
227.36, 601.36, 472.92
225.26, 602.97, 597.89
232.08, 724.72, 346.39
229.96, 726.31, 471.36
227.87, 727.93, 596.33
351.82, 472.21, 351.66
349.72, 473.82, 476.62
347.61, 475.43, 601.60
354.43, 597.18, 350.09
352.33, 598.78, 475.05
350.21, 600.39, 600.03
357.04, 722.13, 348.52
354.92, 723.75, 473.50
352.81, 725.35, 598.46
476.78, 469.63, 353.78
474.67, 471.24, 478.77
472.57, 472.85, 603.73
479.39, 594.59, 352.23
477.28, 596.21, 477.20
475.18, 597.81, 602.17
481.98, 719.57, 350.66
479.88, 721.16, 475.64
477.77, 722.78, 600.61
225.59, 476.44, 476.31
222.80, 473.28, 601.23
220.01, 470.12, 726.16
224.99, 601.40, 479.47
222.20, 598.24, 604.39
219.42, 595.08, 729.32
224.39, 726.36, 482.62
221.61, 723.20, 607.55
218.83, 720.03, 732.47
350.55, 476.98, 479.10
347.77, 473.80, 604.04
344.98, 470.64, 728.96
349.96, 601.93, 482.27
347.17, 598.76, 607.19
344.38, 595.59, 732.12
349.36, 726.89, 485.41
346.57, 723.72, 610.35
343.80, 720.56, 735.27
475.52, 477.50, 481.90
472.73, 474.33, 606.83
469.95, 471.16, 731.77
474.92, 602.46, 485.06
472.13, 599.30, 609.99
469.35, 596.12, 734.92
474.33, 727.41, 488.21
471.54, 724.25, 613.14
468.75, 721.08, 738.07
224.20, 473.85, 598.88
223.04, 470.52, 723.84
221.88, 467.18, 848.79
220.96, 598.77, 602.19
219.81, 595.43, 727.14
218.65, 592.10, 852.09
217.74, 723.68, 605.50
216.57, 720.35, 730.44
215.41, 717.01, 855.38
349.15, 477.05, 600.14
347.99, 473.72, 725.08
346.84, 470.38, 850.03
345.92, 601.97, 603.44
344.76, 598.63, 728.39
343.61, 595.31, 853.33
342.68, 726.88, 606.75
341.53, 723.55, 731.69
340.37, 720.22, 856.63
474.10, 480.25, 601.38
472.95, 476.92, 726.34
471.79, 473.59, 851.27
470.87, 605.17, 604.69
469.71, 601.83, 729.63
468.56, 598.50, 854.58
467.64, 730.08, 607.98
466.48, 726.75, 732.94
465.33, 723.44, 857.87
226.80, 601.22, 98.41
225.81, 603.31, 223.40
224.83, 605.41, 348.37
227.93, 726.19, 96.33
226.94, 728.29, 221.31
225.96, 730.39, 346.29
229.06, 851.17, 94.24
228.07, 853.27, 219.22
227.10, 855.37, 344.19
351.79, 600.11, 99.42
350.80, 602.20, 224.39
349.82, 604.30, 349.38
352.92, 725.09, 97.32
351.93, 727.19, 222.31
350.95, 729.27, 347.29
354.04, 850.07, 95.24
353.07, 852.16, 220.22
352.07, 854.27, 345.20
476.78, 599.00, 100.41
475.79, 601.10, 225.40
474.82, 603.19, 350.37
477.90, 723.98, 98.33
476.92, 726.06, 223.31
475.94, 728.18, 348.28
479.03, 848.96, 96.24
478.04, 851.06, 221.22
477.07, 853.14, 346.20
224.80, 598.90, 226.64
228.01, 595.17, 351.54
231.22, 591.44, 476.45
227.88, 723.80, 230.29
231.09, 720.08, 355.20
234.30, 716.35, 480.09
230.94, 848.72, 233.95
234.16, 844.99, 358.84
237.37, 841.26, 483.75
349.72, 595.91, 223.33
352.94, 592.19, 348.24
356.15, 588.46, 473.14
352.79, 720.84, 226.98
356.01, 717.09, 351.88
359.22, 713.37, 476.79
355.87, 845.74, 230.63
359.08, 842.00, 355.55
362.30, 838.28, 480.43
474.63, 592.95, 220.03
477.85, 589.21, 344.93
481.07, 585.48, 469.83
477.72, 717.84, 223.67
480.93, 714.13, 348.58
484.14, 710.39, 473.48
480.79, 842.76, 227.33
484.01, 839.03, 352.23
487.21, 835.31, 477.15
223.93, 599.30, 351.64
227.11, 598.99, 476.60
230.27, 598.69, 601.56
221.90, 724.28, 352.00
225.07, 723.97, 476.96
228.24, 723.67, 601.92
219.88, 849.26, 352.36
223.04, 848.95, 477.33
226.21, 848.65, 602.28
348.87, 601.34, 348.48
352.05, 601.02, 473.43
355.22, 600.72, 598.40
346.85, 726.32, 348.83
350.02, 726.02, 473.80
353.19, 725.70, 598.75
344.81, 851.30, 349.20
347.99, 850.99, 474.15
351.15, 850.69, 599.11
473.82, 603.37, 345.31
476.99, 603.07, 470.27
480.16, 602.76, 595.23
471.78, 728.36, 345.66
474.96, 728.04, 470.63
478.13, 727.75, 595.58
469.76, 853.33, 346.03
472.92, 853.04, 470.98
476.10, 852.72, 595.94
223.72, 599.45, 473.27
224.48, 600.29, 598.27
225.24, 601.12, 723.26
226.96, 724.41, 472.43
227.73, 725.24, 597.42
228.48, 726.08, 722.41
230.20, 849.37, 471.59
230.96, 850.19, 596.56
231.72, 851.03, 721.56
348.68, 596.21, 472.54
349.44, 597.04, 597.52
350.20, 597.87, 722.52
351.91, 721.16, 471.69
352.67, 722.00, 596.68
353.44, 722.83, 721.67
355.16, 846.12, 470.83
355.92, 846.96, 595.83
356.68, 847.78, 720.83
473.63, 592.97, 471.80
474.39, 593.80, 596.79
475.16, 594.63, 721.78
476.87, 717.91, 470.95
477.63, 718.75, 595.94
478.39, 719.58, 720.94
480.10, 842.88, 470.10
480.87, 843.70, 595.10
481.64, 844.54, 720.08
223.64, 600.18, 598.67
223.83, 601.55, 723.67
224.02, 602.90, 848.66
221.33, 725.15, 597.32
221.51, 726.52, 722.31
221.70, 727.87, 847.31
219.00, 850.12, 595.97
219.19, 851.49, 720.96
219.37, 852.85, 845.95
348.63, 602.50, 598.46
348.81, 603.86, 723.46
349.00, 605.22, 848.45
346.30, 727.47, 597.11
346.50, 728.83, 722.10
346.68, 730.18, 847.10
343.99, 852.44, 595.76
344.17, 853.79, 720.74
344.36, 855.16, 845.74
473.60, 604.81, 598.26
473.79, 606.17, 723.25
473.97, 607.53, 848.24
471.28, 729.79, 596.90
471.47, 731.15, 721.90
471.66, 732.50, 846.88
468.96, 854.76, 595.54
469.14, 856.13, 720.52
469.33, 857.47, 845.53
350.91, 98.53, 101.84
354.63, 99.43, 226.79
358.33, 100.33, 351.73
352.45, 223.51, 100.90
356.16, 224.42, 225.83
359.87, 225.32, 350.78
353.99, 348.50, 99.95
357.70, 349.40, 224.89
361.41, 350.30, 349.83
475.85, 96.95, 98.15
479.55, 97.86, 223.09
483.27, 98.77, 348.03
477.38, 221.95, 97.19
481.10, 222.85, 222.14
484.81, 223.76, 347.07
478.93, 346.93, 96.24
482.64, 347.84, 221.19
486.34, 348.74, 346.13
600.79, 95.39, 94.44
604.49, 96.29, 219.40
608.21, 97.20, 344.33
602.32, 220.38, 93.51
606.04, 221.28, 218.44
609.74, 222.19, 343.38
603.86, 345.37, 92.54
607.57, 346.28, 217.49
611.29, 347.17, 342.43
349.76, 101.34, 225.16
350.82, 98.87, 350.13
351.89, 96.40, 475.10
353.09, 226.27, 227.60
354.15, 223.80, 352.58
355.22, 221.33, 477.54
356.43, 351.21, 230.04
357.49, 348.74, 355.01
358.55, 346.26, 479.99
474.69, 98.03, 224.03
475.78, 95.56, 349.00
476.85, 93.08, 473.96
478.04, 222.96, 226.47
479.11, 220.49, 351.44
480.17, 218.02, 476.41
481.37, 347.89, 228.91
482.44, 345.42, 353.88
483.50, 342.95, 478.85
599.66, 94.71, 222.92
600.73, 92.23, 347.87
601.79, 89.78, 472.83
603.00, 219.65, 225.34
604.05, 217.19, 350.31
605.13, 214.70, 475.28
606.33, 344.59, 227.79
607.39, 342.11, 352.76
608.45, 339.64, 477.72
348.44, 100.85, 349.79
349.09, 98.13, 474.77
349.75, 95.43, 599.72
345.87, 225.79, 352.53
346.52, 223.08, 477.48
347.17, 220.37, 602.47
343.30, 350.74, 355.25
343.96, 348.03, 480.22
344.61, 345.31, 605.18
473.40, 103.43, 349.20
474.06, 100.72, 474.16
474.70, 98.00, 599.14
470.85, 228.37, 351.93
471.48, 225.67, 476.90
472.15, 222.94, 601.86
468.27, 353.32, 354.66
468.92, 350.60, 479.63
469.57, 347.89, 604.60
598.38, 106.02, 348.60
599.02, 103.30, 473.59
599.69, 100.58, 598.54
595.81, 230.96, 351.33
596.47, 228.24, 476.31
597.11, 225.52, 601.27
593.24, 355.90, 354.07
593.89, 353.19, 479.02
594.55, 350.47, 604.00
348.82, 99.55, 476.09
349.23, 100.44, 601.08
349.63, 101.34, 726.08
352.37, 224.51, 475.18
352.77, 225.39, 600.18
353.18, 226.28, 725.18
355.91, 349.45, 474.28
356.32, 350.34, 599.28
356.72, 351.23, 724.28
473.78, 96.01, 475.70
474.16, 96.89, 600.71
474.58, 97.79, 725.69
477.31, 220.96, 474.81
477.73, 221.85, 599.80
478.12, 222.73, 724.80
480.86, 345.90, 473.91
481.26, 346.79, 598.91
481.67, 347.68, 723.90
598.71, 92.47, 475.33
599.12, 93.35, 600.33
599.51, 94.24, 725.32
602.27, 217.40, 474.44
602.66, 218.30, 599.42
603.07, 219.18, 724.44
605.81, 342.36, 473.53
606.22, 343.23, 598.53
606.62, 344.13, 723.52
348.78, 101.75, 600.37
346.14, 99.38, 725.32
343.51, 96.99, 850.27
345.63, 226.69, 602.69
343.00, 224.32, 727.63
340.35, 221.94, 852.58
342.49, 351.63, 604.99
339.85, 349.25, 729.94
337.23, 346.87, 854.89
473.71, 104.85, 603.07
471.08, 102.48, 728.02
468.44, 100.09, 852.97
470.57, 229.79, 605.38
467.92, 227.42, 730.33
465.28, 225.04, 855.28
467.41, 354.73, 607.69
464.77, 352.35, 732.63
462.16, 349.96, 857.59
598.65, 107.95, 605.76
596.00, 105.57, 730.71
593.37, 103.18, 855.67
595.49, 232.89, 608.07
592.87, 230.51, 733.03
590.21, 228.15, 857.97
592.35, 357.82, 610.38
589.71, 355.46, 735.33
587.09, 353.06, 860.28
350.30, 223.12, 100.39
352.86, 222.69, 225.36
355.43, 222.25, 350.33
350.75, 348.12, 100.81
353.31, 347.69, 225.79
355.87, 347.25, 350.75
351.20, 473.11, 101.23
353.76, 472.69, 226.21
356.33, 472.25, 351.17
475.27, 222.68, 97.82
477.84, 222.25, 222.79
480.40, 221.81, 347.76
475.73, 347.68, 98.24
478.29, 347.24, 223.22
480.86, 346.82, 348.19
476.17, 472.67, 98.67
478.74, 472.24, 223.64
481.29, 471.81, 348.61
600.24, 222.24, 95.26
602.81, 221.80, 220.23
605.37, 221.37, 345.20
600.69, 347.24, 95.68
603.26, 346.81, 220.65
605.82, 346.36, 345.63
601.15, 472.23, 96.10
603.71, 471.80, 221.07
606.27, 471.37, 346.05
349.90, 224.17, 224.71
350.78, 222.84, 349.70
351.67, 221.51, 474.68
349.18, 349.16, 226.05
350.07, 347.83, 351.03
350.95, 346.49, 476.03
348.46, 474.15, 227.39
349.35, 472.82, 352.37
350.23, 471.49, 477.36
474.89, 224.90, 223.84
475.78, 223.56, 348.82
476.66, 222.23, 473.82
474.18, 349.89, 225.17
475.06, 348.56, 350.16
475.95, 347.22, 475.15
473.46, 474.87, 226.50
474.34, 473.55, 351.50
475.22, 472.22, 476.48
599.89, 225.61, 222.97
600.77, 224.29, 347.95
601.66, 222.95, 472.95
599.17, 350.62, 224.29
600.06, 349.28, 349.29
600.93, 347.96, 474.27
598.46, 475.60, 225.63
599.34, 474.27, 350.63
600.23, 472.93, 475.62
350.91, 225.39, 350.41
353.22, 224.45, 475.37
355.54, 223.50, 600.35
351.25, 350.39, 351.34
353.57, 349.44, 476.32
355.88, 348.50, 601.29
351.60, 475.39, 352.29
353.91, 474.44, 477.25
356.23, 473.49, 602.23
475.88, 225.07, 348.08
478.19, 224.12, 473.06
480.52, 223.18, 598.03
476.23, 350.07, 349.03
478.55, 349.12, 473.99
480.86, 348.18, 598.98
476.57, 475.06, 349.96
478.88, 474.12, 474.94
481.21, 473.16, 599.91
600.86, 224.74, 345.76
603.18, 223.79, 470.74
605.49, 222.85, 595.71
601.21, 349.73, 346.71
603.52, 348.79, 471.68
605.85, 347.84, 596.65
601.55, 474.74, 347.65
603.87, 473.78, 472.62
606.18, 472.84, 597.59
348.86, 225.88, 474.50
347.06, 223.08, 599.46
345.27, 220.28, 724.41
348.83, 350.84, 477.30
347.03, 348.06, 602.25
345.24, 345.25, 727.21
348.81, 475.82, 480.10
347.00, 473.01, 605.06
345.21, 470.23, 730.02
473.84, 225.86, 476.30
472.05, 223.06, 601.26
470.24, 220.27, 726.21
473.81, 350.84, 479.10
472.02, 348.03, 604.06
470.23, 345.23, 729.01
473.79, 475.80, 481.91
471.99, 473.00, 606.85
470.20, 470.20, 731.82
598.84, 225.85, 478.10
597.03, 223.05, 603.05
595.23, 220.24, 728.02
598.80, 350.82, 480.89
597.01, 348.01, 605.86
595.21, 345.23, 730.81
598.79, 475.78, 483.70
596.98, 472.99, 608.65
595.19, 470.18, 733.61
350.32, 226.03, 600.59
347.86, 229.63, 725.51
345.39, 233.23, 850.44
348.46, 350.97, 596.95
346.00, 354.56, 721.87
343.53, 358.17, 846.79
346.60, 475.90, 593.32
344.13, 479.50, 718.24
341.67, 483.09, 843.16
475.29, 227.97, 603.00
472.81, 231.56, 727.92
470.36, 235.16, 852.84
473.42, 352.90, 599.36
470.96, 356.50, 724.29
468.49, 360.09, 849.21
471.56, 477.83, 595.73
469.09, 481.43, 720.65
466.63, 485.03, 845.57
600.24, 229.90, 605.40
597.79, 233.49, 730.34
595.31, 237.10, 855.26
598.39, 354.83, 601.78
595.92, 358.43, 726.70
593.46, 362.02, 851.62
596.53, 479.77, 598.14
594.06, 483.36, 723.06
591.60, 486.97, 847.99
348.16, 348.44, 98.42
351.47, 349.16, 223.38
354.78, 349.90, 348.32
350.17, 473.41, 97.64
353.47, 474.15, 222.59
356.78, 474.88, 347.54
352.17, 598.40, 96.85
355.48, 599.12, 221.80
358.77, 599.86, 346.76
473.11, 346.41, 95.12
476.41, 347.15, 220.08
479.72, 347.88, 345.04
475.11, 471.38, 94.34
478.42, 472.13, 219.30
481.71, 472.86, 344.25
477.10, 596.37, 93.55
480.41, 597.12, 218.52
483.72, 597.83, 343.47
598.04, 344.41, 91.83
601.36, 345.14, 216.79
604.65, 345.85, 341.75
600.05, 469.39, 91.06
603.35, 470.11, 216.00
606.66, 470.84, 340.96
602.05, 594.36, 90.27
605.36, 595.09, 215.22
608.66, 595.82, 340.18
349.93, 349.23, 224.24
352.59, 349.95, 349.21
355.25, 350.67, 474.18
353.31, 474.19, 223.45
355.97, 474.89, 348.42
358.63, 475.63, 473.39
356.69, 599.12, 222.65
359.35, 599.86, 347.63
362.01, 600.57, 472.60
474.86, 345.83, 221.60
477.53, 346.56, 346.57
480.18, 347.27, 471.54
478.25, 470.79, 220.81
480.89, 471.51, 345.78
483.55, 472.23, 470.76
481.61, 595.74, 220.02
484.27, 596.46, 344.99
486.93, 597.18, 469.96
599.79, 342.45, 218.97
602.44, 343.16, 343.94
605.10, 343.89, 468.90
603.16, 467.40, 218.17
605.82, 468.12, 343.14
608.48, 468.83, 468.12
606.54, 592.34, 217.38
609.20, 593.07, 342.35
611.85, 593.79, 467.32
350.35, 348.46, 350.05
351.38, 347.62, 475.05
352.41, 346.79, 600.04
347.75, 473.42, 350.91
348.78, 472.59, 475.90
349.82, 471.76, 600.90
345.16, 598.39, 351.77
346.19, 597.56, 476.76
347.23, 596.73, 601.76
475.32, 351.06, 349.04
476.35, 350.22, 474.04
477.38, 349.39, 599.03
472.72, 476.02, 349.89
473.75, 475.19, 474.90
474.79, 474.36, 599.88
470.13, 600.99, 350.76
471.16, 600.16, 475.74
472.19, 599.32, 600.74
600.28, 353.65, 348.03
601.31, 352.82, 473.02
602.35, 351.98, 598.01
597.69, 478.63, 348.88
598.72, 477.78, 473.88
599.75, 476.95, 598.86
595.10, 603.59, 349.73
596.12, 602.76, 474.73
597.16, 601.92, 599.73
348.30, 351.62, 476.30
346.93, 354.48, 601.24
345.57, 357.34, 726.22
350.95, 476.56, 473.46
349.59, 479.42, 598.42
348.24, 482.28, 723.38
353.61, 601.49, 470.64
352.26, 604.36, 595.60
350.89, 607.21, 720.56
473.26, 348.99, 477.71
471.90, 351.85, 602.68
470.53, 354.70, 727.63
475.92, 473.93, 474.89
474.56, 476.79, 599.84
473.20, 479.65, 724.81
478.57, 598.88, 472.06
477.21, 601.72, 597.01
475.86, 604.58, 721.97
598.22, 346.36, 479.12
596.87, 349.22, 604.10
595.50, 352.08, 729.05
600.88, 471.29, 476.31
599.52, 474.17, 601.26
598.16, 477.01, 726.23
603.54, 596.24, 473.48
602.19, 599.09, 598.44
600.82, 601.96, 723.39
350.52, 350.56, 599.69
347.37, 351.30, 724.65
344.21, 352.04, 849.60
351.95, 475.55, 598.99
348.79, 476.30, 723.94
345.62, 477.03, 848.90
353.36, 600.54, 598.28
350.19, 601.28, 723.24
347.04, 602.03, 848.20
475.47, 349.16, 602.87
472.32, 349.90, 727.82
469.16, 350.65, 852.78
476.90, 474.15, 602.16
473.73, 474.89, 727.12
470.58, 475.63, 852.06
478.31, 599.14, 601.46
475.14, 599.88, 726.41
472.00, 600.63, 851.37
600.43, 347.76, 606.03
597.27, 348.51, 730.99
594.12, 349.24, 855.95
601.84, 472.76, 605.33
598.68, 473.49, 730.29
595.53, 474.24, 855.23
603.27, 597.74, 604.62
600.10, 598.50, 729.58
596.96, 599.22, 854.52
350.17, 476.58, 101.72
350.22, 479.29, 226.70
350.29, 482.01, 351.66
353.83, 601.48, 99.00
353.89, 604.21, 223.97
353.95, 606.93, 348.94
357.49, 726.41, 96.27
357.55, 729.13, 221.26
357.61, 731.84, 346.22
475.12, 472.92, 101.74
475.18, 475.64, 226.70
475.24, 478.36, 351.67
478.78, 597.83, 99.01
478.84, 600.56, 223.98
478.90, 603.28, 348.96
482.42, 722.75, 96.29
482.50, 725.46, 221.27
482.55, 728.20, 346.23
600.06, 469.26, 101.75
600.12, 471.98, 226.72
600.18, 474.70, 351.69
603.71, 594.18, 99.03
603.78, 596.89, 224.01
603.84, 599.62, 348.97
607.37, 719.09, 96.32
607.44, 721.82, 221.28
607.50, 724.53, 346.25
351.21, 474.47, 224.23
353.77, 473.54, 349.21
356.34, 472.62, 474.17
352.77, 599.46, 225.13
355.34, 598.53, 350.10
357.89, 597.60, 475.07
354.33, 724.44, 226.03
356.90, 723.51, 351.00
359.45, 722.59, 475.97
476.18, 472.93, 221.66
478.74, 472.01, 346.63
481.30, 471.08, 471.60
477.74, 597.92, 222.56
480.30, 596.98, 347.53
482.86, 596.07, 472.50
479.31, 722.90, 223.46
481.86, 721.98, 348.42
484.42, 721.05, 473.40
601.14, 471.39, 219.09
603.70, 470.47, 344.07
606.26, 469.53, 469.04
602.70, 596.38, 219.99
605.26, 595.45, 344.95
607.82, 594.53, 469.93
604.26, 721.37, 220.88
606.83, 720.43, 345.85
609.38, 719.52, 470.82
350.80, 476.62, 350.17
351.03, 477.92, 475.17
351.26, 479.21, 600.16
349.68, 601.62, 348.88
349.90, 602.91, 473.88
350.14, 604.21, 598.87
348.56, 726.60, 347.60
348.78, 727.90, 472.59
349.02, 729.19, 597.58
475.80, 477.75, 349.93
476.02, 479.04, 474.93
476.25, 480.34, 599.92
474.67, 602.73, 348.64
474.90, 604.03, 473.64
475.13, 605.32, 598.63
473.54, 727.73, 347.35
473.78, 729.01, 472.35
474.01, 730.32, 597.34
600.79, 478.87, 349.69
601.02, 480.16, 474.68
601.25, 481.46, 599.68
599.67, 603.86, 348.39
599.89, 605.16, 473.39
600.13, 606.44, 598.39
598.54, 728.84, 347.11
598.78, 730.14, 472.10
599.00, 731.44, 597.09
348.21, 474.10, 473.69
345.15, 477.48, 598.61
342.09, 480.87, 723.52
351.67, 599.00, 470.40
348.61, 602.39, 595.31
345.54, 605.77, 720.23
355.13, 723.92, 467.10
352.06, 727.30, 592.01
349.00, 730.69, 716.93
473.12, 470.73, 476.85
470.06, 474.10, 601.77
467.00, 477.49, 726.68
476.59, 595.63, 473.55
473.52, 599.02, 598.47
470.45, 602.40, 723.39
480.05, 720.54, 470.25
476.97, 723.92, 595.17
473.91, 727.31, 720.09
598.04, 467.34, 480.01
594.98, 470.73, 604.92
591.91, 474.11, 729.84
601.49, 592.26, 476.71
598.43, 595.63, 601.62
595.37, 599.03, 726.53
604.96, 717.17, 473.40
601.90, 720.55, 598.32
598.83, 723.93, 723.23
348.98, 475.02, 599.25
346.03, 475.64, 724.21
343.08, 476.26, 849.18
352.26, 599.98, 598.71
349.32, 600.60, 723.67
346.37, 601.23, 848.63
355.54, 724.93, 598.16
352.60, 725.55, 723.13
349.65, 726.18, 848.09
473.90, 471.75, 602.21
470.96, 472.37, 727.18
468.01, 472.99, 852.13
477.18, 596.71, 601.67
474.24, 597.33, 726.64
471.30, 597.95, 851.60
480.47, 721.67, 601.13
477.52, 722.28, 726.10
474.58, 722.90, 851.05
598.82, 468.49, 605.17
595.87, 469.10, 730.14
592.94, 469.72, 855.09
602.11, 593.43, 604.63
599.16, 594.07, 729.60
596.23, 594.68, 854.54
605.39, 718.40, 604.09
602.44, 719.02, 729.05
599.50, 719.64, 854.02
348.81, 599.13, 98.46
348.92, 598.32, 223.45
349.02, 597.50, 348.45
351.34, 724.11, 99.27
351.44, 723.29, 224.27
351.55, 722.47, 349.26
353.87, 849.08, 100.09
353.98, 848.26, 225.08
354.07, 847.44, 350.09
473.79, 596.61, 98.33
473.89, 595.80, 223.33
474.00, 594.97, 348.32
476.31, 721.58, 99.15
476.42, 720.76, 224.14
476.52, 719.95, 349.14
478.85, 846.55, 99.96
478.94, 845.74, 224.96
479.06, 844.91, 349.96
598.76, 594.08, 98.20
598.87, 593.26, 223.21
598.97, 592.45, 348.20
601.29, 719.06, 99.03
601.39, 718.24, 224.02
601.50, 717.41, 349.02
603.82, 844.02, 99.84
603.94, 843.20, 224.83
604.02, 842.40, 349.83
349.07, 601.94, 223.48
347.00, 599.20, 348.44
344.94, 596.44, 473.40
350.65, 726.91, 226.27
348.59, 724.15, 351.21
346.52, 721.41, 476.17
352.25, 851.86, 229.02
350.18, 849.11, 354.00
348.12, 846.36, 478.94
474.03, 600.32, 225.51
471.98, 597.56, 350.47
469.91, 594.81, 475.42
475.63, 725.26, 228.29
473.57, 722.53, 353.25
471.51, 719.76, 478.20
477.21, 850.24, 231.07
475.17, 847.47, 356.02
473.08, 844.73, 480.98
599.01, 598.67, 227.54
596.95, 595.92, 352.49
594.88, 593.18, 477.45
600.60, 723.64, 230.31
598.54, 720.88, 355.27
596.48, 718.14, 480.21
602.19, 848.59, 233.10
600.13, 845.85, 358.04
598.06, 843.08, 483.00
350.08, 600.58, 348.96
348.90, 600.45, 473.96
347.71, 600.34, 598.95
347.68, 725.55, 349.06
346.49, 725.43, 474.06
345.31, 725.31, 599.05
345.26, 850.53, 349.16
344.10, 850.40, 474.16
342.90, 850.29, 599.15
475.05, 602.97, 350.15
473.87, 602.85, 475.14
472.69, 602.74, 600.14
472.65, 727.96, 350.25
471.46, 727.83, 475.24
470.28, 727.71, 600.23
470.25, 852.93, 350.34
469.06, 852.81, 475.33
467.87, 852.69, 600.33
600.03, 605.38, 351.33
598.84, 605.26, 476.32
597.66, 605.13, 601.33
597.62, 730.35, 351.43
596.44, 730.24, 476.42
595.25, 730.12, 601.42
595.21, 855.34, 351.53
594.04, 855.21, 476.52
592.85, 855.11, 601.51
349.35, 598.70, 474.42
346.21, 601.10, 599.35
343.07, 603.51, 724.29
349.41, 723.68, 472.02
346.27, 726.08, 596.95
343.14, 728.50, 721.89
349.48, 848.65, 469.61
346.34, 851.06, 594.55
343.20, 853.47, 719.48
474.31, 598.70, 477.55
471.17, 601.10, 602.50
468.04, 603.51, 727.43
474.38, 723.66, 475.15
471.23, 726.08, 600.09
468.10, 728.48, 725.02
474.43, 848.66, 472.74
471.30, 851.05, 597.68
468.16, 853.47, 722.61
599.26, 598.70, 480.69
596.13, 601.09, 605.63
593.00, 603.51, 730.56
599.33, 723.67, 478.28
596.20, 726.08, 603.23
593.06, 728.48, 728.15
599.40, 848.64, 475.88
596.26, 851.06, 600.81
593.11, 853.47, 725.75
348.42, 599.50, 598.08
350.65, 597.63, 723.04
352.88, 595.75, 848.00
347.56, 724.48, 599.96
349.79, 722.61, 724.93
352.02, 720.74, 849.90
346.68, 849.47, 601.86
348.92, 847.59, 726.83
351.14, 845.74, 851.79
473.40, 600.40, 595.86
475.62, 598.53, 720.83
477.85, 596.64, 845.79
472.54, 725.38, 597.75
474.76, 723.51, 722.72
476.98, 721.63, 847.68
471.67, 850.36, 599.64
473.90, 848.50, 724.61
476.13, 846.61, 849.57
598.37, 601.29, 593.65
600.60, 599.43, 718.62
602.82, 597.55, 843.58
597.51, 726.28, 595.54
599.74, 724.40, 720.50
601.96, 722.53, 845.47
596.65, 851.27, 597.42
598.88, 849.39, 722.39
601.10, 847.53, 847.35
476.92, 99.90, 99.84
475.81, 100.18, 224.83
474.69, 100.46, 349.83
477.48, 224.90, 99.56
476.36, 225.18, 224.56
475.25, 225.46, 349.55
478.03, 349.89, 99.29
476.92, 350.18, 224.28
475.80, 350.46, 349.28
601.91, 99.35, 100.96
600.80, 99.64, 225.94
599.69, 99.90, 350.94
602.48, 224.35, 100.67
601.36, 224.62, 225.68
600.23, 224.91, 350.67
603.02, 349.34, 100.40
601.91, 349.63, 225.40
600.79, 349.90, 350.39
726.91, 98.79, 102.06
725.79, 99.07, 227.06
724.67, 99.36, 352.06
727.47, 223.80, 101.78
726.34, 224.08, 226.79
725.24, 224.35, 351.79
728.02, 348.79, 101.52
726.90, 349.07, 226.52
725.79, 349.36, 351.51
474.36, 99.92, 223.50
471.19, 96.48, 348.43
468.06, 93.02, 473.32
476.60, 224.85, 227.01
473.44, 221.40, 351.92
470.28, 217.96, 476.84
478.84, 349.78, 230.52
475.68, 346.33, 355.43
472.53, 342.88, 480.34
599.29, 97.60, 226.60
596.14, 94.13, 351.51
592.99, 90.69, 476.41
601.53, 222.52, 230.11
598.37, 219.08, 355.02
595.23, 215.62, 479.94
603.78, 347.46, 233.61
600.63, 344.00, 358.52
597.48, 340.56, 483.43
724.23, 95.26, 229.70
721.08, 91.81, 354.59
717.92, 88.36, 479.51
726.48, 220.19, 233.19
723.32, 216.74, 358.11
720.17, 213.29, 483.01
728.72, 345.13, 236.69
725.57, 341.68, 361.61
722.41, 338.21, 486.53
476.51, 99.77, 351.02
476.34, 96.27, 475.95
476.15, 92.77, 600.91
479.32, 224.69, 354.51
479.14, 221.19, 479.46
478.97, 217.69, 604.41
482.12, 349.61, 358.02
481.95, 346.11, 482.97
481.77, 342.61, 607.92
601.48, 96.95, 351.11
601.30, 93.46, 476.06
601.13, 89.95, 601.03
604.29, 221.89, 354.61
604.12, 218.37, 479.57
603.93, 214.88, 604.50
607.09, 346.80, 358.12
606.92, 343.31, 483.06
606.75, 339.79, 608.02
726.45, 94.15, 351.20
726.27, 90.65, 476.16
726.09, 87.15, 601.10
729.25, 219.07, 354.71
729.08, 215.58, 479.65
728.90, 212.05, 604.63
732.06, 344.00, 358.21
731.89, 340.48, 483.17
731.71, 336.99, 608.10
473.55, 101.39, 474.54
472.75, 102.25, 599.55
471.98, 103.13, 724.54
469.85, 226.33, 473.66
469.07, 227.20, 598.65
468.27, 228.07, 723.64
466.18, 351.27, 472.77
465.38, 352.14, 597.76
464.59, 353.01, 722.75
598.48, 105.07, 475.32
597.70, 105.95, 600.30
596.90, 106.81, 725.30
594.81, 230.02, 474.43
594.01, 230.89, 599.41
593.22, 231.76, 724.41
591.11, 354.96, 473.52
590.33, 355.83, 598.52
589.53, 356.71, 723.51
723.44, 108.77, 476.09
722.64, 109.64, 601.06
721.85, 110.52, 726.07
719.75, 233.72, 475.17
718.95, 234.59, 600.19
718.16, 235.46, 725.17
716.05, 358.65, 474.30
715.27, 359.53, 599.27
714.47, 360.40, 724.29
473.44, 100.72, 601.77
469.74, 103.44, 726.67
466.01, 106.17, 851.58
471.45, 225.68, 598.97
467.72, 228.40, 723.90
464.03, 231.13, 848.81
469.44, 350.63, 596.19
465.73, 353.36, 721.11
462.01, 356.09, 846.02
598.39, 102.81, 605.44
594.66, 105.53, 730.35
590.96, 108.26, 855.26
596.37, 227.76, 602.65
592.66, 230.49, 727.57
588.93, 233.21, 852.48
594.37, 352.70, 599.87
590.65, 355.44, 724.77
586.93, 358.16, 849.70
723.30, 104.89, 609.10
719.58, 107.62, 734.03
715.87, 110.35, 858.93
721.30, 229.84, 606.34
717.58, 232.57, 731.23
713.87, 235.29, 856.17
719.30, 354.79, 603.53
715.58, 357.52, 728.46
711.86, 360.25, 853.36
473.08, 226.01, 101.14
472.06, 225.70, 226.14
471.03, 225.36, 351.12
469.87, 350.98, 101.43
468.84, 350.64, 226.42
467.83, 350.32, 351.42
466.67, 475.93, 101.74
465.64, 475.60, 226.72
464.62, 475.28, 351.73
598.04, 229.22, 102.16
597.01, 228.89, 227.16
595.99, 228.58, 352.15
594.83, 354.17, 102.46
593.80, 353.85, 227.46
592.78, 353.52, 352.45
591.62, 479.13, 102.76
590.60, 478.81, 227.76
589.57, 478.48, 352.76
722.98, 232.44, 103.18
721.96, 232.10, 228.20
720.94, 231.77, 353.19
719.78, 357.38, 103.49
718.76, 357.05, 228.49
717.74, 356.74, 353.48
716.57, 482.34, 103.78
715.55, 482.02, 228.78
714.53, 481.68, 353.78
473.02, 226.59, 224.54
476.72, 224.94, 349.46
480.41, 223.32, 474.41
474.15, 351.56, 226.13
477.85, 349.94, 351.06
481.55, 348.31, 475.99
475.29, 476.55, 227.73
478.98, 474.92, 352.65
482.69, 473.28, 477.59
597.96, 225.49, 220.83
601.66, 223.88, 345.75
605.37, 222.23, 470.70
599.09, 350.49, 222.42
602.79, 348.85, 347.35
606.49, 347.23, 472.28
600.22, 475.46, 224.01
603.92, 473.84, 348.94
607.63, 472.21, 473.88
722.90, 224.43, 217.10
726.60, 222.78, 342.04
730.30, 221.16, 466.96
724.03, 349.39, 218.70
727.73, 347.78, 343.63
731.43, 346.13, 468.58
725.16, 474.39, 220.30
728.86, 472.75, 345.23
732.57, 471.13, 470.16
474.03, 223.39, 348.74
477.48, 225.02, 473.69
480.96, 226.64, 598.62
471.61, 348.36, 347.19
475.07, 349.98, 472.13
478.53, 351.60, 597.07
469.19, 473.33, 345.64
472.64, 474.95, 470.58
476.11, 476.57, 595.52
598.96, 225.77, 345.25
602.43, 227.39, 470.20
605.87, 229.01, 595.13
596.54, 350.74, 343.70
599.99, 352.36, 468.64
603.47, 353.97, 593.59
594.11, 475.71, 342.15
597.57, 477.32, 467.09
601.04, 478.95, 592.02
723.89, 228.15, 341.77
727.35, 229.77, 466.70
730.81, 231.39, 591.65
721.47, 353.13, 340.20
724.93, 354.73, 465.16
728.39, 356.36, 590.08
719.04, 478.07, 338.65
722.50, 479.71, 463.59
725.96, 481.31, 588.55
473.19, 223.15, 474.06
472.78, 219.44, 599.00
472.33, 215.74, 723.94
476.49, 348.05, 477.76
476.05, 344.35, 602.71
475.62, 340.64, 727.65
479.77, 472.95, 481.48
479.34, 469.25, 606.42
478.91, 465.54, 731.37
598.16, 219.84, 474.40
597.72, 216.15, 599.33
597.29, 212.44, 724.29
601.44, 344.75, 478.09
601.01, 341.04, 603.05
600.58, 337.35, 727.98
604.74, 469.64, 481.81
604.30, 465.95, 606.75
603.87, 462.24, 731.71
723.11, 216.55, 474.71
722.68, 212.84, 599.68
722.25, 209.15, 724.60
726.40, 341.44, 478.45
725.97, 337.75, 603.37
725.53, 334.04, 728.34
729.69, 466.36, 482.15
729.25, 462.63, 607.11
728.83, 458.96, 732.03
474.24, 224.90, 601.18
477.56, 225.98, 726.13
480.91, 227.05, 851.08
471.76, 349.88, 600.18
475.09, 350.94, 725.12
478.42, 352.02, 850.07
469.27, 474.84, 599.16
472.61, 475.92, 724.12
475.94, 477.00, 849.06
599.17, 227.35, 597.82
602.50, 228.43, 722.78
605.83, 229.51, 847.72
596.69, 352.32, 596.82
600.02, 353.40, 721.76
603.35, 354.48, 846.72
594.21, 477.31, 595.81
597.54, 478.37, 720.76
600.87, 479.47, 845.71
724.10, 229.81, 594.49
727.44, 230.88, 719.42
730.76, 231.97, 844.37
721.62, 354.79, 593.45
724.95, 355.86, 718.42
728.28, 356.94, 843.37
719.13, 479.74, 592.47
722.48, 480.84, 717.40
725.80, 481.91, 842.36
474.68, 351.92, 98.65
470.99, 352.16, 223.59
467.32, 352.41, 348.54
471.21, 476.87, 98.30
467.54, 477.11, 223.25
463.85, 477.37, 348.19
467.76, 601.81, 97.95
464.07, 602.07, 222.90
460.39, 602.31, 347.85
599.57, 355.39, 102.32
595.90, 355.63, 227.26
592.21, 355.87, 352.21
596.12, 480.34, 101.97
592.43, 480.58, 226.92
588.75, 480.84, 351.86
592.65, 605.29, 101.62
588.97, 605.53, 226.58
585.30, 605.78, 351.52
724.47, 358.84, 105.99
720.79, 359.10, 230.94
717.11, 359.35, 355.88
721.01, 483.81, 105.64
717.33, 484.05, 230.60
713.65, 484.29, 355.54
717.55, 608.75, 105.30
713.87, 609.00, 230.23
710.19, 609.25, 355.19
475.98, 351.16, 225.73
478.34, 353.93, 350.69
480.72, 356.68, 475.63
472.26, 476.08, 223.05
474.62, 478.84, 347.99
476.98, 481.60, 472.94
468.52, 601.00, 220.35
470.90, 603.75, 345.30
473.26, 606.52, 470.24
600.90, 354.84, 223.29
603.27, 357.59, 348.24
605.63, 360.37, 473.18
597.17, 479.75, 220.59
599.54, 482.51, 345.55
601.91, 485.27, 470.49
593.45, 604.66, 217.90
595.82, 607.43, 342.85
598.18, 610.20, 467.79
725.82, 358.50, 220.84
728.19, 361.28, 345.78
730.56, 364.03, 470.75
722.10, 483.43, 218.15
724.47, 486.18, 343.10
726.83, 488.96, 468.03
718.37, 608.33, 215.45
720.74, 611.11, 340.40
723.11, 613.86, 465.36
475.21, 350.32, 349.30
478.67, 347.40, 474.22
482.11, 344.48, 599.14
476.63, 475.28, 352.18
480.09, 472.36, 477.10
483.54, 469.44, 602.02
478.07, 600.23, 355.07
481.52, 597.33, 479.99
484.97, 594.40, 604.91
600.15, 348.97, 345.82
603.60, 346.06, 470.73
607.06, 343.13, 595.65
601.58, 473.94, 348.70
605.04, 471.00, 473.62
608.48, 468.10, 598.53
603.01, 598.89, 351.58
606.46, 595.97, 476.50
609.92, 593.05, 601.41
725.10, 347.64, 342.32
728.54, 344.70, 467.26
732.01, 341.79, 592.15
726.53, 472.58, 345.22
729.98, 469.67, 470.13
733.43, 466.73, 595.06
727.96, 597.55, 348.10
731.41, 594.61, 473.01
734.86, 591.71, 597.93
476.99, 350.14, 473.54
474.11, 347.61, 598.48
471.23, 345.08, 723.42
477.19, 475.12, 476.07
474.30, 472.59, 601.01
471.41, 470.06, 725.95
477.38, 600.09, 478.61
474.50, 597.55, 603.55
471.61, 595.03, 728.50
601.96, 349.89, 476.41
599.08, 347.35, 601.36
596.19, 344.83, 726.29
602.15, 474.86, 478.95
599.27, 472.34, 603.89
596.38, 469.79, 728.84
602.35, 599.84, 481.49
599.47, 597.30, 606.43
596.58, 594.78, 731.38
726.93, 349.62, 479.31
724.04, 347.11, 604.23
721.15, 344.57, 729.19
727.12, 474.62, 481.83
724.23, 472.06, 606.79
721.35, 469.55, 731.71
727.32, 599.58, 484.37
724.43, 597.06, 609.31
721.54, 594.52, 734.26
476.66, 349.70, 599.88
474.75, 353.16, 724.82
472.84, 356.62, 849.76
480.16, 474.61, 596.49
478.24, 478.07, 721.42
476.33, 481.53, 846.36
483.65, 599.52, 593.09
481.74, 602.97, 718.02
479.82, 606.42, 842.96
601.60, 346.26, 601.90
599.68, 349.73, 726.83
597.78, 353.18, 851.77
605.09, 471.17, 598.49
603.18, 474.62, 723.43
601.27, 478.08, 848.36
608.59, 596.07, 595.09
606.68, 599.54, 720.02
604.75, 602.98, 844.96
726.54, 342.83, 603.89
724.62, 346.27, 728.85
722.71, 349.74, 853.78
730.03, 467.71, 600.52
728.12, 471.19, 725.43
726.20, 474.63, 850.37
733.53, 592.64, 597.10
731.61, 596.08, 722.04
729.70, 599.56, 846.98
476.85, 474.38, 100.85
477.83, 474.77, 225.85
478.81, 475.15, 350.84
478.48, 599.37, 100.45
479.45, 599.76, 225.45
480.44, 600.13, 350.44
480.11, 724.36, 100.06
481.10, 724.74, 225.05
482.06, 725.13, 350.05
601.84, 472.75, 99.88
602.81, 473.13, 224.88
603.79, 473.52, 349.87
603.47, 597.74, 99.48
604.45, 598.12, 224.48
605.43, 598.50, 349.46
605.09, 722.72, 99.08
606.07, 723.12, 224.07
607.05, 723.48, 349.08
726.82, 471.13, 98.90
727.80, 471.51, 223.90
728.77, 471.88, 348.89
728.45, 596.11, 98.52
729.42, 596.50, 223.50
730.40, 596.88, 348.50
730.08, 721.09, 98.12
731.06, 721.48, 223.11
732.03, 721.87, 348.10
473.68, 475.79, 223.15
474.05, 479.05, 348.10
474.43, 482.30, 473.07
473.23, 600.76, 219.90
473.62, 604.00, 344.86
473.99, 607.25, 469.82
472.80, 725.70, 216.65
473.17, 728.97, 341.61
473.55, 732.21, 466.57
598.68, 476.23, 222.76
599.05, 479.48, 347.72
599.43, 482.72, 472.67
598.23, 601.18, 219.51
598.62, 604.43, 344.47
598.99, 607.69, 469.43
597.80, 726.14, 216.25
598.17, 729.38, 341.23
598.55, 732.64, 466.17
723.68, 476.66, 222.37
724.05, 479.90, 347.33
724.43, 483.16, 472.28
723.24, 601.61, 219.12
723.61, 604.87, 344.08
723.99, 608.10, 469.04
722.79, 726.57, 215.87
723.17, 729.82, 340.83
723.55, 733.08, 465.79
476.13, 475.82, 351.24
472.50, 473.74, 476.17
468.87, 471.67, 601.10
473.69, 600.77, 353.25
470.05, 598.71, 478.16
466.42, 596.63, 603.10
471.23, 725.75, 355.24
467.60, 723.66, 480.18
463.97, 721.60, 605.10
601.05, 478.21, 354.91
597.43, 476.13, 479.84
593.80, 474.07, 604.76
598.61, 603.16, 356.91
594.97, 601.10, 481.84
591.35, 599.01, 606.77
596.16, 728.13, 358.91
592.53, 726.05, 483.84
588.90, 723.99, 608.77
725.98, 480.59, 358.57
722.35, 478.53, 483.49
718.72, 476.44, 608.44
723.53, 605.56, 360.58
719.90, 603.48, 485.51
716.27, 601.42, 610.43
721.09, 730.52, 362.56
717.45, 728.45, 487.51
713.82, 726.37, 612.43
476.05, 475.02, 473.24
479.49, 474.30, 598.19
482.93, 473.58, 723.15
477.49, 600.01, 473.92
480.92, 599.29, 598.87
484.35, 598.57, 723.82
478.92, 724.99, 474.60
482.35, 724.29, 599.55
485.79, 723.56, 724.50
601.01, 473.60, 469.80
604.43, 472.89, 594.74
607.88, 472.16, 719.70
602.43, 598.60, 470.47
605.88, 597.87, 595.42
609.31, 597.17, 720.38
603.87, 723.59, 471.16
607.30, 722.87, 596.11
610.73, 722.15, 721.06
725.95, 472.20, 466.35
729.38, 471.47, 591.31
732.82, 470.76, 716.25
727.38, 597.18, 467.03
730.81, 596.48, 591.98
734.24, 595.74, 716.94
728.81, 722.17, 467.71
732.24, 721.45, 592.67
735.68, 720.75, 717.62
474.73, 474.97, 598.81
478.37, 473.68, 723.75
482.01, 472.40, 848.69
477.90, 599.93, 600.01
481.54, 598.64, 724.95
485.18, 597.34, 849.89
481.07, 724.88, 601.21
484.70, 723.59, 726.14
488.35, 722.31, 851.08
599.64, 471.84, 595.14
603.28, 470.54, 720.08
606.91, 469.27, 845.02
602.81, 596.79, 596.34
606.45, 595.51, 721.27
610.09, 594.23, 846.21
605.98, 721.75, 597.53
609.61, 720.47, 722.47
613.26, 719.18, 847.41
724.54, 468.70, 591.48
728.19, 467.42, 716.41
731.81, 466.13, 841.35
727.72, 593.67, 592.66
731.35, 592.37, 717.61
734.98, 591.11, 842.55
730.88, 718.61, 593.86
734.52, 717.34, 718.80
738.17, 716.06, 843.73
475.60, 599.11, 100.35
475.84, 600.60, 225.35
476.08, 602.07, 350.33
472.55, 724.07, 98.88
472.79, 725.54, 223.87
473.02, 727.04, 348.86
469.49, 849.02, 97.39
469.73, 850.51, 222.39
469.97, 851.98, 347.38
600.56, 602.16, 100.07
600.80, 603.64, 225.07
601.04, 605.13, 350.05
597.51, 727.11, 98.60
597.75, 728.61, 223.59
597.99, 730.08, 348.59
594.45, 852.08, 97.12
594.69, 853.55, 222.12
594.94, 855.04, 347.11
725.52, 605.22, 99.80
725.77, 606.70, 224.78
726.00, 608.18, 349.78
722.47, 730.16, 98.34
722.71, 731.66, 223.31
722.95, 733.12, 348.30
719.42, 855.12, 96.85
719.65, 856.60, 221.84
719.89, 858.09, 346.82
473.05, 599.95, 225.86
471.14, 601.12, 350.84
469.22, 602.30, 475.82
470.83, 724.91, 224.65
468.90, 726.11, 349.63
466.98, 727.27, 474.61
468.58, 849.90, 223.44
466.67, 851.06, 348.42
464.75, 852.26, 473.40
598.02, 602.20, 227.75
596.10, 603.38, 352.74
594.18, 604.56, 477.72
595.79, 727.18, 226.54
593.86, 728.34, 351.53
591.95, 729.53, 476.51
593.55, 852.13, 225.33
591.63, 853.33, 350.31
589.73, 854.50, 475.30
722.98, 604.45, 229.64
721.07, 605.63, 354.63
719.15, 606.79, 479.61
720.75, 729.42, 228.44
718.84, 730.60, 353.41
716.92, 731.79, 478.40
718.52, 854.39, 227.23
716.60, 855.58, 352.20
714.69, 856.75, 477.18
474.88, 599.42, 348.85
472.45, 598.74, 473.82
470.02, 598.05, 598.80
477.54, 724.41, 349.60
475.12, 723.71, 474.57
472.70, 723.02, 599.54
480.23, 849.36, 350.33
477.79, 848.69, 475.31
475.37, 847.98, 600.29
599.83, 596.75, 351.25
597.39, 596.06, 476.24
594.98, 595.35, 601.21
602.50, 721.71, 352.01
600.07, 721.03, 476.98
597.64, 720.33, 601.95
605.16, 846.69, 352.75
602.74, 845.98, 477.72
600.31, 845.31, 602.68
724.77, 594.06, 353.67
722.35, 593.37, 478.64
719.93, 592.68, 603.61
727.44, 719.04, 354.40
725.02, 718.33, 479.39
722.59, 717.64, 604.35
730.12, 843.99, 355.17
727.68, 843.32, 480.12
725.26, 842.61, 605.11
474.90, 599.50, 473.23
474.78, 596.97, 598.21
474.66, 594.44, 723.18
478.19, 724.42, 475.77
478.07, 721.90, 600.74
477.96, 719.37, 725.72
481.48, 849.37, 478.31
481.37, 846.82, 603.27
481.25, 844.31, 728.25
599.85, 596.20, 473.28
599.74, 593.67, 598.25
599.62, 591.14, 723.22
603.15, 721.14, 475.81
603.04, 718.61, 600.79
602.91, 716.07, 725.76
606.44, 846.06, 478.35
606.32, 843.54, 603.31
606.22, 841.00, 728.29
724.80, 592.90, 473.32
724.69, 590.38, 598.30
724.58, 587.84, 723.27
728.10, 717.84, 475.87
727.99, 715.30, 600.83
727.88, 712.78, 725.81
731.39, 842.78, 478.38
731.29, 840.23, 603.38
731.16, 837.73, 728.31
474.41, 598.02, 601.16
473.70, 598.49, 726.15
473.00, 598.99, 851.14
474.27, 723.02, 600.67
473.55, 723.50, 725.67
472.86, 723.99, 850.66
474.13, 848.00, 600.20
473.42, 848.50, 725.19
472.71, 848.98, 850.18
599.41, 598.16, 601.87
598.70, 598.65, 726.85
598.01, 599.12, 851.85
599.26, 723.16, 601.38
598.56, 723.65, 726.37
597.86, 724.13, 851.37
599.12, 848.17, 600.89
598.41, 848.65, 725.89
597.70, 849.14, 850.88
724.41, 598.31, 602.56
723.70, 598.78, 727.57
723.00, 599.27, 852.55
724.27, 723.30, 602.09
723.56, 723.81, 727.09
722.85, 724.26, 852.07
724.12, 848.32, 601.60
723.42, 848.79, 726.60
722.70, 849.28, 851.60
599.05, 98.77, 99.24
598.22, 101.95, 224.18
597.37, 105.12, 349.16
600.81, 223.71, 96.09
599.97, 226.88, 221.05
599.11, 230.07, 345.99
602.57, 348.66, 92.93
601.72, 351.84, 217.88
600.88, 355.01, 342.84
724.05, 97.05, 100.15
723.20, 100.21, 225.08
722.35, 103.40, 350.05
725.79, 221.97, 96.99
724.95, 225.16, 221.93
724.10, 228.33, 346.90
727.55, 346.95, 93.82
726.71, 350.10, 218.77
725.86, 353.28, 343.73
849.03, 95.33, 101.03
848.18, 98.51, 225.98
847.33, 101.67, 350.95
850.77, 220.26, 97.87
849.94, 223.43, 222.81
849.09, 226.60, 347.77
852.53, 345.21, 94.72
851.69, 348.38, 219.66
850.84, 351.54, 344.62
598.83, 99.31, 225.24
599.46, 102.36, 350.20
600.09, 105.41, 475.18
602.20, 224.21, 222.18
602.83, 227.28, 347.14
603.47, 230.31, 472.11
605.57, 349.15, 219.12
606.21, 352.18, 344.08
606.84, 355.25, 469.03
723.79, 95.92, 224.70
724.42, 98.98, 349.65
725.06, 102.02, 474.62
727.16, 220.84, 221.62
727.79, 223.88, 346.60
728.42, 226.94, 471.55
730.53, 345.75, 218.57
731.16, 348.81, 343.51
731.79, 351.84, 468.50
848.74, 92.52, 224.15
849.38, 95.59, 349.11
850.01, 98.64, 474.06
852.10, 217.45, 221.09
852.74, 220.50, 346.03
853.37, 223.55, 471.00
855.48, 342.38, 218.01
856.12, 345.41, 342.98
856.75, 348.46, 467.92
598.48, 98.13, 351.09
598.30, 99.85, 476.07
598.15, 101.55, 601.06
600.06, 223.12, 349.38
599.90, 224.82, 474.37
599.72, 226.53, 599.35
601.65, 348.08, 347.68
601.47, 349.81, 472.66
601.30, 351.50, 597.66
723.47, 96.56, 351.28
723.30, 98.26, 476.28
723.12, 99.97, 601.25
725.06, 221.53, 349.58
724.88, 223.25, 474.55
724.71, 224.94, 599.56
726.63, 346.52, 347.87
726.46, 348.21, 472.87
726.30, 349.93, 597.83
848.46, 94.97, 351.47
848.28, 96.68, 476.45
848.12, 98.38, 601.46
850.05, 219.96, 349.77
849.87, 221.66, 474.77
849.71, 223.36, 599.74
851.63, 344.93, 348.07
851.46, 346.64, 473.05
851.28, 348.35, 598.05
600.37, 101.85, 475.21
598.15, 100.30, 600.18
595.91, 98.75, 725.15
598.73, 226.83, 476.73
596.49, 225.29, 601.69
594.27, 223.73, 726.68
597.07, 351.82, 478.24
594.84, 350.25, 603.22
592.61, 348.71, 728.18
725.35, 103.47, 477.47
723.12, 101.93, 602.42
720.89, 100.37, 727.41
723.70, 228.46, 478.97
721.46, 226.91, 603.96
719.22, 225.36, 728.91
722.05, 353.42, 480.51
719.81, 351.89, 605.46
717.58, 350.33, 730.46
850.32, 105.09, 479.72
848.07, 103.56, 604.69
845.86, 101.99, 729.65
848.66, 230.09, 481.24
846.44, 228.52, 606.20
844.20, 226.98, 731.18
847.02, 355.06, 482.75
844.77, 353.51, 607.73
842.55, 351.95, 732.69
601.66, 101.36, 600.94
598.93, 101.26, 725.92
596.21, 101.15, 850.89
601.04, 226.36, 601.03
598.32, 226.26, 726.02
595.59, 226.16, 850.97
600.43, 351.35, 601.13
597.71, 351.25, 726.09
594.99, 351.15, 851.06
726.61, 101.97, 603.66
723.91, 101.87, 728.65
721.18, 101.77, 853.61
726.01, 226.96, 603.77
723.29, 226.87, 728.71
720.57, 226.76, 853.71
725.40, 351.97, 603.83
722.67, 351.86, 728.82
719.96, 351.77, 853.77
851.59, 102.58, 606.38
848.86, 102.47, 731.36
846.15, 102.37, 856.33
850.98, 227.57, 606.47
848.25, 227.48, 731.46
845.54, 227.36, 856.41
850.37, 352.57, 606.56
847.65, 352.47, 731.53
844.93, 352.36, 856.50
600.57, 225.71, 99.20
602.65, 224.15, 224.18
604.74, 222.60, 349.15
597.77, 350.67, 100.80
599.86, 349.11, 225.78
601.96, 347.54, 350.75
594.98, 475.62, 102.41
597.08, 474.07, 227.39
599.17, 472.50, 352.37
725.51, 228.53, 97.15
727.60, 226.97, 222.11
729.69, 225.40, 347.09
722.72, 353.49, 98.75
724.81, 351.92, 223.73
726.91, 350.37, 348.69
719.93, 478.44, 100.35
722.02, 476.89, 225.33
724.13, 475.32, 350.30
850.47, 231.36, 95.10
852.55, 229.78, 220.07
854.65, 228.21, 345.03
847.67, 356.31, 96.69
849.76, 354.75, 221.66
851.86, 353.18, 346.64
844.88, 481.25, 98.31
846.97, 479.69, 223.28
849.07, 478.14, 348.24
600.39, 225.36, 225.85
602.97, 225.79, 350.82
605.57, 226.20, 475.79
601.93, 350.36, 225.39
604.52, 350.77, 350.37
607.10, 351.20, 475.34
603.47, 475.35, 224.94
606.05, 475.77, 349.91
608.65, 476.18, 474.89
725.35, 223.82, 223.27
727.94, 224.23, 348.24
730.53, 224.66, 473.20
726.89, 348.80, 222.81
729.48, 349.23, 347.78
732.07, 349.63, 472.77
728.43, 473.80, 222.36
731.02, 474.21, 347.33
733.61, 474.65, 472.30
850.32, 222.27, 220.69
852.90, 222.69, 345.66
855.49, 223.10, 470.63
851.85, 347.26, 220.23
854.44, 347.67, 345.21
857.04, 348.09, 470.17
853.41, 472.24, 219.76
855.99, 472.67, 344.74
858.57, 473.07, 469.73
599.16, 226.71, 348.99
600.48, 226.29, 473.99
601.79, 225.88, 598.98
599.85, 351.70, 349.41
601.16, 351.28, 474.40
602.48, 350.87, 599.40
600.54, 476.70, 349.81
601.86, 476.27, 474.81
603.17, 475.87, 599.80
724.16, 226.01, 347.68
725.46, 225.61, 472.66
726.78, 225.18, 597.68
724.84, 351.02, 348.09
726.16, 350.60, 473.09
727.48, 350.19, 598.06
725.53, 476.01, 348.50
726.84, 475.60, 473.48
728.15, 475.17, 598.49
849.15, 225.35, 346.35
850.45, 224.92, 471.36
851.78, 224.51, 596.34
849.83, 350.34, 346.78
851.15, 349.91, 471.76
852.46, 349.50, 596.76
850.52, 475.33, 347.18
851.84, 474.90, 472.18
853.16, 474.49, 597.16
601.55, 225.93, 476.97
599.55, 222.69, 601.90
597.56, 219.45, 726.85
604.85, 350.85, 480.25
602.87, 347.60, 605.20
600.88, 344.37, 730.13
608.18, 475.75, 483.55
606.18, 472.53, 608.49
604.18, 469.28, 733.44
726.48, 222.57, 478.85
724.49, 219.32, 603.82
722.50, 216.10, 728.74
729.80, 347.48, 482.17
727.81, 344.25, 607.09
725.80, 340.99, 732.06
733.12, 472.41, 485.44
731.12, 469.14, 610.40
729.12, 465.91, 735.33
851.41, 219.20, 480.78
849.43, 215.96, 605.70
847.43, 212.73, 730.67
854.74, 344.12, 484.06
852.74, 340.87, 609.02
850.76, 337.63, 733.95
858.05, 469.01, 487.36
856.07, 465.79, 612.29
854.07, 462.54, 737.24
601.16, 225.90, 598.36
599.12, 229.45, 723.30
597.07, 233.01, 848.22
598.96, 350.82, 594.78
596.91, 354.38, 719.70
594.87, 357.95, 844.64
596.76, 475.76, 591.17
594.71, 479.31, 716.11
592.66, 482.87, 841.05
726.13, 228.15, 600.36
724.08, 231.71, 725.26
722.04, 235.27, 850.21
723.92, 353.09, 596.74
721.87, 356.64, 721.70
719.83, 360.20, 846.62
721.72, 478.01, 593.17
719.68, 481.57, 718.09
717.63, 485.13, 843.03
851.09, 230.40, 602.32
849.03, 233.96, 727.27
846.99, 237.53, 852.19
848.88, 355.34, 598.74
846.84, 358.89, 723.66
844.79, 362.46, 848.60
846.69, 480.26, 595.14
844.63, 483.83, 720.08
842.59, 487.38, 845.01
599.40, 349.56, 98.79
598.79, 348.08, 223.78
598.19, 346.58, 348.77
598.76, 474.54, 100.27
598.15, 473.06, 225.26
597.55, 471.58, 350.25
598.11, 599.54, 101.75
597.51, 598.04, 226.74
596.90, 596.57, 351.73
724.40, 350.21, 99.40
723.80, 348.71, 224.39
723.19, 347.23, 349.38
723.75, 475.19, 100.88
723.14, 473.70, 225.88
722.54, 472.22, 350.86
723.10, 600.17, 102.37
722.50, 598.69, 227.35
721.89, 597.21, 352.35
849.39, 350.85, 100.01
848.78, 349.36, 225.01
848.18, 347.87, 349.99
848.74, 475.83, 101.49
848.14, 474.34, 226.49
847.54, 472.86, 351.47
848.10, 600.81, 102.97
847.49, 599.34, 227.97
846.89, 597.84, 352.96
598.53, 350.63, 224.62
595.95, 353.96, 349.55
593.36, 357.31, 474.48
594.90, 475.53, 221.21
592.31, 478.87, 346.13
589.73, 482.20, 471.06
591.27, 600.42, 217.79
588.69, 603.77, 342.71
586.10, 607.12, 467.65
723.45, 354.32, 227.11
720.86, 357.67, 352.03
718.27, 361.00, 476.98
719.82, 479.23, 223.69
717.24, 482.56, 348.62
714.65, 485.92, 473.54
716.20, 604.12, 220.27
713.61, 607.47, 345.21
711.02, 610.80, 470.14
848.37, 358.02, 229.60
845.77, 361.37, 354.54
843.20, 364.70, 479.46
844.74, 482.91, 226.20
842.16, 486.27, 351.12
839.56, 489.61, 476.04
841.11, 607.83, 222.78
838.52, 611.16, 347.71
835.93, 614.50, 472.61
601.02, 348.08, 348.72
598.32, 345.50, 473.66
595.61, 342.91, 598.61
603.58, 473.03, 351.35
600.88, 470.43, 476.30
598.17, 467.86, 601.24
606.14, 597.97, 353.99
603.43, 595.39, 478.93
600.73, 592.80, 603.88
725.97, 345.47, 351.36
723.26, 342.88, 476.31
720.57, 340.31, 601.24
728.53, 470.41, 354.00
725.82, 467.84, 478.94
723.12, 465.23, 603.90
731.08, 595.36, 356.65
728.38, 592.77, 481.58
725.68, 590.20, 606.52
850.91, 342.86, 354.02
848.21, 340.27, 478.96
845.50, 337.69, 603.91
853.47, 467.80, 356.64
850.76, 465.21, 481.60
848.07, 462.63, 606.53
856.03, 592.73, 359.28
853.32, 590.17, 484.22
850.62, 587.57, 609.18
601.23, 351.32, 475.55
598.04, 349.64, 600.50
594.85, 347.97, 725.44
602.08, 476.29, 477.25
598.88, 474.63, 602.19
595.69, 472.95, 727.15
602.90, 601.29, 478.94
599.72, 599.61, 603.89
596.53, 597.95, 728.83
726.19, 350.42, 478.74
723.00, 348.76, 603.67
719.81, 347.09, 728.65
727.03, 475.42, 480.42
723.83, 473.73, 605.38
720.65, 472.08, 730.31
727.87, 600.40, 482.12
724.67, 598.74, 607.07
721.48, 597.06, 732.02
851.15, 349.56, 481.91
847.95, 347.88, 606.87
844.77, 346.20, 731.80
851.99, 474.53, 483.61
848.81, 472.86, 608.55
845.60, 471.19, 733.51
852.82, 599.53, 485.29
849.64, 597.84, 610.25
846.45, 596.19, 735.19
598.51, 348.50, 600.31
597.28, 347.49, 725.29
596.05, 346.46, 850.28
595.05, 473.46, 601.29
593.82, 472.43, 726.28
592.59, 471.42, 851.27
591.59, 598.39, 602.28
590.35, 597.39, 727.26
589.13, 596.36, 852.25
723.46, 351.97, 601.55
722.23, 350.93, 726.56
721.00, 349.92, 851.54
719.99, 476.90, 602.55
718.77, 475.90, 727.53
717.54, 474.86, 852.53
716.54, 601.86, 603.53
715.30, 600.84, 728.53
714.08, 599.81, 853.51
848.40, 355.42, 602.83
847.18, 354.39, 727.81
845.94, 353.37, 852.81
844.94, 480.36, 603.81
843.70, 479.34, 728.81
842.49, 478.32, 853.78
841.47, 605.31, 604.79
840.25, 604.30, 729.79
839.02, 603.25, 854.77
598.52, 474.26, 100.31
597.38, 472.44, 225.29
596.23, 470.62, 350.28
601.31, 599.22, 102.16
600.16, 597.39, 227.14
599.02, 595.56, 352.12
604.11, 724.17, 104.00
602.95, 722.36, 228.99
601.81, 720.51, 353.98
723.49, 471.46, 101.41
722.34, 469.64, 226.40
721.20, 467.80, 351.37
726.27, 596.41, 103.27
725.13, 594.60, 228.24
723.98, 592.76, 353.24
729.06, 721.40, 105.08
727.91, 719.53, 230.11
726.77, 717.72, 355.08
848.45, 468.66, 102.52
847.30, 466.83, 227.51
846.15, 465.01, 352.49
851.25, 593.60, 104.37
850.09, 591.79, 229.35
848.94, 589.95, 354.34
854.02, 718.57, 106.21
852.89, 716.73, 231.21
851.73, 714.91, 356.19
599.88, 475.00, 226.96
599.96, 476.01, 351.96
600.04, 477.01, 476.96
599.01, 599.99, 225.96
599.09, 601.00, 350.95
599.17, 602.01, 475.94
598.14, 724.98, 224.95
598.22, 725.99, 349.95
598.30, 727.00, 474.93
724.88, 475.87, 226.87
724.96, 476.86, 351.87
725.05, 477.89, 476.86
724.01, 600.86, 225.86
724.09, 601.87, 350.86
724.17, 602.87, 475.86
723.13, 725.85, 224.87
723.22, 726.86, 349.85
723.30, 727.87, 474.85
849.87, 476.73, 226.79
849.96, 477.74, 351.77
850.04, 478.74, 476.77
849.00, 601.73, 225.77
849.09, 602.73, 350.77
849.17, 603.75, 475.76
848.13, 726.72, 224.76
848.21, 727.73, 349.76
848.30, 728.73, 474.76
598.79, 475.15, 350.82
597.50, 474.30, 475.82
596.20, 473.47, 600.80
601.62, 600.11, 351.70
600.31, 599.27, 476.69
599.02, 598.41, 601.68
604.44, 725.07, 352.57
603.14, 724.24, 477.56
601.83, 723.40, 602.55
723.76, 472.32, 352.10
722.46, 471.48, 477.09
721.16, 470.62, 602.09
726.57, 597.29, 352.99
725.28, 596.44, 477.97
723.98, 595.61, 602.95
729.40, 722.25, 353.84
728.09, 721.41, 478.85
726.79, 720.55, 603.83
848.72, 469.50, 353.38
847.42, 468.65, 478.38
846.13, 467.80, 603.36
851.54, 594.45, 354.26
850.24, 593.63, 479.24
848.94, 592.77, 604.24
854.36, 719.43, 355.12
853.06, 718.57, 480.12
851.76, 717.74, 605.10
599.22, 473.99, 476.55
598.40, 477.72, 601.49
597.58, 481.45, 726.44
599.37, 598.94, 472.83
598.55, 602.66, 597.77
597.73, 606.41, 722.71
599.52, 723.89, 469.10
598.70, 727.62, 594.04
597.88, 731.34, 718.98
724.21, 473.88, 477.37
723.39, 477.58, 602.33
722.58, 481.33, 727.25
724.36, 598.80, 473.66
723.54, 602.56, 598.59
722.72, 606.27, 723.54
724.51, 723.76, 469.92
723.70, 727.48, 594.86
722.88, 731.23, 719.80
849.21, 473.74, 478.21
848.40, 477.47, 603.13
847.56, 481.21, 728.09
849.37, 598.69, 474.47
848.54, 602.42, 599.41
847.73, 606.15, 724.35
849.51, 723.63, 470.74
848.70, 727.37, 595.68
847.88, 731.10, 720.62
600.07, 476.66, 601.34
598.25, 477.82, 726.33
596.43, 479.00, 851.30
601.69, 601.63, 600.19
599.87, 602.81, 725.18
598.04, 603.98, 850.16
603.30, 726.62, 599.05
601.47, 727.79, 724.02
599.66, 728.97, 849.01
725.05, 475.04, 603.19
723.22, 476.23, 728.15
721.41, 477.39, 853.15
726.67, 600.05, 602.03
724.83, 601.20, 727.02
723.02, 602.38, 851.99
728.28, 725.02, 600.88
726.46, 726.20, 725.86
724.63, 727.36, 850.84
850.03, 473.45, 605.01
848.19, 474.62, 730.00
846.39, 475.79, 854.98
851.64, 598.43, 603.87
849.83, 599.61, 728.84
848.00, 600.78, 853.83
853.26, 723.42, 602.72
851.43, 724.60, 727.70
849.64, 725.75, 852.67
598.77, 599.21, 99.22
599.03, 599.11, 224.21
599.29, 599.01, 349.21
597.13, 724.19, 99.32
597.38, 724.10, 224.31
597.64, 723.99, 349.32
595.48, 849.18, 99.41
595.74, 849.07, 224.41
595.98, 848.99, 349.41
723.76, 600.86, 98.97
724.02, 600.75, 223.96
724.27, 600.66, 348.97
722.12, 725.84, 99.08
722.37, 725.74, 224.07
722.62, 725.65, 349.06
720.46, 850.84, 99.17
720.72, 850.75, 224.16
720.97, 850.63, 349.17
848.75, 602.52, 98.72
849.00, 602.41, 223.71
849.26, 602.30, 348.72
847.12, 727.48, 98.83
847.36, 727.40, 223.81
847.61, 727.30, 348.81
845.47, 852.47, 98.93
845.70, 852.38, 223.93
845.96, 852.29, 348.91
601.43, 598.27, 223.86
601.11, 595.59, 348.82
600.79, 592.91, 473.80
598.29, 723.20, 226.52
597.98, 720.51, 351.50
597.66, 717.84, 476.47
595.17, 848.13, 229.20
594.84, 845.45, 354.16
594.52, 842.76, 479.15
726.38, 601.40, 224.24
726.07, 598.72, 349.21
725.75, 596.03, 474.18
723.26, 726.32, 226.91
722.94, 723.65, 351.87
722.63, 720.97, 476.85
720.12, 851.26, 229.57
719.80, 848.57, 354.57
719.49, 845.90, 479.51
851.35, 604.52, 224.61
851.04, 601.84, 349.59
850.72, 599.17, 474.56
848.21, 729.45, 227.29
847.90, 726.78, 352.26
847.58, 724.08, 477.24
845.08, 854.39, 229.95
844.77, 851.70, 354.94
844.44, 849.03, 479.90
601.68, 600.16, 350.20
604.68, 599.32, 475.17
607.68, 598.46, 600.13
603.67, 725.13, 351.02
606.66, 724.30, 475.96
609.66, 723.45, 600.93
605.63, 850.13, 351.81
608.64, 849.27, 476.77
611.64, 848.44, 601.72
726.62, 598.21, 347.19
729.63, 597.35, 472.16
732.63, 596.52, 597.11
728.61, 723.18, 347.98
731.60, 722.34, 472.96
734.61, 721.48, 597.92
730.59, 848.16, 348.80
733.59, 847.32, 473.75
736.59, 846.47, 598.71
851.58, 596.24, 344.18
854.58, 595.40, 469.14
857.58, 594.54, 594.10
853.56, 721.22, 344.97
856.56, 720.38, 469.94
859.55, 719.54, 594.90
855.53, 846.20, 345.79
858.53, 845.36, 470.73
861.52, 844.52, 595.70
599.20, 600.59, 474.33
598.74, 600.05, 599.33
598.27, 599.55, 724.33
602.53, 725.54, 474.86
602.07, 725.01, 599.86
601.61, 724.49, 724.85
605.87, 850.48, 475.40
605.40, 849.98, 600.39
604.94, 849.45, 725.39
724.16, 597.24, 474.78
723.69, 596.74, 599.77
723.22, 596.20, 724.78
727.49, 722.20, 475.31
727.03, 721.68, 600.30
726.57, 721.17, 725.31
730.82, 847.16, 475.84
730.36, 846.64, 600.84
729.89, 846.13, 725.83
849.11, 593.92, 475.23
848.65, 593.39, 600.23
848.19, 592.87, 725.22
852.45, 718.86, 475.76
851.99, 718.35, 600.76
851.52, 717.83, 725.75
855.77, 843.83, 476.29
855.32, 843.31, 601.28
854.85, 842.79, 726.27
599.58, 598.43, 599.17
602.52, 598.50, 724.14
605.46, 598.56, 849.10
602.40, 723.41, 599.05
605.33, 723.47, 724.00
608.28, 723.54, 848.97
605.21, 848.38, 598.91
608.16, 848.44, 723.87
611.09, 848.52, 848.83
724.52, 595.63, 596.24
727.45, 595.67, 721.21
730.38, 595.76, 846.17
727.33, 720.58, 596.11
730.27, 720.65, 721.08
733.21, 720.73, 846.04
730.15, 845.56, 595.98
733.08, 845.62, 720.93
736.02, 845.70, 845.89
849.46, 592.79, 593.31
852.39, 592.86, 718.26
855.32, 592.95, 843.23
852.27, 717.76, 593.16
855.19, 717.82, 718.13
858.12, 717.92, 843.11
855.08, 842.74, 593.03
858.02, 842.81, 718.01
860.95, 842.89, 842.96
