27, 125, pa2-debug-b-output1.txt
191.94, 206.84, 198.41
401.44, 391.56, 192.44
99.09, 101.33, 101.97
96.95, 104.10, 226.92
94.82, 106.88, 351.87
97.43, 226.28, 99.16
95.29, 229.06, 224.12
93.16, 231.84, 349.07
95.77, 351.24, 96.36
93.63, 354.02, 221.31
91.50, 356.79, 346.26
224.06, 103.03, 104.07
221.92, 105.81, 229.02
219.79, 108.58, 353.97
222.40, 227.99, 101.26
220.27, 230.77, 226.21
218.13, 233.54, 351.16
220.74, 352.95, 98.46
218.61, 355.72, 223.41
216.47, 358.50, 348.36
349.03, 104.74, 106.17
346.90, 107.52, 231.12
344.76, 110.29, 356.07
347.37, 229.70, 103.36
345.24, 232.47, 228.31
343.10, 235.25, 353.26
345.71, 354.65, 100.56
343.58, 357.43, 225.51
341.44, 360.21, 350.46
99.76, 99.41, 223.77
97.85, 102.81, 348.71
95.94, 106.21, 473.65
98.44, 224.35, 220.35
96.53, 227.75, 345.29
94.62, 231.16, 470.23
97.12, 349.30, 216.93
95.21, 352.70, 341.87
93.30, 356.10, 466.81
224.74, 100.78, 225.65
222.83, 104.18, 350.59
220.92, 107.58, 475.52
223.42, 225.73, 222.23
221.51, 229.13, 347.16
219.60, 232.53, 472.10
222.10, 350.67, 218.81
220.19, 354.07, 343.74
218.27, 357.48, 468.68
349.72, 102.16, 227.52
347.81, 105.56, 352.46
345.90, 108.96, 477.40
348.40, 227.10, 224.10
346.49, 230.50, 349.04
344.58, 233.90, 473.98
347.07, 352.05, 220.68
345.16, 355.45, 345.62
343.25, 358.85, 470.56
100.09, 101.89, 349.48
100.10, 103.03, 474.47
100.11, 104.18, 599.46
102.50, 226.86, 348.33
102.51, 228.01, 473.32
102.52, 229.15, 598.32
104.91, 351.83, 347.18
104.92, 352.98, 472.18
104.93, 354.12, 597.17
225.07, 99.48, 349.49
225.08, 100.62, 474.48
225.09, 101.77, 599.48
227.48, 224.45, 348.34
227.49, 225.59, 473.33
227.50, 226.74, 598.33
229.89, 349.42, 347.19
229.90, 350.57, 472.19
229.91, 351.71, 597.18
350.04, 97.07, 349.50
350.05, 98.21, 474.49
350.07, 99.36, 599.49
352.45, 222.04, 348.35
352.46, 223.18, 473.34
352.48, 224.33, 598.34
354.86, 347.01, 347.20
354.87, 348.16, 472.20
354.89, 349.30, 597.19
101.53, 100.87, 474.41
101.01, 97.22, 599.35
100.49, 93.56, 724.30
99.45, 225.80, 478.05
98.93, 222.15, 603.00
98.41, 218.49, 727.95
97.37, 350.73, 481.70
96.85, 347.08, 606.65
96.33, 343.42, 731.59
226.51, 102.94, 474.99
225.99, 99.28, 599.93
225.47, 95.63, 724.88
224.43, 227.86, 478.63
223.91, 224.21, 603.58
223.39, 220.56, 728.53
222.35, 352.79, 482.28
221.83, 349.14, 607.23
221.31, 345.48, 732.17
351.49, 105.00, 475.57
350.97, 101.34, 600.51
350.45, 97.69, 725.46
349.41, 229.93, 479.21
348.89, 226.27, 604.16
348.37, 222.62, 729.11
347.33, 354.86, 482.86
346.81, 351.20, 607.81
346.29, 347.55, 732.75
98.79, 98.32, 601.08
102.34, 95.05, 725.98
105.90, 91.78, 850.89
99.52, 223.27, 604.33
103.08, 220.01, 729.23
106.63, 216.74, 854.14
100.25, 348.23, 607.57
103.81, 344.96, 732.48
107.36, 341.69, 857.39
223.74, 97.68, 597.50
227.29, 94.41, 722.41
230.85, 91.14, 847.32
224.47, 222.63, 600.75
228.02, 219.37, 725.66
231.58, 216.10, 850.57
225.20, 347.59, 604.00
228.75, 344.32, 728.91
232.31, 341.05, 853.82
348.68, 97.04, 593.93
352.24, 93.77, 718.84
355.79, 90.50, 843.75
349.41, 221.99, 597.18
352.97, 218.73, 722.09
356.52, 215.46, 846.99
350.15, 346.95, 600.43
353.70, 343.68, 725.34
357.26, 340.41, 850.24
98.33, 224.19, 99.75
97.94, 226.95, 224.72
97.55, 229.70, 349.69
100.11, 349.15, 97.00
99.72, 351.90, 221.97
99.34, 354.66, 346.94
101.90, 474.11, 94.25
101.51, 476.86, 219.22
101.12, 479.62, 344.19
223.31, 222.42, 100.18
222.92, 225.17, 225.14
222.54, 227.93, 350.11
225.10, 347.37, 97.43
224.71, 350.13, 222.39
224.32, 352.88, 347.36
226.88, 472.33, 94.68
226.50, 475.08, 219.65
226.11, 477.84, 344.61
348.30, 220.64, 100.60
347.91, 223.39, 225.57
347.52, 226.15, 350.54
350.08, 345.60, 97.85
349.70, 348.35, 222.82
349.31, 351.11, 347.79
351.87, 470.55, 95.10
351.48, 473.31, 220.07
351.09, 476.06, 345.04
100.08, 223.42, 226.80
101.18, 220.60, 351.77
102.28, 217.77, 476.73
100.13, 348.39, 229.63
101.23, 345.56, 354.59
102.32, 342.74, 479.55
100.18, 473.36, 232.45
101.28, 470.53, 357.42
102.37, 467.71, 482.38
225.08, 223.40, 225.70
226.17, 220.57, 350.67
227.27, 217.75, 475.63
225.13, 348.37, 228.53
226.22, 345.54, 353.49
227.32, 342.71, 478.46
225.17, 473.33, 231.35
226.27, 470.51, 356.32
227.37, 467.68, 481.28
350.07, 223.37, 224.61
351.17, 220.55, 349.57
352.27, 217.72, 474.53
350.12, 348.34, 227.43
351.22, 345.52, 352.39
352.31, 342.69, 477.36
350.17, 473.31, 230.26
351.27, 470.48, 355.22
352.36, 467.66, 480.18
101.83, 224.93, 349.31
103.88, 228.39, 474.25
105.94, 231.85, 599.18
102.78, 349.87, 345.83
104.83, 353.34, 470.77
106.88, 356.80, 595.70
103.72, 474.82, 342.35
105.77, 478.29, 467.29
107.83, 481.75, 592.22
226.81, 223.92, 347.28
228.86, 227.39, 472.22
230.92, 230.85, 597.15
227.76, 348.87, 343.80
229.81, 352.34, 468.74
231.86, 355.80, 593.68
228.70, 473.82, 340.33
230.75, 477.28, 465.26
232.81, 480.75, 590.20
351.79, 222.92, 345.26
353.84, 226.39, 470.19
355.90, 229.85, 595.13
352.74, 347.87, 341.78
354.79, 351.34, 466.71
356.84, 354.80, 591.65
353.68, 472.82, 338.30
355.73, 476.28, 463.23
357.79, 479.75, 588.17
100.73, 224.58, 474.57
104.40, 222.46, 599.50
108.08, 220.33, 724.43
102.04, 349.56, 476.66
105.72, 347.43, 601.58
109.40, 345.31, 726.51
103.36, 474.53, 478.74
107.04, 472.41, 603.67
110.71, 470.29, 728.60
225.67, 223.33, 470.87
229.34, 221.20, 595.80
233.02, 219.08, 720.73
226.98, 348.30, 472.96
230.66, 346.18, 597.89
234.34, 344.06, 722.81
228.30, 473.28, 475.04
231.97, 471.15, 599.97
235.65, 469.03, 724.90
350.61, 222.07, 467.18
354.28, 219.95, 592.10
357.96, 217.83, 717.03
351.92, 347.05, 469.26
355.60, 344.92, 594.19
359.27, 342.80, 719.12
353.24, 472.02, 471.34
356.91, 469.90, 596.27
360.59, 467.78, 721.20
102.00, 226.77, 601.01
103.79, 230.38, 725.95
105.57, 233.99, 850.88
98.76, 351.68, 597.45
100.55, 355.29, 722.39
102.33, 358.90, 847.32
95.52, 476.59, 593.89
97.31, 480.20, 718.82
99.10, 483.81, 843.76
226.94, 229.96, 599.13
228.73, 233.57, 724.07
230.52, 237.18, 849.00
223.71, 354.87, 595.57
225.49, 358.48, 720.51
227.28, 362.09, 845.44
220.47, 479.77, 592.01
222.25, 483.38, 716.95
224.04, 486.99, 841.88
351.89, 233.15, 597.26
353.68, 236.75, 722.19
355.46, 240.36, 847.13
348.65, 358.05, 593.69
350.44, 361.66, 718.63
352.22, 365.27, 843.56
345.41, 482.96, 590.13
347.20, 486.57, 715.07
348.99, 490.18, 840.00
99.41, 349.97, 98.93
97.99, 351.82, 223.91
96.57, 353.66, 348.89
95.84, 474.91, 97.05
94.41, 476.75, 222.03
92.99, 478.59, 347.01
92.26, 599.84, 95.17
90.84, 601.69, 220.14
89.42, 603.53, 345.12
224.35, 353.57, 100.30
222.93, 355.41, 225.28
221.51, 357.25, 350.26
220.78, 478.50, 98.42
219.35, 480.35, 223.40
217.93, 482.19, 348.38
217.20, 603.44, 96.54
215.78, 605.28, 221.51
214.36, 607.12, 346.49
349.29, 357.16, 101.67
347.87, 359.01, 226.65
346.45, 360.85, 351.63
345.72, 482.10, 99.79
344.30, 483.94, 224.77
342.87, 485.78, 349.75
342.14, 607.03, 97.91
340.72, 608.88, 222.88
339.30, 610.72, 347.86
101.87, 350.93, 225.14
102.80, 348.03, 350.11
103.73, 345.12, 475.07
102.54, 475.90, 228.04
103.47, 472.99, 353.01
104.40, 470.09, 477.97
103.21, 600.86, 230.94
104.14, 597.96, 355.90
105.07, 595.05, 480.87
226.86, 350.28, 224.20
227.79, 347.38, 349.16
228.72, 344.47, 474.12
227.54, 475.25, 227.10
228.46, 472.34, 352.06
229.39, 469.44, 477.02
228.21, 600.21, 230.00
229.14, 597.31, 354.96
230.07, 594.40, 479.92
351.86, 349.63, 223.25
352.79, 346.73, 348.22
353.72, 343.82, 473.18
352.53, 474.60, 226.15
353.46, 471.69, 351.11
354.39, 468.79, 476.08
353.20, 599.56, 229.05
354.13, 596.66, 354.01
355.06, 593.75, 478.98
98.99, 349.43, 348.32
102.57, 347.95, 473.26
106.14, 346.47, 598.20
97.70, 474.41, 349.84
101.27, 472.93, 474.78
104.84, 471.46, 599.72
96.41, 599.40, 351.35
99.98, 597.92, 476.29
103.55, 596.44, 601.23
223.94, 350.76, 344.76
227.51, 349.28, 469.70
231.08, 347.81, 594.64
222.65, 475.75, 346.28
226.22, 474.27, 471.22
229.79, 472.79, 596.16
221.35, 600.73, 347.80
224.93, 599.25, 472.74
228.50, 597.77, 597.68
348.88, 352.10, 341.21
352.45, 350.62, 466.15
356.02, 349.14, 591.09
347.59, 477.08, 342.72
351.16, 475.60, 467.66
354.73, 474.12, 592.60
346.30, 602.06, 344.24
349.87, 600.59, 469.18
353.44, 599.11, 594.12
101.60, 350.21, 473.84
100.97, 353.81, 598.79
100.35, 357.41, 723.73
98.83, 475.13, 470.23
98.21, 478.73, 595.18
97.59, 482.32, 720.12
96.07, 600.05, 466.62
95.44, 603.64, 591.57
94.82, 607.24, 716.52
226.57, 353.00, 474.38
225.94, 356.59, 599.33
225.32, 360.19, 724.28
223.80, 477.91, 470.77
223.18, 481.51, 595.72
222.55, 485.10, 720.67
221.04, 602.83, 467.17
220.41, 606.43, 592.11
219.79, 610.02, 717.06
351.53, 355.78, 474.93
350.91, 359.37, 599.87
350.29, 362.97, 724.82
348.77, 480.69, 471.32
348.15, 484.29, 596.26
347.52, 487.89, 721.21
346.00, 605.61, 467.71
345.38, 609.21, 592.66
344.76, 612.80, 717.60
99.71, 350.49, 601.11
101.85, 349.67, 726.09
103.98, 348.84, 851.06
98.95, 475.49, 601.94
101.08, 474.66, 726.92
103.21, 473.84, 851.90
98.18, 600.48, 602.78
100.32, 599.66, 727.76
102.45, 598.83, 852.74
224.69, 351.27, 598.98
226.83, 350.45, 723.96
228.96, 349.62, 848.94
223.93, 476.26, 599.82
226.06, 475.44, 724.79
228.19, 474.62, 849.77
223.16, 601.26, 600.65
225.29, 600.43, 725.63
227.43, 599.61, 850.61
349.67, 352.05, 596.85
351.80, 351.22, 721.83
353.94, 350.40, 846.81
348.91, 477.04, 597.69
351.04, 476.22, 722.67
353.17, 475.39, 847.65
348.14, 602.04, 598.53
350.27, 601.21, 723.50
352.41, 600.39, 848.48
101.43, 474.82, 99.32
104.60, 473.42, 224.27
107.76, 472.03, 349.22
103.28, 599.80, 100.67
106.45, 598.40, 225.62
109.62, 597.00, 350.57
105.13, 724.78, 102.02
108.30, 723.38, 226.97
111.47, 721.98, 351.93
226.38, 473.01, 96.13
229.54, 471.61, 221.08
232.71, 470.21, 346.03
228.23, 597.99, 97.48
231.39, 596.59, 222.43
234.56, 595.19, 347.39
230.08, 722.96, 98.84
233.25, 721.57, 223.79
236.41, 720.17, 348.74
351.32, 471.19, 92.94
354.49, 469.79, 217.90
357.66, 468.39, 342.85
353.17, 596.17, 94.30
356.34, 594.77, 219.25
359.51, 593.37, 344.20
355.03, 721.15, 95.65
358.19, 719.75, 220.60
361.36, 718.35, 345.55
99.00, 474.26, 225.47
98.14, 473.87, 350.47
97.27, 473.47, 475.46
98.88, 599.26, 225.87
98.02, 598.87, 350.86
97.16, 598.47, 475.86
98.76, 724.26, 226.26
97.90, 723.87, 351.26
97.04, 723.47, 476.26
223.99, 474.38, 226.33
223.13, 473.98, 351.33
222.27, 473.58, 476.32
223.88, 599.38, 226.73
223.01, 598.98, 351.73
222.15, 598.58, 476.72
223.76, 724.38, 227.13
222.90, 723.98, 352.12
222.04, 723.58, 477.12
348.99, 474.49, 227.19
348.13, 474.10, 352.19
347.27, 473.70, 477.19
348.87, 599.49, 227.59
348.01, 599.10, 352.59
347.15, 598.70, 477.58
348.76, 724.49, 227.99
347.89, 724.09, 352.98
347.03, 723.70, 477.98
98.25, 476.03, 349.32
95.37, 474.43, 474.28
92.50, 472.84, 599.24
100.89, 600.99, 350.98
98.01, 599.40, 475.93
95.14, 597.80, 600.89
103.53, 725.95, 352.63
100.65, 724.36, 477.59
97.78, 722.76, 602.55
223.19, 473.35, 352.16
220.31, 471.76, 477.12
217.44, 470.16, 602.07
225.82, 598.31, 353.82
222.95, 596.72, 478.77
220.08, 595.12, 603.73
228.46, 723.27, 355.47
225.59, 721.68, 480.43
222.72, 720.09, 605.38
348.12, 470.67, 355.00
345.25, 469.08, 479.96
342.38, 467.49, 604.91
350.76, 595.64, 356.65
347.89, 594.04, 481.61
345.02, 592.45, 606.57
353.40, 720.60, 358.31
350.53, 719.00, 483.26
347.66, 717.41, 608.22
99.00, 476.15, 475.97
98.96, 475.80, 600.97
98.92, 475.46, 725.97
100.76, 601.14, 476.32
100.73, 600.79, 601.31
100.69, 600.44, 726.31
102.53, 726.13, 476.66
102.50, 725.78, 601.66
102.46, 725.43, 726.66
223.98, 474.38, 476.00
223.95, 474.04, 601.00
223.91, 473.69, 726.00
225.75, 599.37, 476.35
225.72, 599.02, 601.35
225.68, 598.68, 726.35
227.52, 724.36, 476.70
227.48, 724.01, 601.70
227.45, 723.66, 726.69
348.97, 472.61, 476.03
348.93, 472.27, 601.03
348.90, 471.92, 726.03
350.74, 597.60, 476.38
350.70, 597.25, 601.38
350.67, 596.91, 726.38
352.51, 722.59, 476.73
352.47, 722.24, 601.73
352.43, 721.89, 726.73
101.46, 473.99, 601.26
98.26, 475.59, 726.21
95.06, 477.19, 851.16
101.67, 598.98, 599.67
98.48, 600.58, 724.62
95.28, 602.18, 849.56
101.89, 723.97, 598.07
98.69, 725.57, 723.02
95.49, 727.17, 847.97
226.42, 473.81, 604.46
223.22, 475.41, 729.41
220.02, 477.01, 854.36
226.63, 598.80, 602.87
223.44, 600.40, 727.82
220.24, 602.00, 852.76
226.85, 723.79, 601.27
223.65, 725.39, 726.22
220.45, 726.99, 851.17
351.38, 473.64, 607.66
348.18, 475.24, 732.61
344.98, 476.84, 857.56
351.59, 598.63, 606.07
348.39, 600.23, 731.01
345.20, 601.83, 855.96
351.81, 723.62, 604.47
348.61, 725.22, 729.42
345.41, 726.82, 854.37
99.37, 601.44, 100.45
102.03, 604.87, 225.37
104.69, 608.30, 350.30
95.66, 726.34, 97.10
98.32, 729.77, 222.02
100.98, 733.20, 346.95
91.95, 851.24, 93.75
94.61, 854.67, 218.68
97.27, 858.10, 343.60
224.28, 605.07, 97.69
226.94, 608.50, 222.61
229.61, 611.93, 347.54
220.57, 729.97, 94.34
223.24, 733.40, 219.27
225.90, 736.83, 344.19
216.86, 854.87, 90.99
219.53, 858.30, 215.92
222.19, 861.73, 340.84
349.20, 608.71, 94.93
351.86, 612.14, 219.85
354.52, 615.57, 344.78
345.49, 733.61, 91.58
348.15, 737.04, 216.51
350.81, 740.47, 341.43
341.78, 858.51, 88.23
344.44, 861.94, 213.16
347.10, 865.37, 338.08
99.19, 598.59, 225.48
98.97, 601.68, 350.44
98.74, 604.77, 475.40
98.42, 723.55, 222.39
98.20, 726.64, 347.35
97.97, 729.73, 472.31
97.65, 848.51, 219.30
97.42, 851.60, 344.26
97.20, 854.69, 469.23
224.19, 599.37, 225.68
223.96, 602.46, 350.65
223.74, 605.54, 475.61
223.42, 724.33, 222.60
223.19, 727.42, 347.56
222.97, 730.50, 472.52
222.64, 849.29, 219.51
222.42, 852.38, 344.47
222.20, 855.46, 469.43
349.19, 600.15, 225.89
348.96, 603.24, 350.85
348.74, 606.32, 475.81
348.41, 725.11, 222.80
348.19, 728.20, 347.76
347.97, 731.28, 472.72
347.64, 850.07, 219.71
347.42, 853.15, 344.67
347.19, 856.24, 469.64
99.40, 601.72, 350.43
95.84, 601.55, 475.38
92.29, 601.37, 600.33
102.00, 726.70, 350.68
98.44, 726.52, 475.63
94.89, 726.34, 600.58
104.59, 851.67, 350.93
101.04, 851.49, 475.88
97.49, 851.32, 600.83
224.32, 599.12, 353.98
220.77, 598.94, 478.93
217.21, 598.77, 603.88
226.92, 724.09, 354.23
223.37, 723.92, 479.18
219.81, 723.74, 604.13
229.52, 849.07, 354.48
225.96, 848.89, 479.43
222.41, 848.71, 604.38
349.24, 596.52, 357.53
345.69, 596.34, 482.48
342.14, 596.16, 607.43
351.84, 721.49, 357.78
348.29, 721.31, 482.73
344.73, 721.14, 607.68
354.44, 846.46, 358.03
350.89, 846.29, 482.98
347.33, 846.11, 607.93
100.29, 601.41, 476.84
103.37, 602.45, 601.80
106.45, 603.48, 726.76
97.82, 726.39, 475.87
100.90, 727.42, 600.83
103.98, 728.45, 725.79
95.35, 851.36, 474.90
98.43, 852.39, 599.85
101.52, 853.43, 724.81
225.23, 603.86, 473.74
228.31, 604.89, 598.70
231.39, 605.93, 723.66
222.76, 728.83, 472.77
225.84, 729.86, 597.73
228.92, 730.90, 722.68
220.29, 853.80, 471.80
223.37, 854.84, 596.75
226.45, 855.87, 721.71
350.17, 606.30, 470.64
353.25, 607.34, 595.60
356.33, 608.37, 720.56
347.70, 731.27, 469.67
350.78, 732.31, 594.63
353.86, 733.34, 719.58
345.23, 856.25, 468.69
348.31, 857.28, 593.65
351.39, 858.31, 718.61
101.04, 600.23, 600.29
103.07, 601.90, 725.26
105.10, 603.58, 850.23
98.01, 725.18, 598.66
100.04, 726.86, 723.63
102.06, 728.53, 848.61
94.97, 850.13, 597.03
97.00, 851.81, 722.01
99.03, 853.48, 846.98
225.99, 603.23, 598.22
228.02, 604.91, 723.19
230.04, 606.59, 848.17
222.96, 728.19, 596.60
224.98, 729.86, 721.57
227.01, 731.54, 846.54
219.92, 853.14, 594.97
221.95, 854.82, 719.94
223.97, 856.49, 844.91
350.94, 606.24, 596.16
352.96, 607.92, 721.13
354.99, 609.60, 846.10
347.90, 731.20, 594.53
349.93, 732.87, 719.50
351.96, 734.55, 844.47
344.87, 856.15, 592.90
346.89, 857.82, 717.87
348.92, 859.50, 842.85
225.57, 98.16, 101.35
229.14, 99.02, 226.30
232.71, 99.88, 351.24
226.64, 223.15, 100.46
230.21, 224.01, 225.41
233.78, 224.87, 350.35
227.71, 348.14, 99.57
231.28, 349.00, 224.52
234.85, 349.86, 349.46
350.51, 97.06, 97.79
354.08, 97.92, 222.74
357.65, 98.78, 347.68
351.59, 222.06, 96.90
355.15, 222.92, 221.84
358.72, 223.77, 346.79
352.66, 347.05, 96.01
356.22, 347.91, 220.95
359.79, 348.77, 345.90
475.46, 95.97, 94.23
479.03, 96.83, 219.17
482.60, 97.69, 344.12
476.53, 220.96, 93.34
480.10, 221.82, 218.28
483.67, 222.68, 343.23
477.60, 345.95, 92.45
481.17, 346.81, 217.39
484.74, 347.67, 342.34
224.36, 99.95, 226.91
226.39, 97.11, 351.86
228.42, 94.26, 476.81
226.16, 224.91, 229.72
228.19, 222.06, 354.67
230.21, 219.22, 479.63
227.95, 349.86, 232.54
229.98, 347.02, 357.49
232.01, 344.18, 482.44
349.33, 98.20, 224.84
351.36, 95.36, 349.79
353.39, 92.51, 474.74
351.13, 223.16, 227.65
353.16, 220.31, 352.61
355.19, 217.47, 477.56
352.92, 348.11, 230.47
354.95, 345.27, 355.42
356.98, 342.42, 480.37
474.30, 96.45, 222.77
476.33, 93.61, 347.72
478.36, 90.76, 472.67
476.10, 221.40, 225.58
478.13, 218.56, 350.54
480.16, 215.72, 475.49
477.90, 346.36, 228.40
479.92, 343.52, 353.35
481.95, 340.67, 478.30
226.99, 100.54, 349.00
229.65, 98.12, 473.95
232.30, 95.69, 598.90
224.22, 225.49, 351.49
226.88, 223.06, 476.43
229.53, 220.64, 601.38
221.45, 350.43, 353.97
224.10, 348.01, 478.92
226.76, 345.58, 603.87
351.93, 103.36, 346.40
354.59, 100.94, 471.35
357.24, 98.51, 596.30
349.16, 228.31, 348.89
351.82, 225.88, 473.84
354.47, 223.46, 598.78
346.39, 353.25, 351.37
349.04, 350.83, 476.32
351.70, 348.40, 601.27
476.87, 106.19, 343.80
479.53, 103.76, 468.75
482.18, 101.34, 593.70
474.10, 231.13, 346.29
476.76, 228.71, 471.24
479.41, 226.28, 596.18
471.33, 356.08, 348.77
473.99, 353.65, 473.72
476.64, 351.23, 598.67
224.71, 100.94, 476.90
225.48, 99.81, 601.89
226.24, 98.68, 726.88
227.66, 225.90, 478.01
228.42, 224.77, 603.00
229.19, 223.64, 727.99
230.60, 350.86, 479.12
231.37, 349.73, 604.11
232.13, 348.60, 729.10
349.68, 98.00, 476.11
350.44, 96.87, 601.10
351.20, 95.74, 726.09
352.62, 222.96, 477.22
353.39, 221.83, 602.21
354.15, 220.70, 727.20
355.57, 347.92, 478.33
356.33, 346.79, 603.32
357.09, 345.66, 728.31
474.64, 95.06, 475.32
475.40, 93.93, 600.31
476.17, 92.80, 725.30
477.58, 220.02, 476.43
478.35, 218.89, 601.42
479.11, 217.76, 726.41
480.53, 344.98, 477.54
481.29, 343.85, 602.53
482.06, 342.72, 727.52
224.34, 99.28, 599.67
222.27, 102.09, 724.62
220.19, 104.90, 849.58
225.98, 224.24, 596.89
223.91, 227.05, 721.84
221.84, 229.85, 846.80
227.63, 349.20, 594.11
225.55, 352.01, 719.06
223.48, 354.81, 844.02
349.31, 97.69, 601.78
347.24, 100.49, 726.73
345.17, 103.30, 851.69
350.96, 222.64, 599.00
348.88, 225.45, 723.95
346.81, 228.26, 848.91
352.60, 347.60, 596.22
350.53, 350.41, 721.18
348.45, 353.22, 846.13
474.29, 96.09, 603.89
472.21, 98.90, 728.85
470.14, 101.70, 853.80
475.93, 221.05, 601.11
473.85, 223.86, 726.07
471.78, 226.66, 851.02
477.57, 346.01, 598.33
475.50, 348.81, 723.29
473.42, 351.62, 848.24
223.21, 223.38, 100.78
225.92, 226.80, 225.71
228.63, 230.22, 350.63
223.69, 348.34, 97.35
226.40, 351.76, 222.27
229.11, 355.17, 347.20
224.17, 473.29, 93.92
226.88, 476.71, 218.84
229.59, 480.13, 343.77
348.18, 222.83, 98.09
350.89, 226.25, 223.01
353.60, 229.67, 347.93
348.66, 347.78, 94.65
351.37, 351.20, 219.58
354.08, 354.62, 344.50
349.14, 472.73, 91.22
351.85, 476.15, 216.15
354.56, 479.57, 341.07
473.15, 222.28, 95.39
475.86, 225.70, 220.31
478.57, 229.11, 345.24
473.63, 347.23, 91.96
476.34, 350.65, 216.88
479.05, 354.07, 341.81
474.11, 472.18, 88.53
476.82, 475.60, 213.45
479.53, 479.02, 338.38
223.07, 224.60, 225.15
220.57, 225.65, 350.12
218.07, 226.71, 475.09
222.59, 349.59, 224.08
220.09, 350.65, 349.05
217.59, 351.70, 474.03
222.10, 474.59, 223.02
219.60, 475.64, 347.99
217.10, 476.70, 472.96
348.04, 225.10, 227.65
345.54, 226.16, 352.62
343.04, 227.21, 477.59
347.56, 350.10, 226.58
345.06, 351.15, 351.55
342.56, 352.21, 476.52
347.08, 475.09, 225.51
344.58, 476.15, 350.48
342.08, 477.20, 475.45
473.02, 225.61, 230.14
470.52, 226.66, 355.11
468.02, 227.72, 480.08
472.53, 350.60, 229.07
470.03, 351.66, 354.05
467.53, 352.71, 479.02
472.05, 475.60, 228.01
469.55, 476.65, 352.98
467.05, 477.71, 477.95
226.31, 224.57, 351.30
229.45, 227.83, 476.21
232.60, 231.09, 601.13
224.37, 349.51, 348.08
227.51, 352.77, 473.00
230.65, 356.04, 597.92
222.43, 474.46, 344.87
225.57, 477.72, 469.79
228.71, 480.98, 594.70
351.26, 226.43, 348.10
354.40, 229.69, 473.02
357.54, 232.95, 597.94
349.31, 351.37, 344.89
352.46, 354.63, 469.81
355.60, 357.90, 594.73
347.37, 476.32, 341.68
350.52, 479.58, 466.59
353.66, 482.84, 591.51
476.20, 228.29, 344.91
479.35, 231.55, 469.83
482.49, 234.81, 594.75
474.26, 353.23, 341.70
477.40, 356.50, 466.62
480.55, 359.76, 591.53
472.32, 478.18, 338.48
475.46, 481.44, 463.40
478.60, 484.70, 588.32
224.30, 225.96, 476.67
223.74, 228.03, 601.65
223.17, 230.09, 726.63
224.12, 350.95, 474.61
223.55, 353.01, 599.59
222.99, 355.08, 724.57
223.93, 475.93, 472.54
223.37, 477.99, 597.52
222.80, 480.06, 722.50
349.30, 226.16, 477.23
348.74, 228.22, 602.21
348.17, 230.29, 727.20
349.11, 351.14, 475.17
348.55, 353.20, 600.15
347.99, 355.27, 725.13
348.93, 476.12, 473.10
348.36, 478.19, 598.08
347.80, 480.25, 723.06
474.30, 226.35, 477.79
473.73, 228.42, 602.78
473.17, 230.48, 727.76
474.11, 351.33, 475.73
473.55, 353.40, 600.71
472.98, 355.46, 725.69
473.93, 476.32, 473.66
473.36, 478.38, 598.64
472.80, 480.45, 723.63
225.25, 223.21, 600.89
227.18, 220.62, 725.85
229.11, 218.02, 850.81
223.81, 348.18, 603.51
225.75, 345.58, 728.46
227.68, 342.98, 853.42
222.38, 473.14, 606.12
224.31, 470.54, 731.08
226.24, 467.95, 856.04
350.22, 224.69, 598.99
352.16, 222.09, 723.95
354.09, 219.50, 848.90
348.79, 349.65, 601.60
350.72, 347.06, 726.56
352.66, 344.46, 851.52
347.35, 474.61, 604.22
349.29, 472.02, 729.18
351.22, 469.42, 854.14
475.20, 226.16, 597.08
477.13, 223.57, 722.04
479.07, 220.97, 847.00
473.77, 351.13, 599.70
475.70, 348.53, 724.66
477.63, 345.93, 849.62
472.33, 476.09, 602.32
474.26, 473.49, 727.28
476.20, 470.90, 852.24
224.32, 350.84, 100.98
226.63, 349.13, 225.95
228.94, 347.43, 350.92
222.66, 475.81, 102.72
224.97, 474.11, 227.68
227.28, 472.41, 352.65
220.99, 600.79, 104.45
223.30, 599.09, 229.42
225.61, 597.38, 354.39
349.29, 352.53, 98.70
351.60, 350.83, 223.66
353.91, 349.12, 348.63
347.62, 477.51, 100.43
349.93, 475.81, 225.40
352.24, 474.10, 350.36
345.96, 602.49, 102.17
348.27, 600.78, 227.13
350.58, 599.08, 352.10
474.26, 354.23, 96.41
476.56, 352.52, 221.38
478.87, 350.82, 346.34
472.59, 479.20, 98.14
474.90, 477.50, 223.11
477.21, 475.80, 348.08
470.93, 604.18, 99.88
473.24, 602.48, 224.85
475.55, 600.77, 349.81
226.79, 351.89, 223.29
229.00, 349.04, 348.24
231.21, 346.19, 473.19
227.45, 476.85, 226.13
229.66, 474.01, 351.08
231.87, 471.16, 476.03
228.11, 601.82, 228.97
230.32, 598.97, 353.91
232.53, 596.13, 478.86
351.77, 351.28, 221.07
353.98, 348.43, 346.02
356.19, 345.58, 470.97
352.43, 476.24, 223.91
354.64, 473.39, 348.85
356.85, 470.55, 473.80
353.09, 601.21, 226.74
355.30, 598.36, 351.69
357.51, 595.51, 476.64
476.75, 350.66, 218.85
478.96, 347.82, 343.79
481.16, 344.97, 468.74
477.41, 475.63, 221.68
479.62, 472.78, 346.63
481.83, 469.94, 471.58
478.07, 600.60, 224.52
480.28, 597.75, 349.47
482.49, 594.90, 474.41
224.46, 348.05, 351.76
224.23, 345.19, 476.72
224.01, 342.34, 601.69
225.32, 473.01, 354.61
225.09, 470.16, 479.58
224.86, 467.30, 604.55
226.17, 597.98, 357.47
225.94, 595.12, 482.44
225.71, 592.27, 607.40
349.46, 347.19, 351.97
349.23, 344.34, 476.93
349.00, 341.48, 601.90
350.31, 472.15, 354.82
350.08, 469.30, 479.79
349.86, 466.45, 604.76
351.17, 597.12, 357.68
350.94, 594.26, 482.65
350.71, 591.41, 607.61
474.46, 346.33, 352.17
474.23, 343.48, 477.14
474.00, 340.62, 602.11
475.31, 471.30, 355.03
475.08, 468.44, 480.00
474.85, 465.59, 604.96
476.16, 596.26, 357.89
475.94, 593.41, 482.85
475.71, 590.55, 607.82
225.33, 350.28, 474.37
226.12, 352.42, 599.35
226.90, 354.57, 724.32
221.96, 475.21, 472.24
222.75, 477.36, 597.22
223.54, 479.51, 722.20
218.59, 600.15, 470.12
219.38, 602.30, 595.10
220.17, 604.44, 720.08
350.28, 353.63, 473.52
351.07, 355.78, 598.50
351.86, 357.92, 723.48
346.91, 478.57, 471.40
347.70, 480.72, 596.38
348.49, 482.86, 721.36
343.55, 603.51, 469.28
344.33, 605.65, 594.26
345.12, 607.80, 719.23
475.24, 356.99, 472.68
476.02, 359.13, 597.66
476.81, 361.28, 722.64
471.87, 481.92, 470.56
472.65, 484.07, 595.54
473.44, 486.22, 720.51
468.50, 606.86, 468.43
469.28, 609.01, 593.41
470.07, 611.15, 718.39
225.43, 349.78, 598.39
228.77, 346.75, 723.31
232.12, 343.73, 848.22
228.70, 474.70, 601.32
232.04, 471.68, 726.24
235.38, 468.65, 851.16
231.96, 599.62, 604.26
235.31, 596.60, 729.18
238.65, 593.58, 854.10
350.34, 346.59, 594.97
353.69, 343.57, 719.89
357.03, 340.55, 844.80
353.61, 471.52, 597.90
356.95, 468.49, 722.82
360.30, 465.47, 847.74
356.88, 596.44, 600.84
360.22, 593.42, 725.76
363.56, 590.39, 850.68
475.26, 343.41, 591.55
478.60, 340.38, 716.47
481.94, 337.36, 841.39
478.52, 468.33, 594.48
481.87, 465.31, 719.40
485.21, 462.28, 844.32
481.79, 593.25, 597.42
485.13, 590.23, 722.34
488.47, 587.21, 847.26
224.93, 473.62, 99.84
228.15, 472.19, 224.79
231.37, 470.76, 349.74
224.50, 598.61, 101.28
227.73, 597.18, 226.23
230.95, 595.75, 351.18
224.08, 723.60, 102.72
227.30, 722.17, 227.67
230.53, 720.74, 352.62
349.88, 474.08, 96.62
353.11, 472.65, 221.57
356.33, 471.22, 346.52
349.46, 599.07, 98.06
352.68, 597.64, 223.01
355.91, 596.21, 347.96
349.04, 724.06, 99.50
352.26, 722.63, 224.45
355.48, 721.20, 349.40
474.84, 474.54, 93.40
478.06, 473.11, 218.35
481.29, 471.68, 343.30
474.42, 599.53, 94.84
477.64, 598.10, 219.79
480.86, 596.67, 344.74
473.99, 724.52, 96.28
477.22, 723.09, 221.23
480.44, 721.66, 346.18
223.78, 475.66, 225.19
223.26, 473.24, 350.16
222.74, 470.82, 475.14
225.10, 600.63, 227.61
224.58, 598.21, 352.59
224.06, 595.79, 477.56
226.42, 725.60, 230.04
225.90, 723.18, 355.01
225.38, 720.76, 479.99
348.77, 474.33, 225.68
348.25, 471.91, 350.65
347.74, 469.49, 475.63
350.09, 599.30, 228.10
349.57, 596.88, 353.08
349.06, 594.46, 478.06
351.41, 724.27, 230.53
350.89, 721.85, 355.51
350.38, 719.43, 480.48
473.76, 473.00, 226.17
473.24, 470.58, 351.15
472.73, 468.16, 476.12
475.08, 597.97, 228.60
474.56, 595.55, 353.57
474.05, 593.13, 478.55
476.40, 722.94, 231.02
475.89, 720.52, 356.00
475.37, 718.10, 480.97
224.06, 474.06, 351.79
227.67, 474.79, 476.73
231.29, 475.51, 601.68
223.69, 599.06, 351.07
227.30, 599.78, 476.02
230.92, 600.51, 600.97
223.31, 724.06, 350.36
226.93, 724.78, 475.31
230.55, 725.51, 600.25
349.00, 474.41, 348.17
352.62, 475.14, 473.12
356.24, 475.86, 598.06
348.63, 599.41, 347.46
352.25, 600.13, 472.40
355.87, 600.86, 597.35
348.26, 724.41, 346.74
351.88, 725.13, 471.69
355.49, 725.86, 596.63
473.95, 474.76, 344.55
477.57, 475.49, 469.50
481.18, 476.21, 594.44
473.58, 599.76, 343.84
477.20, 600.49, 468.78
480.81, 601.21, 593.73
473.21, 724.76, 343.12
476.82, 725.48, 468.07
480.44, 726.21, 593.01
223.46, 473.92, 476.18
220.47, 471.81, 601.13
217.48, 469.70, 726.07
224.10, 598.90, 478.31
221.11, 596.79, 603.25
218.12, 594.68, 728.20
224.75, 723.88, 480.44
221.76, 721.77, 605.38
218.77, 719.66, 730.33
348.42, 473.22, 479.16
345.43, 471.11, 604.10
342.44, 469.00, 729.05
349.06, 598.20, 481.29
346.08, 596.09, 606.23
343.09, 593.98, 731.18
349.71, 723.18, 483.41
346.72, 721.07, 608.36
343.73, 718.96, 733.31
473.38, 472.53, 482.14
470.39, 470.42, 607.08
467.40, 468.30, 732.03
474.03, 597.51, 484.26
471.04, 595.40, 609.21
468.05, 593.28, 734.16
474.67, 722.49, 486.39
471.68, 720.38, 611.34
468.69, 718.26, 736.29
225.48, 476.20, 601.15
224.19, 476.11, 726.14
222.91, 476.01, 851.13
228.25, 601.17, 601.27
226.96, 601.08, 726.26
225.68, 600.98, 851.26
231.02, 726.14, 601.39
229.73, 726.05, 726.39
228.45, 725.95, 851.38
350.44, 473.43, 602.43
349.15, 473.34, 727.42
347.87, 473.24, 852.42
353.21, 598.40, 602.55
351.93, 598.31, 727.55
350.64, 598.21, 852.54
355.98, 723.37, 602.67
354.70, 723.27, 727.67
353.41, 723.18, 852.66
475.40, 470.66, 603.71
474.12, 470.56, 728.70
472.83, 470.47, 853.70
478.17, 595.63, 603.83
476.89, 595.53, 728.83
475.60, 595.44, 853.82
480.94, 720.60, 603.96
479.66, 720.50, 728.95
478.37, 720.41, 853.94
224.65, 600.11, 100.20
225.82, 597.86, 225.18
227.00, 595.61, 350.15
223.93, 725.09, 102.46
225.11, 722.84, 227.44
226.28, 720.59, 352.41
223.21, 850.07, 104.72
224.39, 847.82, 229.70
225.56, 845.56, 354.67
349.64, 600.85, 99.04
350.82, 598.60, 224.02
351.99, 596.35, 348.99
348.92, 725.83, 101.30
350.10, 723.58, 226.28
351.27, 721.32, 351.25
348.21, 850.81, 103.56
349.38, 848.56, 228.53
350.55, 846.30, 353.51
474.63, 601.59, 97.88
475.81, 599.34, 222.85
476.98, 597.09, 347.83
473.92, 726.57, 100.14
475.09, 724.32, 225.11
476.26, 722.06, 350.09
473.20, 851.55, 102.40
474.37, 849.29, 227.37
475.55, 847.04, 352.35
224.78, 599.25, 225.17
227.34, 600.22, 350.14
229.90, 601.20, 475.11
228.33, 724.19, 224.12
230.89, 725.17, 349.09
233.44, 726.15, 474.06
231.88, 849.14, 223.07
234.44, 850.11, 348.04
236.99, 851.09, 473.01
349.70, 595.68, 222.64
352.26, 596.65, 347.61
354.82, 597.63, 472.58
353.25, 720.62, 221.59
355.81, 721.60, 346.56
358.37, 722.58, 471.53
356.80, 845.57, 220.54
359.36, 846.55, 345.51
361.92, 847.52, 470.48
474.63, 592.11, 220.11
477.18, 593.09, 345.08
479.74, 594.06, 470.05
478.18, 717.05, 219.06
480.73, 718.03, 344.03
483.29, 719.01, 469.00
481.72, 842.00, 218.01
484.28, 842.98, 342.98
486.84, 843.95, 467.95
225.75, 599.05, 348.17
226.05, 601.00, 473.16
226.35, 602.95, 598.14
224.24, 724.02, 346.23
224.54, 725.97, 471.21
224.84, 727.93, 596.20
222.73, 849.00, 344.28
223.03, 850.95, 469.26
223.33, 852.90, 594.25
350.74, 600.55, 347.85
351.04, 602.50, 472.84
351.34, 604.45, 597.82
349.23, 725.53, 345.90
349.53, 727.48, 470.89
349.83, 729.43, 595.87
347.72, 850.50, 343.96
348.02, 852.45, 468.94
348.32, 854.41, 593.92
475.73, 602.06, 347.53
476.03, 604.01, 472.51
476.33, 605.96, 597.50
474.22, 727.03, 345.58
474.52, 728.98, 470.56
474.82, 730.93, 595.55
472.71, 852.01, 343.63
473.01, 853.96, 468.62
473.31, 855.91, 593.60
223.03, 598.19, 475.36
223.57, 597.55, 600.36
224.12, 596.91, 725.36
222.98, 723.19, 476.00
223.53, 722.55, 601.00
224.07, 721.91, 725.99
222.94, 848.19, 476.64
223.48, 847.55, 601.63
224.02, 846.91, 726.63
348.03, 598.24, 474.82
348.57, 597.60, 599.82
349.11, 596.96, 724.81
347.98, 723.24, 475.46
348.52, 722.60, 600.45
349.07, 721.96, 725.45
347.94, 848.23, 476.09
348.48, 847.60, 601.09
349.02, 846.96, 726.09
473.03, 598.29, 474.28
473.57, 597.65, 599.27
474.11, 597.01, 724.27
472.98, 723.29, 474.91
473.52, 722.65, 599.91
474.07, 722.01, 724.91
472.93, 848.28, 475.55
473.48, 847.65, 600.55
474.02, 847.01, 725.55
224.81, 599.19, 598.25
221.88, 602.65, 723.17
218.94, 606.10, 848.08
223.87, 724.14, 594.77
220.93, 727.60, 719.69
218.00, 731.05, 844.61
222.92, 849.09, 591.29
219.99, 852.54, 716.21
217.05, 856.00, 841.13
349.77, 600.22, 601.16
346.84, 603.67, 726.07
343.91, 607.13, 850.99
348.83, 725.17, 597.68
345.89, 728.62, 722.60
342.96, 732.08, 847.51
347.88, 850.11, 594.20
344.95, 853.57, 719.12
342.02, 857.02, 844.04
474.74, 601.24, 604.06
471.80, 604.70, 728.98
468.87, 608.15, 853.90
473.79, 726.19, 600.59
470.86, 729.65, 725.50
467.92, 733.10, 850.42
472.85, 851.14, 597.11
469.91, 854.60, 722.03
466.98, 858.05, 846.94
349.60, 100.55, 99.00
352.08, 101.65, 223.97
354.57, 102.75, 348.94
352.47, 225.51, 97.84
354.95, 226.61, 222.81
357.44, 227.72, 347.78
355.34, 350.47, 96.68
357.82, 351.57, 221.65
360.31, 352.68, 346.62
474.54, 97.66, 96.54
477.03, 98.76, 221.51
479.51, 99.86, 346.48
477.41, 222.62, 95.38
479.89, 223.72, 220.35
482.38, 224.82, 345.32
480.28, 347.58, 94.22
482.76, 348.68, 219.19
485.25, 349.79, 344.16
599.48, 94.77, 94.08
601.97, 95.87, 219.05
604.45, 96.97, 344.02
602.35, 219.73, 92.92
604.84, 220.83, 217.89
607.32, 221.93, 342.86
605.22, 344.69, 91.76
607.71, 345.79, 216.73
610.19, 346.89, 341.70
349.54, 99.87, 225.21
351.41, 103.49, 350.14
353.28, 107.12, 475.08
348.79, 224.81, 221.59
350.66, 228.44, 346.53
352.53, 232.07, 471.46
348.03, 349.76, 217.97
349.90, 353.38, 342.91
351.78, 357.01, 467.84
474.52, 100.56, 223.32
476.39, 104.19, 348.25
478.26, 107.82, 473.18
473.77, 225.51, 219.70
475.64, 229.14, 344.63
477.51, 232.77, 469.57
473.02, 350.45, 216.08
474.89, 354.08, 341.02
476.76, 357.71, 465.95
599.51, 101.26, 221.43
601.38, 104.89, 346.36
603.25, 108.52, 471.29
598.75, 226.21, 217.81
600.62, 229.84, 342.74
602.50, 233.46, 467.68
598.00, 351.15, 214.19
599.87, 354.78, 339.12
601.74, 358.41, 464.06
350.33, 100.83, 351.37
349.47, 101.45, 476.36
348.60, 102.08, 601.36
352.11, 225.81, 350.76
351.24, 226.44, 475.75
350.37, 227.07, 600.75
353.88, 350.80, 350.14
353.02, 351.43, 475.14
352.15, 352.05, 600.13
475.32, 99.06, 352.24
474.45, 99.68, 477.24
473.58, 100.31, 602.23
477.09, 224.04, 351.63
476.22, 224.67, 476.62
475.36, 225.30, 601.62
478.87, 349.03, 351.02
478.00, 349.66, 476.01
477.13, 350.28, 601.01
600.30, 97.29, 353.12
599.43, 97.91, 478.11
598.57, 98.54, 603.11
602.08, 222.27, 352.50
601.21, 222.90, 477.50
600.34, 223.53, 602.49
603.85, 347.26, 351.89
602.98, 347.89, 476.89
602.12, 348.51, 601.88
349.77, 99.64, 476.51
346.43, 100.90, 601.46
343.08, 102.16, 726.41
347.88, 224.62, 475.20
344.54, 225.88, 600.15
341.20, 227.14, 725.10
346.00, 349.60, 473.89
342.65, 350.86, 598.84
339.31, 352.12, 723.79
474.71, 101.56, 479.84
471.37, 102.82, 604.78
468.02, 104.08, 729.73
472.82, 226.54, 478.53
469.48, 227.80, 603.47
466.14, 229.06, 728.42
470.94, 351.52, 477.22
467.59, 352.78, 602.17
464.25, 354.04, 727.11
599.65, 103.48, 483.16
596.31, 104.74, 608.11
592.96, 106.00, 733.06
597.76, 228.46, 481.85
594.42, 229.72, 606.80
591.08, 230.98, 731.75
595.88, 353.44, 480.54
592.53, 354.70, 605.49
589.19, 355.96, 730.44
351.48, 98.41, 599.64
348.81, 96.34, 724.59
346.14, 94.26, 849.55
348.42, 223.36, 601.64
345.76, 221.28, 726.60
343.09, 219.21, 851.55
345.37, 348.30, 603.65
342.70, 346.23, 728.61
340.03, 344.16, 853.56
476.41, 101.42, 602.36
473.75, 99.35, 727.31
471.08, 97.28, 852.26
473.36, 226.37, 604.36
470.69, 224.30, 729.32
468.02, 222.22, 854.27
470.30, 351.31, 606.37
467.63, 349.24, 731.32
464.97, 347.17, 856.28
601.35, 104.43, 605.07
598.68, 102.36, 730.03
596.01, 100.29, 854.98
598.29, 229.38, 607.08
595.62, 227.31, 732.04
592.96, 225.23, 856.99
595.24, 354.33, 609.09
592.57, 352.25, 734.04
589.90, 350.18, 859.00
350.62, 224.18, 99.42
348.59, 227.67, 224.35
346.57, 231.15, 349.29
350.52, 349.13, 95.93
348.50, 352.62, 220.87
346.47, 356.10, 345.80
350.43, 474.08, 92.44
348.40, 477.57, 217.38
346.37, 481.06, 342.31
475.61, 224.33, 101.44
473.58, 227.82, 226.38
471.55, 231.31, 351.31
475.51, 349.28, 97.96
473.48, 352.77, 222.89
471.45, 356.26, 347.82
475.41, 474.24, 94.47
473.38, 477.72, 219.40
471.35, 481.21, 344.34
600.59, 224.49, 103.47
598.56, 227.97, 228.40
596.53, 231.46, 353.34
600.49, 349.44, 99.98
598.46, 352.93, 224.91
596.44, 356.41, 349.85
600.39, 474.39, 96.49
598.37, 477.88, 221.43
596.34, 481.36, 346.36
348.04, 225.21, 223.25
347.11, 226.04, 348.24
346.18, 226.87, 473.24
347.52, 350.20, 222.42
346.59, 351.03, 347.41
345.66, 351.86, 472.40
347.00, 475.20, 221.58
346.07, 476.03, 346.58
345.14, 476.86, 471.57
473.03, 225.73, 224.17
472.11, 226.56, 349.17
471.18, 227.39, 474.16
472.51, 350.73, 223.34
471.59, 351.56, 348.33
470.66, 352.39, 473.33
471.99, 475.73, 222.51
471.07, 476.56, 347.50
470.14, 477.39, 472.49
598.03, 226.26, 225.10
597.10, 227.09, 350.09
596.17, 227.92, 475.09
597.51, 351.26, 224.26
596.58, 352.09, 349.26
595.65, 352.92, 474.25
596.99, 476.25, 223.43
596.06, 477.08, 348.42
595.13, 477.91, 473.42
350.79, 225.31, 349.91
352.38, 228.53, 474.85
353.96, 231.75, 599.80
348.93, 350.25, 346.71
350.52, 353.48, 471.66
352.11, 356.70, 596.61
347.08, 475.20, 343.51
348.66, 478.42, 468.46
350.25, 481.64, 593.41
475.77, 227.12, 348.27
477.35, 230.34, 473.22
478.94, 233.57, 598.17
473.91, 352.07, 345.08
475.50, 355.29, 470.02
477.08, 358.51, 594.97
472.05, 477.01, 341.88
473.64, 480.24, 466.83
475.23, 483.46, 591.77
600.74, 228.94, 346.64
602.33, 232.16, 471.59
603.92, 235.38, 596.54
598.89, 353.88, 343.44
600.47, 357.10, 468.39
602.06, 360.33, 593.34
597.03, 478.83, 340.24
598.62, 482.05, 465.19
600.20, 485.27, 590.14
351.50, 226.80, 474.57
352.19, 228.86, 599.55
352.88, 230.92, 724.53
347.97, 351.74, 472.53
348.66, 353.80, 597.51
349.36, 355.85, 722.49
344.44, 476.67, 470.49
345.14, 478.73, 595.47
345.83, 480.79, 720.45
476.45, 230.32, 473.82
477.14, 232.38, 598.80
477.83, 234.44, 723.78
472.92, 355.25, 471.78
473.61, 357.31, 596.76
474.30, 359.37, 721.74
469.39, 480.19, 469.74
470.08, 482.24, 594.72
470.78, 484.30, 719.70
601.40, 233.83, 473.07
602.09, 235.89, 598.05
602.78, 237.95, 723.03
597.87, 358.77, 471.03
598.56, 360.83, 596.01
599.25, 362.89, 720.99
594.34, 483.70, 468.99
595.03, 485.76, 593.97
595.73, 487.82, 718.95
348.23, 226.27, 599.38
351.12, 225.92, 724.35
354.00, 225.56, 849.31
349.42, 351.27, 599.71
352.30, 350.91, 724.67
355.19, 350.56, 849.64
350.61, 476.26, 600.04
353.49, 475.90, 725.00
356.38, 475.55, 849.97
473.19, 225.09, 596.49
476.08, 224.74, 721.46
478.96, 224.38, 846.42
474.38, 350.09, 596.82
477.27, 349.73, 721.79
480.15, 349.37, 846.75
475.57, 475.08, 597.15
478.45, 474.72, 722.11
481.34, 474.37, 847.08
598.15, 223.91, 593.60
601.04, 223.56, 718.57
603.92, 223.20, 843.54
599.34, 348.90, 593.93
602.23, 348.55, 718.90
605.11, 348.19, 843.86
600.53, 473.90, 594.26
603.41, 473.54, 719.23
606.30, 473.19, 844.19
349.79, 348.40, 98.60
348.16, 345.49, 223.55
346.54, 342.58, 348.51
352.11, 473.34, 101.54
350.49, 470.43, 226.49
348.86, 467.52, 351.45
354.44, 598.29, 104.48
352.81, 595.38, 229.43
351.18, 592.47, 354.39
474.76, 346.04, 100.17
473.13, 343.13, 225.13
471.51, 340.22, 350.08
477.08, 470.99, 103.11
475.45, 468.08, 228.06
473.83, 465.16, 353.02
479.40, 595.93, 106.05
477.78, 593.02, 231.00
476.15, 590.11, 355.96
599.73, 343.68, 101.74
598.10, 340.77, 226.70
596.47, 337.86, 351.65
602.05, 468.63, 104.68
600.42, 465.72, 229.64
598.80, 462.81, 354.59
604.37, 593.57, 107.62
602.75, 590.66, 232.58
601.12, 587.75, 357.53
349.80, 350.25, 226.55
350.15, 350.55, 351.55
350.51, 350.85, 476.55
346.58, 475.21, 226.26
346.94, 475.51, 351.26
347.30, 475.81, 476.26
343.37, 600.17, 225.97
343.73, 600.47, 350.97
344.09, 600.77, 475.97
474.75, 353.46, 226.19
475.11, 353.76, 351.19
475.47, 354.06, 476.18
471.54, 478.42, 225.90
471.90, 478.72, 350.89
472.26, 479.02, 475.89
468.33, 603.38, 225.61
468.69, 603.68, 350.60
469.05, 603.98, 475.60
599.71, 356.67, 225.82
600.07, 356.97, 350.82
600.43, 357.27, 475.82
596.50, 481.63, 225.53
596.86, 481.93, 350.53
597.22, 482.23, 475.53
593.29, 606.59, 225.24
593.65, 606.89, 350.24
594.00, 607.19, 475.24
348.12, 351.93, 349.85
346.23, 350.83, 474.83
344.33, 349.72, 599.81
348.74, 476.92, 350.97
346.85, 475.82, 475.95
344.95, 474.72, 600.93
349.36, 601.92, 352.08
347.47, 600.81, 477.06
345.57, 599.71, 602.04
473.10, 351.29, 351.74
471.21, 350.19, 476.72
469.32, 349.09, 601.70
473.72, 476.29, 352.85
471.83, 475.18, 477.84
469.94, 474.08, 602.82
474.34, 601.28, 353.97
472.45, 600.18, 478.95
470.56, 599.07, 603.93
598.09, 350.66, 353.63
596.19, 349.55, 478.61
594.30, 348.45, 603.59
598.71, 475.65, 354.74
596.81, 474.55, 479.72
594.92, 473.44, 604.70
599.33, 600.64, 355.86
597.43, 599.54, 480.84
595.54, 598.44, 605.82
350.56, 351.43, 473.83
351.49, 353.29, 598.81
352.43, 355.14, 723.79
351.66, 476.41, 471.96
352.60, 478.27, 596.94
353.54, 480.12, 721.93
352.77, 601.39, 470.09
353.71, 603.25, 595.08
354.64, 605.11, 720.06
475.55, 350.31, 472.91
476.48, 352.17, 597.89
477.42, 354.02, 722.87
476.65, 475.29, 471.04
477.59, 477.15, 596.02
478.53, 479.00, 721.01
477.76, 600.27, 469.17
478.70, 602.13, 594.16
479.63, 603.99, 719.14
600.54, 349.19, 471.99
601.48, 351.04, 596.97
602.41, 352.90, 721.95
601.65, 474.17, 470.12
602.58, 476.03, 595.10
603.52, 477.88, 720.09
602.75, 599.15, 468.25
603.69, 601.01, 593.24
604.63, 602.86, 718.22
348.44, 350.58, 598.88
349.04, 348.57, 723.87
349.64, 346.57, 848.85
350.43, 475.55, 600.88
351.03, 473.54, 725.86
351.63, 471.54, 850.84
352.42, 600.52, 602.88
353.02, 598.51, 727.86
353.62, 596.50, 852.84
473.43, 348.60, 598.25
474.03, 346.59, 723.23
474.63, 344.59, 848.22
475.41, 473.57, 600.25
476.01, 471.56, 725.23
476.62, 469.56, 850.21
477.40, 598.54, 602.24
478.00, 596.53, 727.23
478.60, 594.52, 852.21
598.41, 346.62, 597.62
599.01, 344.62, 722.60
599.61, 342.61, 847.58
600.40, 471.59, 599.62
601.00, 469.58, 724.60
601.60, 467.58, 849.58
602.39, 596.56, 601.61
602.99, 594.55, 726.59
603.59, 592.55, 851.58
348.40, 473.79, 99.66
348.56, 473.82, 224.66
348.71, 473.84, 349.66
351.37, 598.76, 99.64
351.52, 598.78, 224.64
351.68, 598.81, 349.64
354.33, 723.72, 99.61
354.48, 723.75, 224.61
354.64, 723.77, 349.61
473.37, 470.83, 99.51
473.52, 470.86, 224.51
473.68, 470.88, 349.51
476.33, 595.80, 99.48
476.49, 595.82, 224.48
476.64, 595.84, 349.48
479.29, 720.76, 99.45
479.45, 720.78, 224.45
479.60, 720.81, 349.45
598.33, 467.87, 99.36
598.49, 467.89, 224.36
598.64, 467.92, 349.36
601.30, 592.83, 99.33
601.45, 592.86, 224.33
601.61, 592.88, 349.33
604.26, 717.80, 99.30
604.41, 717.82, 224.30
604.57, 717.85, 349.30
349.08, 476.79, 226.04
347.82, 473.66, 350.99
346.55, 470.52, 475.95
350.32, 601.74, 229.19
349.06, 598.61, 354.14
347.79, 595.47, 479.10
351.56, 726.70, 232.34
350.29, 723.56, 357.29
349.03, 720.43, 482.24
474.07, 475.52, 227.27
472.80, 472.39, 352.23
471.54, 469.25, 477.18
475.31, 600.48, 230.42
474.04, 597.34, 355.38
472.78, 594.20, 480.33
476.55, 725.43, 233.57
475.28, 722.29, 358.52
474.02, 719.16, 483.48
599.06, 474.25, 228.51
597.79, 471.12, 353.46
596.53, 467.98, 478.41
600.29, 599.21, 231.65
599.03, 596.07, 356.61
597.77, 592.94, 481.56
601.53, 724.16, 234.80
600.27, 721.02, 359.76
599.00, 717.89, 484.71
351.77, 473.58, 350.70
353.35, 474.01, 475.69
354.93, 474.45, 600.68
353.96, 598.56, 350.23
355.53, 598.99, 475.22
357.11, 599.43, 600.21
356.14, 723.54, 349.76
357.71, 723.97, 474.75
359.29, 724.41, 599.74
476.75, 471.39, 349.13
478.32, 471.83, 474.12
479.90, 472.27, 599.11
478.93, 596.37, 348.66
480.50, 596.81, 473.65
482.08, 597.25, 598.64
481.11, 721.35, 348.20
482.69, 721.79, 473.18
484.26, 722.23, 598.17
601.72, 469.20, 347.56
603.29, 469.64, 472.55
604.87, 470.08, 597.54
603.90, 594.18, 347.09
605.47, 594.62, 472.08
607.05, 595.06, 597.07
606.08, 719.16, 346.63
607.66, 719.60, 471.62
609.23, 720.04, 596.61
350.23, 473.78, 475.86
348.15, 474.66, 600.84
346.07, 475.55, 725.82
350.97, 598.77, 474.99
348.89, 599.66, 599.96
346.81, 600.55, 724.94
351.72, 723.77, 474.11
349.64, 724.65, 599.09
347.56, 725.54, 724.07
475.21, 473.05, 477.95
473.13, 473.93, 602.93
471.05, 474.82, 727.90
475.95, 598.04, 477.07
473.88, 598.93, 602.05
471.80, 599.81, 727.03
476.70, 723.03, 476.20
474.62, 723.92, 601.17
472.54, 724.81, 726.15
600.19, 472.31, 480.03
598.11, 473.20, 605.01
596.03, 474.09, 729.99
600.94, 597.31, 479.16
598.86, 598.20, 604.14
596.78, 599.08, 729.11
601.68, 722.30, 478.28
599.60, 723.19, 603.26
597.52, 724.08, 728.24
349.39, 475.68, 599.97
348.86, 477.98, 724.94
348.34, 480.27, 849.92
348.52, 600.66, 597.67
348.00, 602.95, 722.64
347.47, 605.25, 847.62
347.66, 725.63, 595.37
347.13, 727.93, 720.35
346.61, 730.22, 845.32
474.38, 476.55, 600.47
473.86, 478.85, 725.45
473.33, 481.14, 850.43
473.52, 601.53, 598.17
472.99, 603.83, 723.15
472.47, 606.12, 848.13
472.65, 726.51, 595.88
472.13, 728.80, 720.85
471.61, 731.10, 845.83
599.38, 477.43, 600.98
598.85, 479.72, 725.96
598.33, 482.02, 850.94
598.51, 602.40, 598.68
597.99, 604.70, 723.66
597.47, 606.99, 848.64
597.65, 727.38, 596.38
597.13, 729.67, 721.36
596.60, 731.97, 846.34
348.55, 598.01, 100.37
345.82, 597.37, 225.34
343.09, 596.74, 350.31
347.15, 723.00, 100.98
344.43, 722.36, 225.95
341.70, 721.73, 350.92
345.76, 847.99, 101.59
343.03, 847.36, 226.56
340.30, 846.72, 351.52
473.51, 599.39, 103.11
470.78, 598.76, 228.08
468.05, 598.12, 353.05
472.12, 724.38, 103.72
469.39, 723.75, 228.69
466.66, 723.11, 353.65
470.72, 849.38, 104.32
467.99, 848.74, 229.29
465.26, 848.10, 354.26
598.48, 600.78, 105.85
595.75, 600.14, 230.82
593.02, 599.50, 355.78
597.08, 725.77, 106.45
594.35, 725.13, 231.42
591.62, 724.49, 356.39
595.68, 850.76, 107.06
592.95, 850.12, 232.03
590.22, 849.48, 357.00
348.80, 599.28, 226.70
345.92, 598.74, 351.67
343.04, 598.21, 476.63
345.36, 724.23, 227.16
342.48, 723.70, 352.12
339.60, 723.16, 477.09
341.91, 849.18, 227.61
339.03, 848.65, 352.58
336.15, 848.11, 477.54
473.72, 602.71, 229.59
470.84, 602.18, 354.56
467.96, 601.65, 479.53
470.28, 727.67, 230.05
467.40, 727.13, 355.01
464.52, 726.60, 479.98
466.83, 852.62, 230.50
463.95, 852.08, 355.47
461.07, 851.55, 480.44
598.64, 606.15, 232.49
595.76, 605.62, 357.45
592.88, 605.08, 482.42
595.20, 731.10, 232.94
592.32, 730.57, 357.91
589.44, 730.03, 482.87
591.75, 856.05, 233.40
588.87, 855.52, 358.36
585.99, 854.98, 483.33
351.01, 599.82, 349.96
347.89, 601.63, 474.91
344.77, 603.45, 599.86
348.64, 724.78, 348.09
345.52, 726.60, 473.04
342.40, 728.41, 597.99
346.27, 849.75, 346.22
343.15, 851.56, 471.17
340.03, 853.37, 596.11
475.95, 602.24, 353.05
472.83, 604.05, 477.99
469.71, 605.86, 602.94
473.58, 727.20, 351.17
470.46, 729.01, 476.12
467.34, 730.83, 601.07
471.21, 852.16, 349.30
468.09, 853.98, 474.25
464.97, 855.79, 599.20
600.89, 604.65, 356.13
597.77, 606.46, 481.08
594.65, 608.28, 606.03
598.52, 729.62, 354.26
595.40, 731.43, 479.21
592.28, 733.24, 604.16
596.15, 854.58, 352.39
593.03, 856.39, 477.34
589.91, 858.20, 602.28
350.15, 600.14, 475.50
347.33, 600.60, 600.47
344.51, 601.05, 725.44
351.91, 725.13, 475.09
349.09, 725.58, 600.06
346.27, 726.04, 725.02
353.68, 850.11, 474.67
350.85, 850.57, 599.64
348.03, 851.03, 724.61
475.11, 598.39, 478.33
472.29, 598.84, 603.30
469.46, 599.30, 728.27
476.87, 723.38, 477.92
474.05, 723.83, 602.88
471.22, 724.29, 727.85
478.63, 848.36, 477.50
475.81, 848.82, 602.47
472.99, 849.27, 727.43
600.06, 596.64, 481.16
597.24, 597.09, 606.13
594.42, 597.55, 731.10
601.83, 721.62, 480.75
599.00, 722.08, 605.71
596.18, 722.54, 730.68
603.59, 846.61, 480.33
600.77, 847.07, 605.30
597.94, 847.52, 730.26
348.11, 600.74, 598.91
350.21, 598.76, 723.88
352.30, 596.78, 848.84
350.63, 725.70, 600.85
352.73, 723.72, 725.82
354.82, 721.74, 850.78
353.15, 850.66, 602.79
355.25, 848.68, 727.75
357.34, 846.70, 852.72
473.07, 598.26, 596.78
475.17, 596.28, 721.74
477.26, 594.29, 846.71
475.59, 723.22, 598.71
477.68, 721.23, 723.68
479.78, 719.25, 848.65
478.11, 848.18, 600.65
480.20, 846.19, 725.62
482.30, 844.21, 850.59
598.03, 595.77, 594.64
600.12, 593.79, 719.61
602.22, 591.81, 844.58
600.55, 720.73, 596.58
602.64, 718.75, 721.55
604.74, 716.77, 846.51
603.07, 845.69, 598.52
605.16, 843.71, 723.49
607.26, 841.73, 848.45
475.04, 101.97, 98.77
477.21, 103.18, 223.74
479.38, 104.38, 348.72
475.31, 226.96, 97.55
477.48, 228.17, 222.53
479.65, 229.38, 347.50
475.59, 351.96, 96.34
477.76, 353.16, 221.32
479.93, 354.37, 346.29
600.02, 101.67, 96.60
602.19, 102.88, 221.57
604.36, 104.08, 346.55
600.29, 226.66, 95.39
602.46, 227.87, 220.36
604.63, 229.08, 345.34
600.57, 351.66, 94.18
602.74, 352.87, 219.15
604.91, 354.07, 344.13
725.00, 101.37, 94.43
727.17, 102.58, 219.41
729.34, 103.79, 344.38
725.28, 226.37, 93.22
727.44, 227.57, 218.20
729.61, 228.78, 343.17
725.55, 351.36, 92.01
727.72, 352.57, 216.98
729.89, 353.77, 341.96
475.10, 101.85, 224.02
477.55, 102.12, 349.00
480.00, 102.38, 473.97
474.52, 226.85, 223.76
476.97, 227.11, 348.74
479.41, 227.38, 473.72
473.93, 351.85, 223.51
476.38, 352.11, 348.49
478.83, 352.38, 473.46
600.08, 102.43, 221.57
602.52, 102.70, 346.54
604.97, 102.96, 471.52
599.49, 227.43, 221.31
601.94, 227.69, 346.29
604.39, 227.96, 471.27
598.91, 352.43, 221.06
601.36, 352.69, 346.04
603.80, 352.96, 471.01
725.05, 103.01, 219.12
727.50, 103.27, 344.09
729.95, 103.54, 469.07
724.47, 228.01, 218.86
726.91, 228.27, 343.84
729.36, 228.54, 468.82
723.88, 353.01, 218.61
726.33, 353.27, 343.58
728.78, 353.54, 468.56
474.44, 98.93, 348.68
477.26, 97.24, 473.64
480.08, 95.56, 598.59
477.52, 223.88, 350.30
480.34, 222.19, 475.25
483.16, 220.51, 600.21
480.60, 348.83, 351.91
483.42, 347.15, 476.87
486.24, 345.46, 601.83
599.37, 95.89, 345.82
602.19, 94.20, 470.78
605.01, 92.51, 595.73
602.45, 220.84, 347.44
605.27, 219.15, 472.39
608.09, 217.46, 597.35
605.53, 345.79, 349.05
608.35, 344.10, 474.01
611.17, 342.42, 598.97
724.30, 92.84, 342.96
727.12, 91.16, 467.92
729.94, 89.47, 592.87
727.38, 217.79, 344.58
730.20, 216.11, 469.53
733.02, 214.42, 594.49
730.46, 342.75, 346.19
733.28, 341.06, 471.15
736.10, 339.37, 596.11
476.89, 101.77, 473.02
477.39, 100.28, 598.01
477.89, 98.79, 723.00
475.30, 226.75, 474.51
475.81, 225.26, 599.50
476.31, 223.77, 724.49
473.72, 351.73, 476.01
474.22, 350.24, 601.00
474.73, 348.75, 725.99
601.88, 103.36, 472.53
602.38, 101.87, 597.52
602.88, 100.38, 722.51
600.29, 228.34, 474.03
600.80, 226.85, 599.02
601.30, 225.36, 724.01
598.71, 353.32, 475.53
599.21, 351.83, 600.52
599.71, 350.34, 725.51
726.87, 104.95, 472.05
727.37, 103.46, 597.04
727.87, 101.97, 722.03
725.28, 229.93, 473.55
725.79, 228.44, 598.54
726.29, 226.95, 723.53
723.70, 354.91, 475.04
724.20, 353.42, 600.03
724.70, 351.93, 725.02
473.25, 100.71, 601.80
474.86, 99.74, 726.78
476.48, 98.76, 851.77
470.13, 225.67, 602.81
471.74, 224.69, 727.80
473.36, 223.72, 852.79
467.01, 350.63, 603.83
468.63, 349.65, 728.82
470.24, 348.68, 853.80
598.20, 103.84, 600.21
599.81, 102.87, 725.19
601.43, 101.89, 850.18
595.08, 228.80, 601.22
596.70, 227.83, 726.21
598.31, 226.85, 851.20
591.96, 353.76, 602.24
593.58, 352.78, 727.23
595.19, 351.81, 852.21
723.15, 106.98, 598.62
724.76, 106.00, 723.60
726.38, 105.03, 848.59
720.03, 231.93, 599.63
721.65, 230.96, 724.62
723.26, 229.98, 849.61
716.91, 356.89, 600.65
718.53, 355.92, 725.64
720.14, 354.94, 850.62
476.01, 224.66, 98.19
477.02, 227.27, 223.16
478.02, 229.88, 348.13
476.28, 349.64, 95.58
477.28, 352.25, 220.55
478.29, 354.86, 345.52
476.55, 474.61, 92.97
477.55, 477.22, 217.94
478.55, 479.83, 342.91
601.01, 224.38, 97.19
602.01, 226.99, 222.16
603.02, 229.59, 347.13
601.27, 349.35, 94.58
602.28, 351.96, 219.55
603.28, 354.57, 344.52
601.54, 474.32, 91.97
602.55, 476.93, 216.94
603.55, 479.54, 341.91
726.00, 224.09, 96.20
727.01, 226.70, 221.16
728.01, 229.31, 346.13
726.27, 349.06, 93.58
727.27, 351.67, 218.55
728.28, 354.28, 343.52
726.54, 474.03, 90.97
727.54, 476.64, 215.94
728.55, 479.25, 340.91
474.74, 225.75, 225.85
472.51, 229.48, 350.77
470.27, 233.22, 475.70
475.02, 350.69, 222.11
472.79, 354.43, 347.04
470.55, 358.17, 471.96
475.30, 475.63, 218.38
473.06, 479.37, 343.30
470.83, 483.11, 468.23
599.72, 225.53, 228.09
597.49, 229.27, 353.01
595.25, 233.01, 477.94
600.00, 350.48, 224.36
597.76, 354.22, 349.28
595.53, 357.96, 474.20
600.28, 475.42, 220.62
598.04, 479.16, 345.55
595.81, 482.90, 470.47
724.70, 225.32, 230.33
722.47, 229.06, 355.26
720.23, 232.80, 480.18
724.98, 350.27, 226.60
722.74, 354.00, 351.52
720.51, 357.74, 476.45
725.26, 475.21, 222.86
723.02, 478.95, 347.79
720.79, 482.69, 472.71
473.91, 225.94, 348.63
470.19, 226.99, 473.57
466.48, 228.04, 598.51
476.78, 350.90, 347.66
473.06, 351.96, 472.61
469.35, 353.01, 597.55
479.65, 475.87, 346.70
475.93, 476.92, 471.64
472.22, 477.97, 596.58
598.82, 223.10, 352.37
595.11, 224.15, 477.31
591.39, 225.20, 602.25
601.69, 348.06, 351.40
597.98, 349.12, 476.34
594.26, 350.17, 601.28
604.56, 473.03, 350.44
600.84, 474.08, 475.38
597.13, 475.13, 600.32
723.73, 220.26, 356.11
720.02, 221.31, 481.05
716.30, 222.36, 605.99
726.60, 345.23, 355.14
722.89, 346.28, 480.08
719.17, 347.33, 605.02
729.47, 470.19, 354.18
725.76, 471.24, 479.12
722.04, 472.29, 604.06
476.14, 223.91, 474.97
473.84, 225.84, 599.93
471.53, 227.78, 724.89
474.02, 348.88, 472.99
471.71, 350.81, 597.96
469.40, 352.74, 722.92
471.89, 473.84, 471.02
469.58, 475.78, 595.99
467.28, 477.71, 720.95
601.10, 226.07, 477.24
598.80, 228.01, 602.20
596.49, 229.94, 727.17
598.98, 351.04, 475.27
596.67, 352.97, 600.23
594.36, 354.90, 725.20
596.85, 476.01, 473.30
594.54, 477.94, 598.26
592.24, 479.87, 723.22
726.07, 228.24, 479.51
723.76, 230.17, 604.48
721.45, 232.10, 729.44
723.94, 353.20, 477.54
721.63, 355.13, 602.50
719.33, 357.07, 727.47
721.81, 478.17, 475.57
719.51, 480.10, 600.53
717.20, 482.03, 725.50
473.97, 223.45, 599.19
473.25, 221.47, 724.17
472.53, 219.50, 849.16
475.72, 348.42, 601.18
475.00, 346.45, 726.16
474.28, 344.47, 851.14
477.46, 473.39, 603.16
476.75, 471.42, 728.15
476.03, 469.44, 853.13
598.96, 221.69, 599.88
598.24, 219.72, 724.87
597.52, 217.74, 849.85
600.70, 346.66, 601.87
599.98, 344.69, 726.85
599.26, 342.71, 851.83
602.45, 471.64, 603.85
601.73, 469.66, 728.84
601.01, 467.68, 853.82
723.94, 219.93, 600.57
723.22, 217.96, 725.56
722.50, 215.98, 850.54
725.69, 344.90, 602.56
724.97, 342.93, 727.54
724.25, 340.95, 852.52
727.44, 469.88, 604.55
726.72, 467.90, 729.53
726.00, 465.93, 854.51
475.93, 351.47, 100.84
472.36, 351.88, 225.79
468.79, 352.30, 350.74
474.58, 476.46, 100.39
471.01, 476.88, 225.34
467.44, 477.29, 350.28
473.23, 601.45, 99.93
469.67, 601.87, 224.88
466.10, 602.28, 349.83
600.87, 352.83, 104.41
597.30, 353.24, 229.35
593.73, 353.66, 354.30
599.52, 477.82, 103.95
595.95, 478.23, 228.90
592.38, 478.65, 353.85
598.18, 602.81, 103.50
594.61, 603.23, 228.45
591.04, 603.64, 353.39
725.81, 354.18, 107.97
722.24, 354.60, 232.92
718.67, 355.02, 357.87
724.46, 479.18, 107.52
720.90, 479.59, 232.46
717.33, 480.01, 357.41
723.12, 604.17, 107.06
719.55, 604.58, 232.01
715.98, 605.00, 356.96
473.02, 348.05, 224.12
469.74, 349.40, 349.07
466.46, 350.75, 474.02
471.47, 473.03, 222.73
468.19, 474.38, 347.68
464.92, 475.73, 472.63
469.92, 598.01, 221.34
466.64, 599.36, 346.29
463.37, 600.72, 471.24
597.96, 349.63, 227.38
594.69, 350.98, 352.33
591.41, 352.33, 477.28
596.41, 474.62, 225.99
593.14, 475.97, 350.94
589.86, 477.32, 475.89
594.87, 599.60, 224.60
591.59, 600.95, 349.55
588.31, 602.30, 474.50
722.91, 351.22, 230.64
719.63, 352.57, 355.59
716.36, 353.92, 480.54
721.36, 476.20, 229.25
718.09, 477.55, 354.20
714.81, 478.90, 479.15
719.81, 601.18, 227.86
716.54, 602.53, 352.81
713.26, 603.88, 477.76
476.68, 348.32, 350.39
477.39, 345.34, 475.36
478.10, 342.35, 600.32
480.40, 473.23, 353.36
481.10, 470.25, 478.32
481.81, 467.26, 603.28
484.11, 598.14, 356.32
484.82, 595.16, 481.28
485.52, 592.17, 606.25
601.63, 344.63, 349.60
602.33, 341.64, 474.56
603.04, 338.65, 599.53
605.34, 469.54, 352.57
606.05, 466.55, 477.53
606.75, 463.56, 602.49
609.05, 594.45, 355.53
609.76, 591.46, 480.49
610.46, 588.47, 605.45
726.57, 340.93, 348.81
727.28, 337.94, 473.77
727.98, 334.96, 598.73
730.28, 465.84, 351.77
730.99, 462.85, 476.73
731.69, 459.87, 601.70
734.00, 590.75, 354.74
734.70, 587.76, 479.70
735.41, 584.78, 604.66
476.58, 348.97, 476.11
473.89, 346.37, 601.05
471.21, 343.77, 726.00
478.88, 473.92, 478.76
476.20, 471.32, 603.70
473.52, 468.72, 728.65
481.19, 598.87, 481.41
478.51, 596.27, 606.35
475.83, 593.67, 731.30
601.53, 346.60, 478.74
598.84, 344.00, 603.68
596.16, 341.40, 728.63
603.83, 471.55, 481.39
601.15, 468.95, 606.34
598.47, 466.35, 731.28
606.14, 596.51, 484.04
603.46, 593.90, 608.99
600.78, 591.30, 733.93
726.48, 344.24, 481.37
723.79, 341.64, 606.32
721.11, 339.04, 731.26
728.78, 469.19, 484.02
726.10, 466.59, 608.97
723.42, 463.99, 733.91
731.09, 594.14, 486.67
728.41, 591.54, 611.62
725.73, 588.94, 736.56
475.17, 348.49, 599.49
478.43, 347.61, 724.44
481.68, 346.74, 849.40
477.16, 473.47, 600.31
480.42, 472.60, 725.27
483.67, 471.72, 850.22
479.15, 598.45, 601.13
482.40, 597.58, 726.09
485.66, 596.70, 851.04
600.11, 346.52, 596.22
603.37, 345.65, 721.17
606.63, 344.78, 846.13
602.10, 471.50, 597.04
605.36, 470.63, 722.00
608.61, 469.76, 846.95
604.09, 596.48, 597.86
607.35, 595.61, 722.82
610.60, 594.74, 847.77
725.05, 344.56, 592.95
728.31, 343.68, 717.90
731.57, 342.81, 842.86
727.04, 469.54, 593.77
730.30, 468.66, 718.72
733.56, 467.79, 843.68
729.03, 594.52, 594.59
732.29, 593.65, 719.55
735.54, 592.77, 844.50
473.87, 475.62, 99.31
471.71, 478.85, 224.25
469.55, 482.08, 349.19
470.69, 600.54, 96.03
468.53, 603.77, 220.96
466.37, 607.00, 345.90
467.50, 725.45, 92.74
465.35, 728.68, 217.68
463.19, 731.91, 342.62
598.81, 478.86, 101.39
596.65, 482.09, 226.33
594.49, 485.32, 351.26
595.63, 603.77, 98.10
593.47, 607.00, 223.04
591.31, 610.23, 347.98
592.45, 728.69, 94.82
590.29, 731.92, 219.75
588.13, 735.15, 344.69
723.75, 482.09, 103.46
721.59, 485.33, 228.40
719.43, 488.56, 353.34
720.57, 607.01, 100.18
718.41, 610.24, 225.12
716.25, 613.47, 350.05
717.39, 731.93, 96.89
715.23, 735.16, 221.83
713.07, 738.39, 346.77
474.09, 473.01, 224.46
470.62, 473.32, 349.41
467.14, 473.63, 474.36
476.18, 597.99, 224.21
472.71, 598.30, 349.16
469.23, 598.61, 474.11
478.27, 722.97, 223.95
474.80, 723.28, 348.91
471.32, 723.59, 473.86
599.03, 470.93, 227.94
595.55, 471.24, 352.89
592.07, 471.55, 477.84
601.12, 595.91, 227.69
597.64, 596.22, 352.64
594.16, 596.53, 477.59
603.21, 720.89, 227.44
599.73, 721.20, 352.39
596.25, 721.51, 477.34
723.96, 468.84, 231.42
720.48, 469.15, 356.37
717.01, 469.47, 481.33
726.05, 593.83, 231.17
722.57, 594.14, 356.12
719.10, 594.45, 481.07
728.14, 718.81, 230.92
724.66, 719.12, 355.87
721.19, 719.43, 480.82
473.73, 474.52, 348.65
470.11, 471.48, 473.56
466.49, 468.44, 598.47
477.15, 599.43, 351.78
473.53, 596.40, 476.70
469.91, 593.36, 601.61
480.57, 724.35, 354.92
476.95, 721.31, 479.83
473.33, 718.27, 604.74
598.63, 471.01, 352.18
595.01, 467.97, 477.09
591.39, 464.94, 602.00
602.05, 595.92, 355.32
598.43, 592.89, 480.23
594.81, 589.85, 605.14
605.47, 720.84, 358.46
601.85, 717.80, 483.37
598.23, 714.76, 608.28
723.53, 467.50, 355.72
719.91, 464.47, 480.63
716.29, 461.43, 605.54
726.95, 592.42, 358.85
723.33, 589.38, 483.76
719.71, 586.34, 608.68
730.37, 717.33, 361.99
726.75, 714.29, 486.90
723.13, 711.26, 611.81
474.37, 476.72, 474.20
471.41, 477.10, 599.16
468.45, 477.48, 724.13
476.77, 601.70, 473.87
473.81, 602.08, 598.84
470.85, 602.46, 723.80
479.17, 726.67, 473.55
476.21, 727.05, 598.51
473.25, 727.44, 723.48
599.31, 474.33, 477.17
596.35, 474.71, 602.13
593.39, 475.09, 727.09
601.71, 599.30, 476.84
598.75, 599.69, 601.80
595.79, 600.07, 726.77
604.11, 724.28, 476.52
601.15, 724.66, 601.48
598.19, 725.04, 726.44
724.25, 471.94, 480.13
721.30, 472.32, 605.10
718.34, 472.70, 730.06
726.66, 596.91, 479.81
723.70, 597.29, 604.77
720.74, 597.68, 729.74
729.06, 721.89, 479.48
726.10, 722.27, 604.45
723.14, 722.65, 729.41
473.11, 475.68, 599.89
469.96, 472.64, 724.81
466.81, 469.59, 849.74
474.60, 600.64, 602.98
471.45, 597.59, 727.90
468.30, 594.54, 852.82
476.09, 725.59, 606.06
472.94, 722.54, 730.98
469.79, 719.50, 855.91
598.06, 474.12, 603.00
594.91, 471.07, 727.93
591.76, 468.02, 852.85
599.55, 599.07, 606.09
596.40, 596.02, 731.01
593.25, 592.98, 855.94
601.04, 724.02, 609.17
597.89, 720.98, 734.10
594.74, 717.93, 859.02
723.01, 472.55, 606.12
719.86, 469.50, 731.04
716.71, 466.46, 855.96
724.50, 597.50, 609.20
721.35, 594.46, 734.13
718.20, 591.41, 859.05
725.99, 722.46, 612.29
722.84, 719.41, 737.21
719.69, 716.36, 862.13
474.50, 601.53, 101.77
470.91, 604.27, 226.69
467.32, 607.01, 351.61
472.11, 726.48, 98.96
468.52, 729.22, 223.88
464.93, 731.96, 348.80
469.73, 851.42, 96.15
466.14, 854.16, 221.07
462.55, 856.90, 345.99
599.42, 603.99, 105.31
595.83, 606.74, 230.23
592.24, 609.48, 355.15
597.04, 728.94, 102.50
593.45, 731.68, 227.42
589.86, 734.42, 352.34
594.66, 853.89, 99.69
591.06, 856.63, 224.61
587.47, 859.37, 349.53
724.35, 606.46, 108.85
720.76, 609.20, 233.77
717.17, 611.94, 358.68
721.97, 731.40, 106.04
718.37, 734.14, 230.95
714.78, 736.89, 355.87
719.58, 856.35, 103.23
715.99, 859.09, 228.14
712.40, 861.83, 353.06
474.98, 600.25, 225.28
474.21, 597.88, 350.26
473.44, 595.52, 475.23
477.44, 725.20, 227.66
476.67, 722.84, 352.64
475.90, 720.48, 477.61
479.89, 850.15, 230.04
479.12, 847.79, 355.01
478.36, 845.43, 479.99
599.95, 597.78, 226.01
599.18, 595.41, 350.98
598.42, 593.05, 475.96
602.41, 722.73, 228.38
601.64, 720.37, 353.36
600.87, 718.00, 478.33
604.87, 847.68, 230.76
604.10, 845.32, 355.73
603.33, 842.96, 480.71
724.93, 595.30, 226.73
724.16, 592.94, 351.70
723.39, 590.58, 476.68
727.38, 720.26, 229.10
726.61, 717.90, 354.08
725.85, 715.53, 479.06
729.84, 845.21, 231.48
729.07, 842.85, 356.46
728.30, 840.49, 481.43
473.73, 598.50, 348.26
470.66, 596.86, 473.21
467.58, 595.22, 598.16
475.84, 723.47, 349.95
472.77, 721.83, 474.90
469.69, 720.19, 599.86
477.95, 848.45, 351.65
474.88, 846.80, 476.60
471.80, 845.16, 601.55
598.68, 596.35, 351.31
595.60, 594.71, 476.26
592.52, 593.07, 601.21
600.79, 721.32, 353.00
597.71, 719.68, 477.95
594.64, 718.04, 602.90
602.90, 846.29, 354.69
599.82, 844.65, 479.64
596.75, 843.01, 604.60
723.62, 594.20, 354.35
720.54, 592.56, 479.30
717.47, 590.92, 604.26
725.73, 719.17, 356.05
722.66, 717.53, 481.00
719.58, 715.89, 605.95
727.84, 844.14, 357.74
724.77, 842.50, 482.69
721.69, 840.86, 607.64
476.83, 599.21, 475.33
476.91, 602.88, 600.28
477.00, 606.55, 725.22
479.28, 724.14, 471.66
479.36, 727.80, 596.61
479.45, 731.47, 721.55
481.73, 849.06, 467.99
481.81, 852.72, 592.94
481.90, 856.39, 717.89
601.81, 596.76, 475.32
601.89, 600.43, 600.26
601.97, 604.10, 725.21
604.26, 721.68, 471.65
604.34, 725.35, 596.60
604.42, 729.02, 721.54
606.71, 846.61, 467.98
606.79, 850.27, 592.93
606.87, 853.94, 717.87
726.78, 594.31, 475.31
726.87, 597.98, 600.25
726.95, 601.64, 725.20
729.23, 719.23, 471.64
729.32, 722.90, 596.58
729.40, 726.57, 721.53
731.68, 844.16, 467.97
731.77, 847.82, 592.92
731.85, 851.49, 717.86
476.90, 599.63, 601.70
475.37, 602.06, 726.67
473.84, 604.49, 851.64
474.88, 724.59, 599.25
473.35, 727.02, 724.21
471.83, 729.45, 849.18
472.86, 849.55, 596.79
471.34, 851.98, 721.76
469.81, 854.41, 846.72
601.87, 601.67, 603.19
600.34, 604.11, 728.16
598.82, 606.54, 853.12
599.86, 726.63, 600.73
598.33, 729.07, 725.70
596.80, 731.50, 850.67
597.84, 851.59, 598.28
596.31, 854.02, 723.25
594.78, 856.46, 848.21
726.85, 603.72, 604.68
725.32, 606.15, 729.64
723.79, 608.58, 854.61
724.83, 728.68, 602.22
723.30, 731.11, 727.19
721.77, 733.54, 852.16
722.81, 853.64, 599.77
721.29, 856.07, 724.73
719.76, 858.50, 849.70
600.48, 98.79, 98.49
598.84, 96.38, 223.46
597.20, 93.97, 348.42
602.47, 223.75, 100.93
600.83, 221.34, 225.90
599.19, 218.93, 350.86
604.46, 348.71, 103.37
602.82, 346.30, 228.33
601.19, 343.89, 353.30
725.45, 96.77, 100.09
723.81, 94.36, 225.06
722.17, 91.94, 350.02
727.44, 221.73, 102.53
725.80, 219.32, 227.50
724.16, 216.90, 352.46
729.44, 346.69, 104.97
727.80, 344.28, 229.93
726.16, 341.86, 354.90
850.42, 94.74, 101.69
848.78, 92.33, 226.66
847.14, 89.92, 351.62
852.42, 219.70, 104.13
850.78, 217.29, 229.09
849.14, 214.88, 354.06
854.41, 344.66, 106.57
852.77, 342.25, 231.53
851.13, 339.84, 356.50
601.84, 101.56, 223.62
601.30, 101.12, 348.62
600.76, 100.68, 473.62
603.36, 226.55, 224.07
602.82, 226.11, 349.06
602.28, 225.67, 474.06
604.88, 351.54, 224.51
604.34, 351.10, 349.51
603.80, 350.66, 474.51
726.83, 100.04, 224.15
726.29, 99.60, 349.15
725.75, 99.16, 474.15
728.35, 225.03, 224.60
727.81, 224.59, 349.60
727.27, 224.15, 474.60
729.87, 350.02, 225.05
729.33, 349.58, 350.05
728.79, 349.14, 475.04
851.82, 98.52, 224.69
851.28, 98.08, 349.69
850.74, 97.63, 474.68
853.34, 223.51, 225.13
852.80, 223.07, 350.13
852.26, 222.62, 475.13
854.86, 348.50, 225.58
854.32, 348.06, 350.58
853.78, 347.61, 475.58
600.25, 98.07, 350.77
600.57, 99.79, 475.76
600.89, 101.52, 600.75
596.82, 223.01, 349.06
597.15, 224.73, 474.04
597.47, 226.46, 599.03
593.40, 347.95, 347.34
593.72, 349.67, 472.33
594.04, 351.40, 597.32
725.20, 101.49, 350.40
725.52, 103.21, 475.39
725.85, 104.94, 600.38
721.78, 226.43, 348.69
722.10, 228.15, 473.67
722.42, 229.88, 598.66
718.35, 351.37, 346.97
718.67, 353.10, 471.96
718.99, 354.82, 596.95
850.16, 104.91, 350.03
850.48, 106.63, 475.02
850.80, 108.36, 600.01
846.73, 229.85, 348.32
847.05, 231.58, 473.31
847.37, 233.30, 598.29
843.30, 354.79, 346.60
843.63, 356.52, 471.59
843.95, 358.24, 596.58
598.10, 101.77, 475.30
600.26, 103.51, 600.27
602.42, 105.26, 725.24
599.95, 226.75, 473.53
602.11, 228.49, 598.50
604.27, 230.23, 723.47
601.79, 351.72, 471.76
603.95, 353.46, 596.72
606.12, 355.20, 721.69
723.07, 99.89, 473.17
725.23, 101.64, 598.14
727.39, 103.38, 723.11
724.91, 224.87, 471.39
727.08, 226.61, 596.36
729.24, 228.35, 721.33
726.76, 349.84, 469.62
728.92, 351.58, 594.59
731.08, 353.33, 719.56
848.03, 98.02, 471.03
850.20, 99.76, 596.00
852.36, 101.50, 720.97
849.88, 222.99, 469.26
852.04, 224.73, 594.23
854.20, 226.47, 719.20
851.73, 347.96, 467.48
853.89, 349.71, 592.45
856.05, 351.45, 717.42
600.68, 98.53, 598.18
599.11, 102.09, 723.12
597.55, 105.64, 848.06
599.82, 223.48, 594.61
598.25, 227.03, 719.55
596.69, 230.59, 844.49
598.96, 348.42, 591.05
597.39, 351.98, 715.99
595.83, 355.53, 840.93
725.67, 99.43, 599.72
724.10, 102.99, 724.66
722.53, 106.55, 849.60
724.81, 224.38, 596.16
723.24, 227.94, 721.10
721.68, 231.49, 846.03
723.95, 349.33, 592.59
722.38, 352.88, 717.53
720.82, 356.44, 842.47
850.65, 100.34, 601.26
849.09, 103.89, 726.20
847.52, 107.45, 851.14
849.79, 225.28, 597.70
848.23, 228.84, 722.64
846.66, 232.39, 847.58
848.94, 350.23, 594.13
847.37, 353.79, 719.07
845.80, 357.34, 844.01
600.91, 223.61, 99.39
598.36, 224.46, 224.36
595.82, 225.31, 349.33
599.21, 348.59, 98.50
596.67, 349.44, 223.47
594.13, 350.30, 348.45
597.52, 473.58, 97.62
594.98, 474.43, 222.59
592.44, 475.28, 347.56
725.87, 225.32, 101.92
723.33, 226.17, 226.89
720.78, 227.02, 351.86
724.18, 350.30, 101.03
721.63, 351.15, 226.01
719.09, 352.00, 350.98
722.49, 475.29, 100.15
719.94, 476.14, 225.12
717.40, 476.99, 350.09
850.83, 227.02, 104.45
848.29, 227.88, 229.42
845.75, 228.73, 354.39
849.14, 352.01, 103.56
846.60, 352.86, 228.54
844.06, 353.71, 353.51
847.45, 477.00, 102.68
844.91, 477.85, 227.65
842.36, 478.70, 352.62
600.19, 224.17, 223.05
598.37, 221.69, 348.01
596.55, 219.22, 472.97
597.23, 349.11, 225.48
595.41, 346.64, 350.44
593.60, 344.16, 475.41
594.28, 474.05, 227.92
592.46, 471.58, 352.88
590.64, 469.10, 477.84
725.14, 227.09, 224.93
723.32, 224.61, 349.89
721.50, 222.14, 474.85
722.18, 352.03, 227.36
720.37, 349.56, 352.32
718.55, 347.08, 477.28
719.23, 476.97, 229.79
717.41, 474.50, 354.75
715.59, 472.02, 479.72
850.09, 230.01, 226.80
848.27, 227.53, 351.76
846.46, 225.06, 476.73
847.14, 354.95, 229.24
845.32, 352.47, 354.20
843.50, 350.00, 479.16
844.18, 479.89, 231.67
842.36, 477.42, 356.63
840.54, 474.94, 481.59
598.98, 224.45, 351.63
601.14, 227.66, 476.57
603.31, 230.87, 601.51
600.19, 349.40, 348.40
602.35, 352.61, 473.34
604.52, 355.82, 598.28
601.40, 474.35, 345.16
603.56, 477.56, 470.10
605.73, 480.77, 595.04
723.96, 223.18, 349.49
726.12, 226.39, 474.43
728.28, 229.60, 599.37
725.17, 348.13, 346.26
727.33, 351.35, 471.20
729.49, 354.56, 596.14
726.38, 473.09, 343.03
728.54, 476.30, 467.97
730.70, 479.51, 592.91
848.93, 221.92, 347.36
851.10, 225.13, 472.30
853.26, 228.34, 597.24
850.14, 346.87, 344.13
852.31, 350.08, 469.07
854.47, 353.29, 594.01
851.35, 471.82, 340.90
853.52, 475.03, 465.84
855.68, 478.24, 590.78
599.86, 225.76, 476.38
597.16, 227.57, 601.33
594.47, 229.37, 726.29
596.31, 350.70, 474.50
593.61, 352.50, 599.45
590.91, 354.31, 724.41
592.75, 475.63, 472.61
590.05, 477.44, 597.57
587.36, 479.24, 722.53
724.78, 229.35, 479.02
722.09, 231.16, 603.98
719.39, 232.96, 728.94
721.23, 354.29, 477.14
718.53, 356.09, 602.10
715.83, 357.90, 727.05
717.67, 479.23, 475.26
714.97, 481.03, 600.21
712.28, 482.84, 725.17
849.70, 232.95, 481.66
847.01, 234.75, 606.62
844.31, 236.56, 731.58
846.15, 357.88, 479.78
843.45, 359.69, 604.74
840.75, 361.49, 729.70
842.59, 482.82, 477.90
839.90, 484.62, 602.86
837.20, 486.43, 727.82
599.85, 224.47, 598.09
602.91, 227.84, 723.00
605.98, 231.21, 847.92
600.47, 349.42, 594.70
603.54, 352.79, 719.62
606.61, 356.16, 844.53
601.10, 474.37, 591.31
604.16, 477.74, 716.23
607.23, 481.11, 841.15
724.81, 223.76, 595.04
727.88, 227.13, 719.96
730.94, 230.50, 844.87
725.43, 348.71, 591.65
728.50, 352.08, 716.57
731.57, 355.45, 841.49
726.06, 473.67, 588.27
729.12, 477.04, 713.18
732.19, 480.41, 838.10
849.77, 223.05, 591.99
852.84, 226.42, 716.91
855.90, 229.79, 841.82
850.39, 348.00, 588.60
853.46, 351.37, 713.52
856.53, 354.74, 838.44
851.02, 472.96, 585.22
854.09, 476.33, 710.13
857.15, 479.70, 835.05
598.66, 349.14, 101.21
596.99, 347.48, 226.19
595.33, 345.83, 351.17
597.66, 474.12, 102.85
596.00, 472.47, 227.83
594.33, 470.82, 352.81
596.67, 599.11, 104.49
595.00, 597.46, 229.47
593.33, 595.80, 354.45
723.65, 350.11, 102.89
721.98, 348.46, 227.87
720.31, 346.81, 352.85
722.65, 475.10, 104.53
720.98, 473.44, 229.51
719.32, 471.79, 354.49
721.65, 600.08, 106.17
719.99, 598.43, 231.15
718.32, 596.78, 356.13
848.63, 351.09, 104.57
846.96, 349.43, 229.55
845.30, 347.78, 354.53
847.63, 476.07, 106.21
845.97, 474.42, 231.19
844.30, 472.77, 356.17
846.64, 601.06, 107.85
844.97, 599.41, 232.83
843.30, 597.75, 357.81
599.57, 349.30, 224.67
596.38, 348.73, 349.63
593.19, 348.16, 474.58
598.96, 474.30, 225.22
595.77, 473.72, 350.18
592.58, 473.15, 475.14
598.34, 599.29, 225.78
595.15, 598.72, 350.74
591.97, 598.15, 475.70
724.53, 349.90, 227.86
721.34, 349.33, 352.82
718.15, 348.76, 477.78
723.91, 474.90, 228.42
720.73, 474.32, 353.37
717.54, 473.75, 478.33
723.30, 599.89, 228.97
720.11, 599.32, 353.93
716.92, 598.75, 478.89
849.49, 350.50, 231.05
846.30, 349.93, 356.01
843.11, 349.35, 480.97
848.87, 475.49, 231.61
845.68, 474.92, 356.57
842.50, 474.35, 481.52
848.26, 600.49, 232.16
845.07, 599.92, 357.12
841.88, 599.35, 482.08
598.08, 351.63, 349.91
598.21, 355.06, 474.86
598.34, 358.49, 599.82
601.82, 476.53, 346.48
601.95, 479.96, 471.43
602.08, 483.39, 596.38
605.56, 601.42, 343.04
605.69, 604.85, 468.00
605.82, 608.29, 592.95
723.03, 347.89, 349.88
723.16, 351.32, 474.84
723.28, 354.75, 599.79
726.77, 472.78, 346.45
726.89, 476.22, 471.40
727.02, 479.65, 596.36
730.51, 597.68, 343.02
730.63, 601.11, 467.97
730.76, 604.54, 592.92
847.97, 344.15, 349.86
848.10, 347.58, 474.81
848.23, 351.01, 599.76
851.71, 469.04, 346.43
851.84, 472.47, 471.38
851.97, 475.91, 596.33
855.45, 593.94, 342.99
855.58, 597.37, 467.94
855.71, 600.80, 592.90
598.62, 351.77, 474.46
602.31, 348.64, 599.37
605.99, 345.52, 724.27
599.38, 476.73, 477.57
603.07, 473.60, 602.48
606.75, 470.47, 727.38
600.14, 601.69, 480.68
603.83, 598.56, 605.58
607.52, 595.43, 730.49
723.56, 351.10, 470.76
727.25, 347.97, 595.66
730.94, 344.85, 720.57
724.32, 476.06, 473.86
728.01, 472.93, 598.77
731.70, 469.81, 723.68
725.08, 601.02, 476.97
728.77, 597.89, 601.88
732.46, 594.76, 726.78
848.50, 350.43, 467.05
852.19, 347.31, 591.96
855.88, 344.18, 716.86
849.27, 475.39, 470.16
852.95, 472.26, 595.06
856.64, 469.14, 719.97
850.03, 600.35, 473.27
853.71, 597.22, 598.17
857.40, 594.09, 723.08
600.03, 348.87, 601.69
601.12, 349.65, 726.69
602.21, 350.42, 851.68
603.01, 473.83, 600.89
604.10, 474.61, 725.88
605.18, 475.38, 850.88
605.98, 598.79, 600.09
607.07, 599.57, 725.08
608.16, 600.35, 850.07
724.99, 345.89, 600.62
726.08, 346.66, 725.62
727.17, 347.44, 850.61
727.97, 470.85, 599.82
729.06, 471.62, 724.81
730.14, 472.40, 849.81
730.94, 595.81, 599.02
732.03, 596.59, 724.01
733.12, 597.36, 849.00
849.95, 342.90, 599.55
851.04, 343.68, 724.54
852.13, 344.46, 849.54
852.93, 467.87, 598.75
854.01, 468.64, 723.74
855.10, 469.42, 848.73
855.90, 592.83, 597.95
856.99, 593.60, 722.94
858.08, 594.38, 847.93
600.62, 476.16, 98.55
599.47, 476.66, 223.54
598.33, 477.16, 348.54
601.88, 601.15, 98.06
600.73, 601.66, 223.05
599.58, 602.16, 348.05
603.13, 726.15, 97.57
601.98, 726.65, 222.56
600.83, 727.15, 347.56
725.61, 474.91, 99.70
724.46, 475.41, 224.70
723.31, 475.91, 349.69
726.86, 599.90, 99.21
725.72, 600.41, 224.21
724.57, 600.91, 349.20
728.12, 724.90, 98.72
726.97, 725.40, 223.72
725.82, 725.90, 348.71
850.60, 473.66, 100.86
849.45, 474.16, 225.85
848.30, 474.67, 350.84
851.85, 598.66, 100.37
850.70, 599.16, 225.36
849.56, 599.66, 350.35
853.11, 723.65, 99.88
851.96, 724.15, 224.87
850.81, 724.65, 349.86
600.63, 475.23, 224.69
600.18, 472.96, 349.67
599.73, 470.70, 474.65
602.08, 600.20, 226.96
601.63, 597.94, 351.94
601.18, 595.67, 476.92
603.53, 725.17, 229.23
603.08, 722.91, 354.21
602.63, 720.64, 479.19
725.62, 473.77, 225.12
725.17, 471.51, 350.09
724.72, 469.24, 475.07
727.07, 598.74, 227.38
726.62, 596.48, 352.36
726.17, 594.22, 477.34
728.52, 723.71, 229.65
728.07, 721.45, 354.63
727.62, 719.19, 479.61
850.61, 472.31, 225.54
850.16, 470.05, 350.52
849.71, 467.79, 475.50
852.06, 597.28, 227.81
851.61, 595.02, 352.79
851.16, 592.76, 477.76
853.51, 722.26, 230.08
853.06, 719.99, 355.05
852.61, 717.73, 480.03
601.40, 473.78, 351.20
600.73, 470.36, 476.15
600.06, 466.93, 601.10
600.36, 598.73, 354.62
599.69, 595.31, 479.57
599.03, 591.88, 604.52
599.33, 723.68, 358.03
598.66, 720.25, 482.98
597.99, 716.83, 607.94
726.39, 474.80, 351.89
725.73, 471.37, 476.84
725.06, 467.95, 601.80
725.36, 599.75, 355.31
724.69, 596.32, 480.26
724.02, 592.90, 605.21
724.32, 724.70, 358.73
723.65, 721.27, 483.68
722.98, 717.85, 608.63
851.39, 475.82, 352.59
850.72, 472.39, 477.54
850.05, 468.97, 602.49
850.35, 600.77, 356.01
849.68, 597.34, 480.96
849.01, 593.92, 605.91
849.31, 725.71, 359.42
848.65, 722.29, 484.38
847.98, 718.87, 609.33
600.90, 474.63, 476.78
601.96, 472.32, 601.75
603.01, 470.00, 726.73
600.90, 599.61, 479.09
601.95, 597.29, 604.07
603.01, 594.98, 729.04
600.90, 724.59, 481.41
601.95, 722.27, 606.38
603.01, 719.96, 731.36
725.90, 474.65, 475.73
726.95, 472.34, 600.70
728.01, 470.02, 725.67
725.90, 599.63, 478.04
726.95, 597.32, 603.01
728.00, 595.00, 727.99
725.89, 724.61, 480.35
726.95, 722.29, 605.33
728.00, 719.98, 730.30
850.89, 474.67, 474.67
851.95, 472.36, 599.65
853.00, 470.04, 724.62
850.89, 599.65, 476.99
851.95, 597.34, 601.96
853.00, 595.02, 726.93
850.89, 724.63, 479.30
851.94, 722.31, 604.27
853.00, 720.00, 729.25
599.47, 476.31, 600.54
601.04, 477.16, 725.53
602.60, 478.02, 850.52
599.87, 601.30, 599.68
601.44, 602.16, 724.67
603.00, 603.01, 849.66
600.27, 726.30, 598.82
601.84, 727.15, 723.81
603.40, 728.01, 848.80
724.46, 475.89, 598.98
726.03, 476.75, 723.97
727.59, 477.61, 848.96
724.86, 600.89, 598.12
726.43, 601.75, 723.11
727.99, 602.60, 848.09
725.26, 725.89, 597.26
726.82, 726.74, 722.25
728.39, 727.60, 847.23
849.45, 475.48, 597.42
851.01, 476.34, 722.41
852.58, 477.20, 847.39
849.85, 600.48, 596.56
851.41, 601.34, 721.55
852.98, 602.19, 846.53
850.25, 725.48, 595.70
851.81, 726.33, 720.68
853.38, 727.19, 845.67
600.85, 600.28, 99.56
600.56, 597.70, 224.53
600.27, 595.12, 349.51
599.35, 725.25, 102.14
599.06, 722.67, 227.11
598.77, 720.09, 352.08
597.85, 850.21, 104.71
597.56, 847.63, 229.69
597.28, 845.05, 354.66
725.84, 601.78, 99.88
725.55, 599.20, 224.85
725.26, 596.62, 349.83
724.34, 726.74, 102.46
724.05, 724.16, 227.43
723.76, 721.58, 352.40
722.84, 851.71, 105.03
722.55, 849.13, 230.00
722.27, 846.55, 354.98
850.83, 603.27, 100.20
850.54, 600.69, 225.17
850.25, 598.11, 350.14
849.33, 728.23, 102.77
849.04, 725.65, 227.75
848.76, 723.07, 352.72
847.83, 853.20, 105.35
847.54, 850.62, 230.32
847.26, 848.04, 355.30
599.91, 599.19, 225.57
601.87, 600.51, 350.55
603.82, 601.83, 475.52
601.67, 724.17, 224.22
603.63, 725.49, 349.20
605.58, 726.81, 474.18
603.43, 849.15, 222.88
605.39, 850.47, 347.85
607.35, 851.79, 472.83
724.88, 597.41, 223.63
726.84, 598.73, 348.61
728.80, 600.05, 473.59
726.64, 722.39, 222.28
728.60, 723.71, 347.26
730.56, 725.03, 472.24
728.40, 847.37, 220.94
730.36, 848.69, 345.92
732.32, 850.01, 470.89
849.85, 595.63, 221.69
851.81, 596.95, 346.67
853.77, 598.26, 471.65
851.62, 720.61, 220.35
853.57, 721.93, 345.32
855.53, 723.24, 470.30
853.38, 845.59, 219.00
855.33, 846.91, 343.98
857.29, 848.22, 468.96
598.67, 600.65, 349.72
601.40, 604.27, 474.64
604.12, 607.89, 599.55
602.35, 725.54, 346.02
605.08, 729.16, 470.94
607.80, 732.78, 595.85
606.03, 850.43, 342.32
608.75, 854.05, 467.24
611.48, 857.67, 592.16
723.59, 596.89, 347.10
726.31, 600.51, 472.02
729.04, 604.13, 596.94
727.27, 721.78, 343.40
729.99, 725.40, 468.32
732.72, 729.02, 593.24
730.95, 846.68, 339.70
733.67, 850.29, 464.62
736.39, 853.91, 589.54
848.50, 593.14, 344.49
851.23, 596.76, 469.40
853.95, 600.38, 594.32
852.18, 718.03, 340.79
854.91, 721.65, 465.71
857.63, 725.27, 590.62
855.86, 842.92, 337.09
858.59, 846.54, 462.01
861.31, 850.16, 586.93
600.23, 600.88, 476.59
602.63, 599.17, 601.55
605.04, 597.46, 726.52
601.93, 725.85, 478.26
604.33, 724.15, 603.23
606.74, 722.44, 728.19
603.63, 850.83, 479.94
606.03, 849.12, 604.90
608.44, 847.42, 729.87
725.19, 599.21, 474.16
727.60, 597.50, 599.13
730.01, 595.80, 724.09
726.89, 724.19, 475.83
729.30, 722.48, 600.80
731.71, 720.77, 725.77
728.59, 849.16, 477.51
731.00, 847.46, 602.47
733.41, 845.75, 727.44
850.16, 597.54, 471.73
852.57, 595.84, 596.70
854.97, 594.13, 721.66
851.86, 722.52, 473.41
854.27, 720.81, 598.37
856.67, 719.11, 723.34
853.56, 847.50, 475.08
855.97, 845.79, 600.05
858.37, 844.08, 725.01
601.07, 600.49, 598.84
603.56, 598.89, 723.81
606.05, 597.28, 848.77
604.71, 725.43, 600.38
607.20, 723.82, 725.34
609.68, 722.22, 850.31
608.34, 850.37, 601.91
610.83, 848.76, 726.88
613.32, 847.16, 851.84
726.00, 596.89, 596.31
728.48, 595.28, 721.28
730.97, 593.68, 846.24
729.63, 721.83, 597.85
732.12, 720.22, 722.81
734.60, 718.61, 847.77
733.27, 846.76, 599.38
735.75, 845.16, 724.34
738.24, 843.55, 849.31
850.92, 593.28, 593.78
853.40, 591.68, 718.74
855.89, 590.07, 843.71
854.55, 718.22, 595.31
857.04, 716.62, 720.28
859.53, 715.01, 845.24
858.19, 843.16, 596.85
860.68, 841.55, 721.81
863.16, 839.95, 846.78
