27, 125, pa2-debug-f-output1.txt
195.55, 207.32, 198.71
402.25, 399.15, 203.25
98.68, 98.40, 98.22
98.58, 102.17, 223.31
98.36, 105.61, 348.08
97.56, 223.38, 94.45
97.22, 227.04, 219.49
97.38, 230.85, 344.47
96.30, 348.25, 90.85
96.31, 351.77, 215.81
95.93, 355.78, 340.75
223.56, 99.51, 98.40
223.60, 103.14, 223.36
223.15, 107.05, 348.39
222.55, 224.52, 94.70
222.38, 228.34, 219.51
222.15, 231.88, 344.45
221.27, 349.38, 90.88
221.27, 353.24, 215.85
220.92, 356.94, 340.81
348.70, 100.63, 98.49
348.56, 104.54, 223.28
348.42, 108.23, 348.30
347.45, 225.70, 94.68
347.30, 229.35, 219.56
347.24, 233.11, 344.57
346.46, 350.68, 91.16
346.20, 354.38, 215.84
346.14, 358.16, 340.91
97.94, 101.29, 225.13
95.74, 104.23, 350.32
93.47, 107.01, 475.24
100.10, 226.33, 222.65
97.84, 229.08, 347.30
95.76, 231.96, 472.40
102.70, 351.12, 219.61
100.53, 354.09, 344.55
98.06, 356.80, 469.53
222.93, 99.29, 227.45
220.65, 101.91, 352.46
218.50, 104.59, 477.65
225.08, 224.01, 224.81
223.15, 226.92, 349.68
220.64, 229.69, 474.76
227.64, 348.89, 222.10
225.20, 351.70, 347.03
223.00, 354.80, 471.97
347.85, 96.86, 230.02
345.60, 99.65, 354.72
343.59, 102.50, 479.57
350.21, 221.74, 227.22
348.07, 224.46, 351.98
345.75, 227.40, 477.19
352.29, 346.72, 224.25
350.39, 349.76, 349.07
347.98, 352.38, 474.27
98.58, 100.88, 348.64
97.95, 104.58, 473.47
97.09, 108.13, 598.57
99.63, 225.49, 344.96
98.74, 229.30, 469.85
98.16, 232.97, 594.90
100.48, 350.50, 341.13
99.63, 354.18, 466.32
99.09, 357.97, 591.20
223.65, 99.85, 349.53
222.85, 103.73, 474.38
222.25, 107.31, 599.38
224.61, 224.66, 345.60
223.79, 228.44, 470.76
223.15, 232.12, 595.65
225.29, 349.57, 341.90
224.61, 353.56, 466.79
224.06, 357.21, 592.06
348.65, 98.99, 350.16
347.77, 102.55, 475.28
347.08, 106.30, 600.16
349.29, 223.77, 346.63
348.82, 227.64, 471.25
348.02, 231.47, 596.47
350.52, 348.97, 342.87
349.86, 352.55, 467.68
349.16, 356.10, 592.49
101.35, 98.91, 473.88
104.71, 98.11, 598.73
108.21, 97.14, 723.68
100.71, 223.91, 474.78
104.06, 223.00, 599.58
107.33, 221.96, 724.70
99.93, 349.18, 475.68
103.22, 348.19, 600.67
106.65, 347.31, 725.64
226.30, 100.08, 470.23
229.71, 98.73, 595.25
233.16, 97.95, 720.27
225.47, 225.01, 471.37
229.08, 223.81, 596.21
232.23, 223.00, 721.46
224.93, 349.92, 472.25
228.25, 349.07, 597.44
231.59, 347.98, 722.23
351.26, 100.74, 467.01
354.69, 99.77, 591.96
357.94, 98.77, 717.11
350.53, 225.72, 468.14
354.05, 224.86, 593.10
357.49, 223.81, 717.92
349.83, 350.66, 469.13
352.96, 349.89, 593.72
356.54, 348.84, 718.73
100.91, 100.99, 598.30
100.78, 102.77, 723.27
100.86, 104.57, 848.24
104.24, 225.86, 596.60
104.31, 227.85, 721.61
104.45, 229.60, 846.52
108.00, 350.76, 594.75
107.95, 352.59, 719.68
108.07, 354.39, 844.61
225.67, 97.35, 598.33
225.79, 99.19, 723.33
225.81, 100.97, 848.23
229.12, 222.39, 596.40
229.17, 224.26, 721.37
229.37, 225.84, 846.30
232.67, 347.19, 594.64
232.72, 349.13, 719.80
232.85, 350.82, 844.60
350.57, 93.92, 598.35
350.85, 95.51, 723.17
350.85, 97.23, 848.28
354.10, 218.71, 596.33
354.13, 220.40, 721.55
354.18, 222.34, 846.50
357.88, 343.87, 594.59
358.05, 345.56, 719.57
357.76, 347.31, 844.59
100.55, 224.62, 99.81
101.01, 223.40, 224.65
100.90, 222.20, 349.82
101.27, 349.74, 100.83
101.67, 348.64, 225.91
101.76, 347.32, 350.86
101.97, 474.57, 102.19
102.42, 473.37, 227.01
102.48, 472.19, 352.25
225.57, 223.87, 99.25
225.82, 222.85, 224.38
225.93, 221.41, 349.36
226.52, 349.04, 100.79
226.65, 347.72, 225.60
226.78, 346.67, 350.67
227.02, 473.81, 101.93
227.41, 472.78, 226.70
227.60, 471.71, 351.90
350.55, 223.15, 99.19
350.85, 221.92, 224.25
351.13, 220.89, 349.00
351.30, 348.04, 100.33
351.45, 347.10, 225.48
351.70, 345.66, 350.34
352.21, 473.05, 101.51
352.36, 472.06, 226.65
352.44, 470.73, 351.47
101.35, 223.88, 225.70
104.60, 225.18, 350.73
107.75, 226.19, 475.60
103.62, 348.81, 224.53
107.06, 350.00, 349.37
110.34, 351.42, 474.48
106.38, 473.74, 223.17
109.75, 474.95, 348.16
113.10, 476.18, 473.17
226.09, 221.09, 222.40
229.20, 222.41, 347.36
232.78, 223.71, 472.44
228.91, 346.14, 221.06
232.15, 347.22, 346.11
235.40, 348.65, 471.00
231.17, 471.05, 219.87
234.77, 472.32, 344.85
238.09, 473.61, 469.73
350.89, 218.50, 219.31
354.45, 219.78, 344.25
357.60, 221.02, 469.12
353.80, 343.44, 217.85
356.81, 344.59, 342.76
360.10, 345.89, 467.88
356.33, 468.53, 216.75
359.62, 469.76, 341.65
363.10, 471.05, 466.68
100.88, 226.15, 350.40
103.50, 222.85, 475.38
106.18, 219.46, 600.22
97.30, 350.88, 353.76
99.80, 347.45, 478.70
102.30, 344.35, 603.76
93.54, 475.72, 357.14
96.22, 472.45, 481.94
98.68, 468.98, 606.79
225.65, 229.95, 348.14
228.50, 226.51, 472.81
230.99, 222.95, 597.58
222.20, 354.83, 351.38
224.81, 351.44, 476.32
227.32, 348.00, 601.04
218.60, 479.43, 354.70
220.93, 476.23, 479.51
223.47, 473.08, 604.66
350.82, 233.56, 345.55
353.10, 230.21, 470.35
355.89, 226.84, 595.51
346.89, 358.54, 348.88
349.45, 354.94, 473.82
352.14, 351.62, 598.85
343.40, 483.17, 352.37
346.07, 480.03, 477.01
348.53, 476.62, 601.96
99.15, 225.70, 476.98
100.76, 226.86, 601.67
102.40, 227.73, 726.76
101.43, 350.59, 475.79
103.34, 351.52, 600.78
104.86, 352.63, 725.70
104.06, 475.36, 474.56
105.72, 476.44, 599.39
107.26, 477.87, 724.50
224.21, 222.94, 475.25
225.82, 224.15, 600.29
227.56, 225.27, 725.05
226.67, 347.88, 474.20
228.30, 349.03, 599.04
229.75, 350.39, 724.28
229.03, 473.05, 472.87
230.80, 474.20, 597.79
232.39, 475.29, 723.09
349.22, 220.74, 473.64
350.66, 221.69, 598.77
352.55, 222.95, 723.74
351.69, 345.61, 472.32
352.97, 346.72, 597.64
354.76, 347.77, 722.32
354.02, 470.38, 471.41
355.81, 471.76, 596.23
357.39, 472.97, 721.36
99.06, 224.16, 599.93
99.90, 226.30, 724.68
100.16, 228.13, 849.64
98.21, 349.29, 597.67
98.64, 351.18, 722.68
99.21, 353.24, 847.77
97.17, 474.34, 595.82
97.68, 476.03, 720.77
97.98, 478.29, 845.75
223.97, 225.36, 599.39
224.54, 227.10, 724.35
225.24, 229.18, 849.21
223.22, 350.34, 597.18
223.79, 352.34, 722.27
224.05, 354.18, 847.10
222.14, 475.18, 595.40
222.51, 477.41, 720.11
222.85, 479.20, 845.29
349.18, 226.54, 598.64
349.72, 228.24, 723.59
350.09, 230.49, 848.59
348.14, 351.43, 596.77
348.45, 353.37, 721.59
349.08, 355.37, 846.86
346.96, 476.34, 594.93
347.33, 478.35, 719.76
347.90, 480.48, 844.74
101.80, 348.08, 101.69
98.81, 350.96, 226.66
96.27, 353.50, 351.69
99.14, 473.09, 99.00
96.12, 475.64, 224.01
93.52, 478.55, 348.75
96.21, 597.98, 96.18
93.61, 600.65, 221.22
90.91, 603.43, 346.05
226.59, 350.71, 104.18
223.99, 353.49, 229.10
221.15, 356.28, 354.32
223.89, 475.94, 101.58
221.21, 478.66, 226.61
218.51, 481.20, 351.31
221.27, 600.97, 98.83
218.69, 603.55, 223.59
215.81, 606.08, 348.65
351.61, 353.67, 106.98
349.01, 356.53, 231.82
346.32, 358.91, 356.90
348.90, 478.76, 104.33
346.23, 481.44, 229.20
343.44, 484.08, 354.00
346.03, 603.56, 101.29
343.49, 606.34, 226.41
340.74, 608.94, 351.51
99.41, 349.27, 223.15
100.91, 348.00, 348.29
102.69, 346.85, 473.05
99.18, 474.43, 224.32
100.73, 473.00, 349.56
102.14, 471.66, 474.54
98.70, 599.12, 225.69
100.16, 597.82, 350.64
101.90, 596.93, 475.77
224.24, 349.54, 221.69
225.93, 348.50, 346.37
227.46, 347.26, 471.57
223.88, 474.54, 222.99
225.70, 473.28, 347.60
227.19, 472.06, 472.65
223.74, 599.49, 223.99
225.19, 598.23, 348.93
226.82, 597.12, 474.10
349.19, 350.09, 220.16
350.87, 348.79, 345.04
352.78, 347.38, 469.91
349.07, 474.84, 221.10
350.70, 473.79, 345.97
352.07, 472.31, 470.98
348.53, 600.10, 222.55
350.11, 598.85, 347.27
352.02, 597.54, 472.50
98.49, 348.43, 351.53
100.86, 348.79, 476.49
103.28, 348.66, 601.18
99.52, 473.78, 351.27
102.12, 473.87, 476.21
104.53, 473.88, 601.25
100.88, 598.36, 351.10
103.27, 598.75, 475.96
105.63, 598.60, 601.24
223.57, 347.46, 348.85
225.68, 347.69, 474.06
228.54, 347.69, 598.89
224.69, 472.36, 348.82
227.05, 472.38, 473.66
229.60, 472.57, 598.70
225.51, 597.34, 348.82
228.30, 597.57, 473.66
230.86, 597.64, 598.59
348.18, 346.26, 346.27
350.93, 346.35, 471.42
353.34, 346.37, 596.23
349.55, 471.06, 346.27
352.11, 471.44, 471.37
354.58, 471.42, 596.14
350.71, 596.22, 346.17
353.33, 596.27, 471.02
355.62, 596.40, 595.93
98.79, 347.95, 475.11
95.27, 350.01, 600.23
92.21, 352.08, 725.01
98.89, 472.97, 473.13
95.56, 474.90, 598.15
92.46, 477.19, 722.87
99.05, 597.95, 471.04
95.72, 599.90, 595.98
92.44, 602.09, 721.01
223.57, 347.90, 478.28
220.49, 350.04, 603.34
217.32, 352.08, 728.41
223.68, 472.98, 476.38
220.46, 474.81, 601.30
217.44, 477.17, 726.40
224.04, 597.75, 474.26
220.87, 599.90, 599.28
217.48, 601.95, 724.30
348.65, 347.62, 481.77
345.27, 349.90, 606.54
342.13, 351.84, 731.35
348.90, 472.59, 479.57
345.37, 474.96, 604.43
342.18, 476.69, 729.53
348.82, 597.87, 477.74
345.90, 599.65, 602.62
342.51, 602.01, 727.55
98.28, 351.58, 599.91
95.09, 353.09, 725.09
92.02, 354.66, 849.89
96.78, 476.48, 598.48
93.95, 478.12, 723.38
90.95, 479.59, 848.24
95.78, 601.32, 596.86
92.73, 602.98, 721.69
89.55, 604.65, 846.64
223.00, 352.58, 602.98
220.01, 354.35, 727.87
216.95, 356.05, 853.03
221.81, 477.68, 601.32
218.76, 479.38, 726.14
215.73, 480.86, 851.33
220.47, 602.70, 599.81
217.42, 604.28, 724.78
214.52, 605.99, 849.70
348.16, 354.02, 606.04
344.94, 355.52, 731.09
341.96, 357.22, 855.78
346.66, 479.18, 604.44
343.89, 480.64, 729.32
340.93, 482.16, 854.24
345.45, 604.16, 602.82
342.62, 605.57, 727.73
339.38, 607.17, 852.66
98.34, 474.61, 101.12
99.53, 473.12, 226.26
100.88, 471.51, 351.09
99.65, 599.53, 102.79
100.87, 598.06, 227.77
102.11, 596.74, 352.67
100.47, 724.64, 104.23
101.77, 722.97, 229.33
102.98, 721.44, 354.05
223.48, 473.61, 100.04
224.67, 471.91, 224.82
225.87, 470.73, 349.95
224.36, 598.45, 101.58
225.95, 597.03, 226.59
227.03, 595.47, 351.61
225.69, 723.66, 102.97
226.64, 721.83, 228.00
228.27, 720.47, 352.98
348.42, 472.50, 98.81
349.56, 470.85, 223.74
351.06, 469.58, 348.62
349.62, 597.56, 100.37
350.92, 595.80, 225.21
352.09, 594.50, 350.03
350.64, 722.37, 101.53
351.97, 720.77, 226.47
353.19, 719.47, 351.49
100.23, 474.74, 225.00
100.00, 475.45, 349.79
99.62, 475.89, 474.99
103.51, 599.91, 224.24
103.56, 600.30, 349.48
103.13, 600.92, 474.18
107.09, 724.74, 223.69
106.98, 725.33, 348.86
106.72, 725.64, 474.03
225.03, 471.28, 224.82
224.66, 471.96, 350.06
224.82, 472.18, 474.95
228.49, 596.21, 224.56
228.22, 596.72, 349.38
228.19, 597.19, 474.43
231.83, 721.30, 223.90
231.88, 721.75, 348.90
231.85, 722.23, 473.90
349.99, 467.99, 225.08
349.83, 468.25, 349.99
349.54, 468.89, 475.02
353.35, 592.91, 224.71
353.14, 593.45, 349.81
353.25, 593.64, 474.57
357.03, 717.61, 224.26
356.94, 718.18, 349.27
356.61, 718.60, 474.17
98.46, 473.21, 349.93
98.47, 474.53, 475.11
98.63, 475.59, 600.06
100.70, 598.30, 349.00
100.76, 599.38, 473.88
100.92, 600.35, 598.79
102.88, 723.47, 347.99
103.13, 724.27, 472.96
103.08, 725.49, 597.92
223.53, 471.08, 349.80
223.61, 472.26, 474.89
223.70, 473.16, 600.07
225.74, 596.11, 348.91
225.66, 597.15, 473.81
225.67, 598.22, 598.89
228.09, 720.99, 347.86
227.92, 721.97, 472.79
228.09, 723.29, 597.86
348.58, 468.82, 349.98
348.45, 470.02, 474.97
348.33, 470.76, 599.78
350.74, 593.63, 348.94
350.74, 594.74, 473.85
350.74, 595.95, 598.81
352.89, 718.70, 347.80
352.88, 719.80, 472.63
353.22, 720.94, 597.63
98.30, 474.51, 475.33
98.02, 478.00, 600.46
97.95, 481.22, 725.56
99.56, 599.52, 472.13
99.72, 603.09, 597.09
99.35, 606.22, 722.03
101.16, 724.69, 468.51
101.00, 727.81, 593.56
100.94, 731.21, 718.66
223.18, 473.12, 475.75
223.17, 476.63, 600.39
222.90, 479.79, 725.37
224.63, 598.27, 472.40
224.58, 601.57, 597.11
224.66, 604.95, 722.10
225.91, 723.24, 468.77
225.89, 726.39, 593.92
225.96, 729.92, 718.86
348.23, 471.77, 475.53
348.29, 475.15, 600.48
348.14, 478.66, 725.60
349.63, 596.88, 472.33
349.42, 599.91, 597.19
349.42, 603.37, 722.16
350.92, 721.79, 468.74
350.98, 725.11, 593.80
350.79, 728.26, 718.85
99.02, 476.87, 600.46
100.66, 477.83, 725.47
102.27, 478.91, 850.46
100.79, 601.94, 599.49
102.46, 602.91, 724.42
103.87, 603.76, 849.42
102.00, 726.69, 598.37
103.91, 727.80, 723.20
105.53, 728.86, 848.20
224.07, 475.30, 598.76
225.83, 476.43, 723.89
227.36, 477.48, 848.83
225.57, 600.14, 597.64
227.39, 601.37, 722.85
228.85, 602.26, 847.60
227.10, 725.24, 596.58
228.70, 725.99, 721.66
230.44, 727.44, 846.51
349.04, 473.66, 597.07
350.73, 474.63, 722.07
352.39, 475.82, 847.16
350.38, 598.73, 596.16
352.27, 599.58, 721.03
354.08, 600.76, 845.95
352.19, 723.49, 594.87
353.87, 724.54, 719.91
355.61, 725.74, 844.98
99.02, 599.62, 98.91
96.89, 596.33, 223.70
94.74, 593.24, 348.84
98.68, 724.47, 102.04
96.36, 721.48, 226.96
94.12, 718.37, 351.90
98.05, 849.50, 105.20
95.86, 846.37, 230.14
93.61, 843.13, 355.04
224.17, 600.04, 101.35
222.01, 597.09, 226.13
219.69, 593.81, 350.93
223.38, 724.95, 104.35
221.44, 721.94, 229.42
219.07, 718.59, 354.00
223.04, 849.99, 107.50
220.93, 846.82, 232.48
218.43, 843.73, 357.19
349.16, 600.63, 103.32
346.68, 597.27, 228.32
344.53, 594.28, 353.41
348.58, 725.66, 106.76
346.28, 722.30, 231.57
344.10, 719.25, 356.41
348.11, 850.34, 109.72
345.68, 847.16, 234.60
343.52, 844.22, 359.69
100.81, 599.85, 224.34
98.96, 599.37, 349.27
97.32, 598.71, 474.04
102.04, 724.60, 224.76
100.18, 724.14, 349.59
98.12, 723.73, 474.54
102.93, 849.64, 225.07
101.00, 849.20, 350.07
99.14, 848.79, 474.96
225.90, 598.56, 226.34
224.23, 598.48, 351.17
222.07, 597.71, 476.09
226.92, 723.78, 226.51
224.89, 723.27, 351.45
223.00, 722.68, 476.51
227.90, 848.60, 226.93
226.04, 848.08, 352.01
224.04, 847.81, 476.84
351.06, 597.76, 228.04
349.08, 597.27, 353.07
347.31, 596.76, 478.00
351.86, 722.52, 228.61
350.19, 722.19, 353.44
347.98, 722.01, 478.34
352.87, 847.60, 228.98
350.99, 847.37, 353.89
348.93, 847.07, 478.70
98.25, 598.82, 349.05
94.71, 602.28, 474.14
91.17, 605.78, 598.87
95.75, 723.75, 345.57
92.30, 727.27, 470.57
88.88, 730.77, 595.34
93.22, 848.88, 342.12
89.63, 852.17, 466.99
86.22, 855.65, 591.88
223.07, 601.45, 352.43
219.77, 605.00, 477.23
216.25, 608.65, 602.13
220.75, 726.56, 349.07
217.40, 729.97, 474.05
213.78, 733.51, 598.70
218.08, 851.31, 345.55
214.61, 854.89, 470.44
211.07, 858.31, 595.29
348.34, 604.32, 355.88
344.51, 607.52, 480.78
341.26, 611.01, 605.83
345.65, 729.30, 352.26
342.19, 732.41, 477.46
338.57, 736.00, 602.23
343.21, 854.19, 348.82
339.46, 857.49, 473.67
336.11, 861.04, 598.79
98.27, 600.14, 474.22
99.12, 600.66, 598.90
100.35, 600.77, 723.99
99.63, 725.19, 473.78
100.57, 725.38, 598.73
101.66, 725.74, 723.70
101.14, 850.22, 473.49
102.11, 850.53, 598.28
103.24, 850.66, 723.35
223.40, 598.71, 472.99
224.24, 599.05, 597.96
225.18, 599.29, 723.12
224.76, 723.67, 472.67
225.89, 724.01, 597.75
226.83, 724.15, 722.60
225.98, 848.79, 472.24
227.15, 848.98, 597.33
227.98, 849.22, 722.29
348.36, 597.12, 471.95
349.35, 597.53, 596.90
350.24, 598.09, 721.94
349.52, 722.20, 471.80
350.70, 722.73, 596.62
351.59, 722.72, 721.53
351.27, 847.13, 471.33
352.20, 847.69, 596.20
353.07, 848.05, 721.53
101.87, 599.87, 601.19
104.51, 597.15, 726.00
107.54, 594.42, 850.97
99.22, 724.94, 603.98
101.86, 722.12, 729.09
104.65, 719.28, 853.97
96.27, 849.70, 607.15
99.02, 847.06, 731.98
101.95, 844.13, 856.88
226.83, 602.67, 598.53
229.41, 600.11, 723.27
232.45, 597.00, 848.20
223.81, 727.83, 601.22
226.83, 724.92, 726.21
229.65, 722.13, 851.16
221.12, 852.72, 604.20
224.13, 849.77, 729.23
226.88, 846.86, 854.21
351.59, 605.77, 595.56
354.57, 602.62, 720.54
357.45, 599.91, 845.61
348.86, 730.44, 598.53
351.58, 727.86, 723.59
354.58, 724.75, 848.54
346.02, 855.46, 601.43
348.91, 852.47, 726.58
351.89, 849.83, 851.26
223.65, 100.75, 100.37
224.56, 101.45, 225.50
225.54, 102.11, 350.25
224.62, 225.57, 99.69
225.81, 226.46, 224.71
226.74, 227.17, 349.50
225.82, 350.83, 99.03
226.68, 351.51, 223.79
227.68, 352.23, 349.01
348.59, 99.58, 99.45
349.42, 100.10, 224.50
350.43, 100.79, 349.44
349.67, 224.39, 98.73
350.68, 225.24, 223.82
351.72, 225.98, 348.73
350.82, 349.54, 97.86
352.01, 350.29, 222.86
352.77, 350.82, 347.91
473.49, 98.33, 98.57
474.36, 99.14, 223.44
475.29, 99.63, 348.66
474.58, 223.40, 97.74
475.59, 223.86, 222.56
476.78, 224.63, 347.83
475.91, 348.33, 96.88
476.81, 349.05, 221.91
477.86, 349.90, 347.02
223.73, 100.01, 224.92
221.49, 103.86, 349.67
218.98, 107.34, 474.68
223.43, 224.82, 221.34
220.95, 228.58, 346.32
218.46, 232.25, 471.25
222.97, 350.10, 217.69
220.71, 353.69, 342.45
218.02, 357.19, 467.38
349.08, 100.63, 227.35
346.26, 104.33, 352.17
343.89, 107.82, 477.28
348.57, 225.54, 223.68
346.00, 229.25, 348.69
343.72, 232.64, 473.63
347.82, 350.55, 220.09
345.45, 353.93, 344.71
343.08, 357.87, 469.85
473.95, 101.17, 229.68
471.38, 104.63, 354.60
469.07, 108.46, 479.50
473.49, 226.18, 225.97
470.77, 229.74, 351.13
468.58, 233.36, 475.79
472.99, 350.80, 222.39
470.47, 354.82, 347.44
468.10, 358.34, 472.39
225.49, 99.72, 351.75
227.28, 103.21, 476.73
228.97, 106.36, 601.51
224.29, 225.01, 348.41
225.91, 228.02, 473.20
227.44, 231.36, 598.36
223.01, 349.81, 345.17
224.48, 353.06, 470.13
226.41, 356.37, 594.89
350.34, 101.07, 350.00
352.08, 104.39, 474.59
353.90, 107.60, 599.63
349.08, 225.94, 346.62
350.75, 229.46, 471.39
352.67, 232.77, 596.46
347.79, 350.85, 343.19
349.60, 354.36, 468.34
351.30, 357.72, 593.14
475.37, 102.24, 348.03
477.34, 105.56, 473.04
479.11, 108.94, 597.98
474.25, 227.08, 344.83
475.85, 230.66, 469.75
477.66, 233.94, 594.73
472.79, 352.08, 341.51
474.47, 355.46, 466.51
476.34, 359.02, 591.24
224.49, 100.69, 473.76
227.05, 100.89, 598.80
229.38, 100.55, 723.82
221.50, 225.77, 473.86
224.02, 225.68, 599.00
226.64, 225.44, 724.07
218.79, 350.63, 473.98
220.98, 350.45, 599.15
223.58, 350.51, 724.01
349.45, 103.72, 471.31
351.99, 103.79, 596.43
354.35, 103.66, 721.38
346.72, 228.58, 471.39
349.13, 228.58, 596.46
351.24, 228.59, 721.32
343.44, 353.73, 471.64
345.95, 353.52, 596.86
348.60, 353.41, 721.77
474.29, 106.84, 469.04
476.75, 106.72, 593.87
479.33, 106.62, 719.09
471.44, 231.69, 469.16
474.01, 231.79, 594.04
476.34, 231.40, 719.16
468.30, 356.70, 469.21
471.14, 356.73, 594.33
473.40, 356.40, 719.26
225.16, 100.81, 601.12
226.89, 101.34, 726.10
228.53, 101.85, 851.18
224.55, 225.72, 600.67
226.17, 226.47, 725.53
227.88, 226.88, 850.66
223.83, 350.86, 600.32
225.34, 351.30, 725.14
227.20, 351.74, 850.13
350.20, 101.55, 599.59
351.87, 101.99, 724.32
353.55, 102.66, 849.44
349.59, 226.39, 598.90
350.98, 226.99, 723.85
352.64, 227.48, 849.02
348.46, 351.48, 598.50
350.50, 352.02, 723.45
352.02, 352.69, 848.67
475.11, 102.14, 597.92
477.00, 102.75, 722.76
478.42, 103.23, 847.82
474.35, 227.44, 597.41
475.97, 227.98, 722.39
477.88, 228.13, 847.25
473.67, 352.28, 596.73
475.40, 352.94, 721.90
476.90, 353.23, 846.73
225.99, 225.43, 99.23
227.52, 222.97, 224.00
228.77, 220.73, 349.17
223.34, 350.16, 101.37
224.58, 347.84, 226.37
226.12, 345.51, 351.43
220.59, 475.25, 103.70
222.12, 472.86, 228.89
223.54, 470.50, 353.51
350.85, 227.93, 97.54
352.19, 225.79, 222.72
353.88, 223.51, 347.43
348.26, 353.05, 99.85
349.77, 350.56, 225.06
351.19, 348.27, 350.08
345.38, 477.88, 102.44
346.94, 475.58, 227.31
348.29, 473.31, 352.36
475.66, 230.78, 96.30
477.43, 228.55, 221.29
478.81, 226.19, 346.24
473.05, 355.57, 98.52
474.44, 353.19, 223.46
475.95, 351.18, 348.70
470.49, 480.53, 101.10
471.95, 478.22, 225.74
473.48, 475.94, 350.64
224.53, 226.47, 226.30
223.15, 225.49, 351.29
221.72, 224.42, 476.08
223.99, 351.45, 227.07
222.53, 350.53, 351.94
221.03, 349.70, 477.16
223.16, 476.24, 227.96
221.58, 475.30, 353.10
220.15, 474.56, 477.95
349.70, 227.17, 227.63
348.06, 226.35, 352.61
346.62, 225.43, 477.68
348.87, 351.91, 228.36
347.52, 351.05, 353.65
345.94, 350.05, 478.39
348.24, 477.04, 229.57
346.80, 476.01, 354.47
345.23, 475.38, 479.47
474.62, 227.82, 229.01
473.22, 226.75, 354.20
471.66, 225.85, 479.16
473.90, 352.79, 230.16
472.59, 351.99, 354.94
471.11, 350.89, 480.00
473.12, 477.92, 230.74
471.67, 477.09, 356.00
470.21, 476.14, 480.86
223.70, 226.56, 350.73
225.86, 225.37, 475.85
228.11, 223.96, 600.75
222.72, 351.66, 352.30
224.59, 350.15, 477.22
226.94, 348.70, 602.23
221.27, 476.81, 353.86
223.69, 475.11, 478.61
226.01, 473.93, 603.46
348.33, 227.85, 348.65
350.71, 226.19, 473.80
353.11, 224.80, 598.53
347.37, 352.92, 349.86
349.57, 351.45, 475.14
352.10, 349.79, 599.93
346.57, 477.82, 351.56
348.52, 476.48, 476.63
350.90, 474.95, 601.52
473.63, 228.70, 346.58
475.76, 227.62, 471.19
477.97, 225.87, 596.41
472.39, 353.95, 347.70
474.71, 352.30, 472.83
477.05, 351.16, 597.84
471.34, 478.93, 349.40
473.78, 477.26, 474.28
475.66, 475.93, 599.09
224.11, 226.30, 474.14
226.28, 226.87, 599.41
228.52, 227.39, 724.08
220.78, 351.03, 473.92
222.91, 351.80, 598.88
224.92, 352.42, 723.58
217.74, 476.24, 473.11
219.88, 476.49, 598.04
221.78, 477.07, 723.11
348.97, 229.35, 472.02
351.19, 229.82, 597.21
353.33, 230.57, 721.97
345.67, 354.48, 471.53
348.02, 354.79, 596.35
349.91, 355.42, 721.49
342.44, 479.46, 471.00
344.66, 480.02, 596.03
346.85, 480.43, 720.89
474.02, 232.64, 469.91
475.95, 233.06, 594.94
478.09, 233.64, 719.70
470.81, 357.70, 469.39
472.95, 358.15, 594.24
474.96, 358.81, 719.50
467.38, 482.33, 468.87
469.58, 482.91, 593.94
471.79, 483.54, 718.86
226.46, 226.15, 597.89
228.79, 225.97, 723.09
231.16, 226.29, 848.13
225.39, 350.99, 597.86
227.69, 350.91, 722.88
230.20, 351.19, 848.02
223.98, 475.87, 598.08
226.35, 475.95, 722.99
229.07, 476.25, 847.90
351.44, 227.02, 595.59
353.68, 227.26, 720.63
356.48, 227.27, 845.59
350.40, 352.17, 595.68
352.79, 352.15, 720.62
355.07, 352.30, 845.36
348.91, 476.98, 595.35
351.61, 477.10, 720.58
353.74, 477.20, 845.27
476.49, 228.22, 593.23
478.78, 228.32, 718.02
481.26, 228.60, 843.29
475.15, 353.38, 593.26
477.58, 353.43, 717.99
480.22, 353.58, 842.98
474.21, 478.58, 593.10
476.64, 478.57, 718.15
479.00, 478.58, 843.18
223.60, 351.22, 101.83
220.13, 352.75, 227.01
216.65, 354.44, 351.62
223.79, 476.17, 100.15
220.11, 477.84, 225.33
216.86, 479.30, 350.16
223.95, 601.08, 98.49
220.37, 602.62, 223.65
216.91, 604.55, 348.37
348.61, 351.33, 105.26
345.31, 352.96, 230.45
341.74, 354.47, 355.29
348.79, 476.06, 103.76
345.43, 477.63, 228.50
341.88, 479.51, 353.48
348.78, 600.92, 102.24
345.23, 602.74, 227.14
341.77, 604.20, 351.97
473.74, 351.06, 108.87
470.10, 352.84, 233.85
466.85, 354.23, 358.79
473.95, 476.14, 107.22
470.23, 477.62, 232.24
466.89, 479.21, 356.91
473.68, 601.02, 105.45
470.49, 602.48, 230.61
466.73, 604.25, 355.35
226.65, 350.41, 223.67
225.28, 350.27, 348.82
224.11, 350.28, 473.62
227.65, 475.52, 223.71
226.17, 475.51, 348.90
224.93, 475.39, 474.04
228.18, 600.35, 223.70
226.91, 600.44, 348.78
225.49, 600.57, 473.82
351.64, 349.63, 225.20
350.32, 349.69, 350.10
349.05, 349.65, 475.18
352.48, 474.54, 225.00
351.14, 474.78, 350.35
349.77, 474.65, 475.13
353.29, 599.59, 225.23
351.83, 599.77, 350.26
350.30, 599.58, 475.09
476.75, 349.14, 226.57
475.48, 348.91, 351.38
474.08, 349.20, 476.48
477.34, 473.96, 226.41
476.15, 473.95, 351.72
474.75, 474.20, 476.66
478.29, 598.90, 226.68
476.78, 598.95, 351.64
475.37, 598.89, 476.58
224.90, 350.27, 351.47
228.06, 351.28, 476.31
231.03, 352.37, 601.27
222.80, 475.15, 350.56
226.01, 476.38, 475.78
228.76, 477.14, 600.53
220.74, 600.55, 349.80
223.82, 601.21, 474.64
226.64, 602.13, 599.43
349.88, 352.52, 348.53
352.95, 353.58, 473.20
356.20, 354.44, 598.40
347.61, 477.32, 347.37
350.68, 478.43, 472.48
354.08, 479.34, 597.29
345.68, 602.28, 346.59
348.66, 603.47, 471.35
351.90, 604.54, 596.55
474.67, 354.79, 345.22
478.00, 355.61, 470.21
480.89, 356.49, 595.04
472.55, 479.77, 344.25
475.62, 480.63, 469.16
479.05, 481.47, 594.12
470.66, 604.40, 343.55
473.47, 605.60, 468.34
476.70, 606.40, 593.17
225.15, 348.71, 474.69
221.66, 348.44, 599.63
218.30, 347.96, 724.47
226.58, 473.70, 474.91
223.48, 473.58, 600.03
220.17, 473.01, 724.83
228.40, 598.71, 475.49
225.20, 598.47, 600.28
221.56, 597.99, 725.26
349.81, 347.18, 477.95
346.73, 346.69, 603.01
343.22, 346.50, 727.92
351.56, 472.23, 478.23
348.48, 471.83, 603.50
344.89, 471.47, 728.15
353.52, 597.05, 478.78
349.84, 596.85, 603.69
346.48, 596.49, 728.70
474.91, 345.29, 481.32
471.59, 345.15, 606.40
468.23, 344.81, 731.38
476.45, 470.22, 481.57
473.38, 470.25, 606.82
469.99, 469.68, 731.55
478.30, 595.18, 481.99
474.78, 594.94, 606.97
471.69, 594.53, 732.04
225.76, 351.51, 600.33
228.10, 351.57, 725.54
230.08, 352.25, 850.33
227.01, 476.26, 600.08
229.11, 476.95, 724.93
231.02, 477.28, 850.06
227.69, 601.35, 599.71
229.81, 601.66, 724.52
232.07, 602.07, 849.63
350.94, 350.39, 598.56
353.12, 350.99, 723.38
355.26, 351.33, 848.38
351.83, 475.53, 598.19
354.01, 475.98, 722.96
356.11, 476.20, 847.91
352.91, 600.26, 597.56
354.96, 600.62, 722.56
356.84, 601.16, 847.60
475.79, 349.44, 596.31
477.87, 349.79, 721.31
480.09, 349.98, 846.36
476.73, 474.34, 595.74
478.95, 474.80, 720.83
481.01, 475.23, 846.06
477.71, 599.42, 595.51
479.76, 599.70, 720.39
482.02, 600.34, 845.42
223.89, 474.87, 101.28
225.49, 476.01, 226.25
226.92, 476.63, 351.44
221.25, 599.87, 100.47
222.72, 600.89, 225.57
224.30, 601.76, 350.51
218.79, 724.94, 99.75
220.41, 725.81, 224.87
221.76, 726.64, 349.72
349.01, 477.63, 99.82
350.28, 478.46, 225.01
351.95, 479.25, 349.71
346.40, 602.73, 99.25
347.98, 603.55, 224.18
349.44, 604.25, 349.05
343.74, 727.55, 98.28
345.08, 728.52, 223.23
346.64, 729.15, 348.15
473.77, 480.21, 98.37
475.60, 480.99, 223.45
476.95, 481.94, 348.55
471.23, 605.17, 97.59
472.67, 606.06, 222.59
474.40, 606.64, 347.52
468.73, 730.06, 96.75
470.25, 730.93, 221.90
471.66, 731.68, 346.90
225.21, 475.08, 224.54
227.69, 473.35, 349.20
230.06, 471.85, 474.24
224.54, 599.86, 226.18
227.22, 598.29, 351.01
229.76, 596.77, 476.08
224.12, 725.02, 227.60
226.56, 723.47, 352.74
228.92, 721.86, 477.74
350.29, 475.47, 221.66
352.50, 473.97, 346.90
355.38, 472.21, 471.69
349.38, 600.55, 223.59
352.15, 599.07, 348.31
354.48, 597.25, 473.60
349.09, 725.74, 225.13
351.44, 723.89, 350.12
354.23, 722.21, 475.25
474.97, 476.16, 219.43
477.61, 474.70, 344.32
480.03, 472.86, 469.38
474.42, 601.25, 221.02
477.21, 599.42, 345.97
479.73, 597.96, 471.00
473.88, 726.08, 222.53
476.30, 724.56, 347.73
478.96, 722.89, 472.48
224.86, 475.33, 350.17
222.86, 476.89, 475.25
221.00, 478.85, 600.24
225.84, 600.15, 348.48
224.03, 601.89, 473.33
222.02, 603.71, 598.22
226.69, 725.29, 346.88
224.78, 727.02, 471.68
222.79, 728.63, 596.57
349.79, 474.34, 352.20
347.87, 476.10, 477.20
346.20, 477.65, 602.00
350.76, 599.32, 350.19
349.02, 601.03, 475.36
347.04, 602.62, 600.41
351.68, 724.52, 348.63
349.98, 726.06, 473.51
348.08, 727.67, 598.66
474.94, 473.58, 353.89
472.92, 475.23, 478.82
471.00, 476.79, 603.95
475.71, 598.43, 352.23
473.89, 599.97, 477.21
471.85, 601.81, 602.34
476.51, 723.33, 350.36
474.83, 725.33, 475.61
472.82, 726.78, 600.45
224.27, 473.80, 475.28
225.02, 470.67, 600.39
226.17, 467.32, 725.33
226.21, 598.66, 478.27
227.30, 595.73, 603.35
228.24, 592.45, 728.29
227.98, 723.51, 481.44
229.13, 720.28, 606.45
230.19, 717.44, 731.40
349.04, 471.63, 474.21
350.22, 468.84, 599.25
351.26, 465.72, 724.18
351.25, 596.62, 477.26
352.19, 593.43, 602.46
353.37, 590.43, 727.26
353.02, 721.40, 480.26
354.16, 718.55, 605.45
355.14, 715.67, 730.42
474.18, 469.94, 473.44
475.12, 466.72, 598.36
476.28, 463.73, 723.31
476.31, 594.87, 476.21
477.14, 591.66, 601.40
478.12, 588.60, 726.37
478.24, 719.56, 479.28
479.16, 716.73, 604.39
480.28, 713.61, 729.30
224.77, 474.55, 601.36
221.74, 473.57, 726.36
218.36, 472.47, 851.20
228.18, 599.56, 602.51
224.76, 598.46, 727.55
221.14, 597.65, 852.36
231.21, 724.38, 603.81
227.69, 723.58, 728.37
224.42, 722.36, 853.65
349.98, 471.57, 604.77
346.55, 470.35, 729.70
342.94, 469.42, 854.57
353.03, 596.50, 605.71
349.50, 595.40, 730.68
346.21, 594.47, 855.80
355.94, 721.33, 606.97
352.57, 720.31, 732.07
349.41, 719.46, 856.82
474.79, 468.57, 607.93
471.37, 467.52, 732.93
468.18, 466.42, 858.17
478.07, 593.38, 609.33
474.56, 592.55, 734.23
471.17, 591.28, 859.10
480.93, 718.46, 610.14
477.74, 717.17, 735.15
474.20, 716.23, 860.33
225.91, 601.99, 101.30
222.39, 599.93, 226.12
218.98, 597.80, 351.14
229.67, 726.68, 103.44
226.34, 724.89, 228.34
222.93, 722.60, 353.40
233.21, 851.71, 105.56
229.72, 849.72, 230.62
226.48, 847.69, 355.52
350.83, 598.04, 104.57
347.50, 595.96, 229.43
344.09, 593.95, 354.35
354.53, 722.97, 106.82
350.88, 721.02, 231.86
347.87, 719.08, 356.83
358.03, 848.11, 108.83
354.92, 846.02, 233.87
351.24, 843.75, 358.75
475.92, 594.51, 107.87
472.26, 592.25, 232.85
468.98, 590.39, 357.87
479.33, 719.26, 110.09
475.97, 717.22, 235.06
472.62, 715.14, 360.02
482.95, 844.28, 112.29
479.56, 842.40, 237.09
476.09, 840.14, 362.25
223.45, 599.62, 223.91
221.89, 601.13, 349.09
220.08, 602.63, 474.07
219.75, 724.41, 222.40
218.22, 725.86, 347.48
216.52, 727.74, 472.20
216.51, 849.49, 220.78
215.01, 851.15, 345.76
213.27, 852.48, 470.82
348.37, 602.86, 225.56
346.61, 604.77, 350.45
344.88, 606.35, 475.51
344.96, 727.95, 223.96
343.23, 729.52, 348.94
341.47, 731.29, 473.94
341.29, 853.05, 222.39
339.73, 854.49, 347.48
338.10, 855.96, 472.33
473.16, 606.73, 227.06
471.55, 607.91, 352.21
470.05, 609.67, 477.26
469.69, 731.34, 225.76
468.27, 732.91, 350.52
466.54, 734.70, 475.37
466.29, 856.53, 224.12
464.76, 858.05, 348.82
462.92, 859.55, 473.97
226.25, 598.18, 351.76
224.69, 594.83, 476.59
223.43, 591.28, 601.86
223.94, 723.22, 355.05
222.63, 719.61, 480.21
220.86, 716.25, 604.99
221.43, 848.22, 358.60
219.92, 844.75, 483.66
218.49, 841.29, 608.45
351.43, 600.56, 353.37
349.61, 597.30, 478.26
348.13, 593.58, 603.38
348.92, 725.36, 356.94
347.47, 721.93, 481.64
345.75, 718.72, 606.61
346.47, 850.35, 360.27
345.10, 847.02, 485.25
343.52, 843.41, 610.13
476.41, 602.87, 355.13
474.83, 599.46, 479.94
473.26, 596.21, 604.89
473.79, 727.89, 358.26
472.23, 724.49, 483.49
470.69, 721.11, 608.36
471.46, 852.69, 361.63
469.86, 849.57, 486.62
468.35, 845.88, 611.61
226.57, 599.22, 475.60
228.23, 602.52, 600.22
229.83, 606.00, 725.22
224.23, 724.01, 472.02
225.66, 727.64, 596.94
227.38, 731.02, 721.80
221.75, 848.85, 468.69
223.08, 852.37, 593.66
224.78, 855.90, 718.57
351.60, 601.83, 473.87
353.26, 605.25, 598.68
354.86, 608.36, 723.62
349.23, 726.70, 470.33
350.61, 730.14, 595.35
352.41, 733.52, 720.36
346.60, 851.62, 467.09
348.10, 854.94, 591.87
349.77, 858.35, 716.73
476.53, 604.25, 472.07
478.10, 607.68, 597.14
479.88, 611.12, 721.90
473.91, 729.07, 468.61
475.65, 732.40, 593.67
477.41, 736.04, 718.44
471.36, 854.08, 465.28
473.18, 857.42, 590.34
474.43, 860.84, 715.14
226.60, 600.58, 600.54
226.74, 599.79, 725.31
226.51, 599.20, 850.43
227.84, 725.40, 601.12
227.42, 724.97, 726.31
227.28, 724.03, 851.14
228.68, 850.56, 601.91
228.33, 849.87, 726.94
228.20, 849.14, 851.83
351.77, 599.59, 600.69
351.58, 599.06, 725.71
351.24, 598.10, 850.66
352.70, 724.82, 601.26
352.55, 724.08, 726.20
352.38, 723.25, 851.22
353.46, 849.73, 602.05
353.39, 848.85, 727.13
353.09, 848.13, 852.08
476.79, 598.92, 600.70
476.37, 597.87, 725.89
476.38, 597.39, 850.66
477.73, 723.71, 601.57
477.52, 723.15, 726.29
477.35, 722.11, 851.49
478.42, 848.90, 602.18
478.48, 847.97, 727.30
478.13, 847.18, 852.22
348.61, 101.96, 98.60
349.54, 100.61, 223.58
350.55, 99.54, 348.48
345.88, 227.08, 99.94
346.85, 225.52, 224.90
347.66, 224.27, 349.87
343.05, 351.81, 101.07
344.07, 350.42, 226.13
344.70, 349.38, 351.20
473.66, 104.64, 97.84
474.33, 103.36, 222.89
475.39, 102.42, 347.85
470.99, 229.58, 98.90
471.55, 228.61, 224.11
472.37, 227.13, 348.87
467.95, 354.79, 100.37
468.77, 353.52, 225.30
469.81, 352.24, 350.31
598.61, 107.59, 97.01
599.56, 106.40, 221.80
600.34, 105.16, 347.11
595.96, 232.39, 98.29
596.56, 231.27, 223.10
597.53, 230.00, 348.24
592.93, 357.46, 99.50
593.83, 356.24, 224.31
594.53, 354.86, 349.44
348.69, 101.96, 225.71
348.62, 101.53, 351.00
348.52, 101.28, 475.88
344.97, 226.92, 225.87
345.01, 226.57, 351.11
344.59, 226.46, 476.10
341.26, 351.64, 226.12
341.29, 351.63, 351.31
340.84, 351.34, 476.03
473.94, 105.41, 226.25
473.57, 105.44, 350.92
473.15, 105.06, 475.92
469.92, 230.62, 226.32
469.84, 230.40, 351.08
469.74, 230.25, 476.38
466.42, 355.55, 226.68
466.15, 355.12, 351.43
465.79, 355.11, 476.63
598.74, 109.22, 226.28
598.39, 108.88, 351.42
598.35, 108.73, 476.37
595.06, 234.27, 226.43
594.66, 234.16, 351.30
594.68, 234.02, 476.45
591.06, 359.07, 226.73
591.02, 359.14, 351.72
590.97, 358.75, 476.80
349.12, 100.37, 351.89
350.34, 101.96, 476.89
351.26, 103.40, 601.60
347.40, 225.27, 350.39
348.52, 226.99, 475.31
349.44, 228.37, 600.32
346.09, 350.18, 348.69
347.01, 351.76, 473.81
348.06, 353.45, 598.91
474.01, 101.81, 350.82
475.13, 103.30, 475.79
476.03, 104.77, 600.70
472.60, 227.06, 349.38
473.35, 228.44, 474.07
474.58, 230.05, 599.22
471.02, 351.81, 347.60
471.90, 353.32, 472.86
472.93, 354.92, 597.66
599.30, 103.63, 349.60
600.16, 105.08, 474.67
601.17, 106.43, 599.54
597.58, 228.33, 348.30
598.68, 229.81, 473.41
599.44, 231.22, 598.40
595.96, 353.40, 346.88
596.86, 354.91, 471.59
597.93, 356.61, 596.77
350.89, 99.18, 475.70
351.36, 100.34, 600.59
351.77, 102.11, 725.67
353.87, 224.12, 474.27
354.19, 225.39, 599.27
354.74, 226.79, 724.37
356.50, 348.79, 472.88
357.14, 350.35, 597.75
357.46, 351.93, 722.84
475.92, 96.33, 475.36
476.30, 97.60, 600.41
476.80, 99.21, 725.24
478.73, 221.19, 473.99
479.16, 222.80, 598.71
479.60, 224.27, 723.71
481.46, 346.05, 472.46
481.78, 347.81, 597.36
482.53, 349.07, 722.37
600.82, 93.42, 474.96
601.38, 94.91, 599.83
601.83, 96.16, 725.06
603.50, 218.40, 473.41
604.26, 219.92, 598.39
604.42, 221.33, 723.30
606.56, 343.44, 472.08
606.82, 344.62, 596.91
607.18, 346.35, 721.83
351.62, 101.58, 601.02
353.71, 97.88, 725.96
355.73, 94.47, 850.84
351.07, 226.55, 604.55
353.27, 222.80, 729.60
355.37, 219.27, 854.31
350.50, 351.39, 608.16
352.92, 347.89, 733.27
354.95, 344.20, 858.04
476.54, 102.02, 598.59
478.52, 98.60, 723.69
480.78, 94.91, 848.55
476.03, 227.13, 602.42
478.32, 223.34, 727.47
480.37, 219.89, 852.17
475.53, 352.12, 605.86
477.85, 348.50, 730.93
479.97, 344.76, 855.83
601.58, 102.67, 596.66
603.50, 99.05, 721.37
605.64, 95.48, 846.34
600.97, 227.70, 600.12
603.25, 223.76, 725.23
605.32, 220.19, 850.15
600.72, 352.40, 603.90
602.72, 348.83, 728.91
604.83, 345.41, 853.78
350.67, 226.21, 100.51
349.80, 227.49, 225.16
348.98, 229.08, 350.36
348.18, 351.28, 99.01
347.76, 352.63, 224.05
346.89, 353.89, 349.04
346.02, 476.10, 97.47
345.43, 477.51, 222.70
344.90, 478.86, 347.48
475.51, 228.46, 101.13
474.75, 229.70, 226.20
473.95, 231.29, 350.87
473.19, 353.52, 99.75
472.61, 354.82, 224.57
472.08, 355.90, 349.81
471.29, 478.20, 98.20
470.36, 479.81, 223.46
469.54, 481.06, 348.19
600.40, 230.56, 101.84
599.69, 231.73, 226.67
599.14, 233.18, 351.70
598.34, 355.33, 100.46
597.36, 356.85, 225.43
596.77, 358.26, 350.33
596.17, 480.40, 98.92
595.44, 481.81, 224.11
594.71, 482.95, 348.91
348.44, 227.07, 223.42
352.26, 227.19, 348.16
355.75, 227.69, 473.18
350.07, 351.98, 222.91
353.86, 352.43, 347.86
357.69, 352.84, 472.99
351.53, 477.04, 222.57
355.32, 477.23, 347.56
358.95, 477.66, 472.31
473.29, 225.23, 219.87
477.21, 225.79, 344.54
480.75, 226.00, 469.73
474.82, 350.47, 219.16
478.54, 350.53, 344.09
482.34, 350.92, 469.29
476.78, 475.30, 218.67
480.43, 475.73, 343.61
484.04, 476.17, 468.58
598.45, 223.77, 216.25
601.99, 224.32, 340.75
605.81, 224.45, 465.77
599.93, 348.56, 215.43
603.55, 349.31, 340.42
607.48, 349.35, 465.30
601.50, 473.86, 214.99
605.08, 474.09, 340.19
608.84, 474.60, 465.14
350.69, 225.20, 349.21
349.49, 226.94, 474.19
348.59, 228.84, 599.25
348.06, 350.25, 347.41
347.42, 352.05, 472.56
346.47, 354.02, 597.30
345.71, 475.31, 345.71
345.07, 476.84, 470.57
343.88, 478.92, 595.56
475.46, 227.43, 350.27
474.73, 229.38, 475.04
473.63, 231.04, 600.15
473.11, 352.33, 348.29
472.22, 354.33, 473.27
471.48, 356.16, 598.46
471.03, 477.65, 346.33
470.11, 479.14, 471.30
469.16, 481.28, 596.63
600.57, 229.74, 351.01
599.44, 231.83, 476.06
598.69, 233.70, 601.24
598.21, 354.72, 349.39
597.23, 356.52, 474.28
596.40, 358.51, 599.14
595.84, 479.91, 347.38
594.83, 481.73, 472.55
594.04, 483.62, 597.45
351.16, 223.54, 476.87
349.11, 223.68, 601.90
347.29, 223.66, 726.86
352.72, 348.68, 476.99
350.48, 348.54, 601.79
348.87, 348.61, 727.09
354.06, 473.37, 476.94
352.27, 473.64, 602.11
350.00, 473.53, 726.99
476.16, 221.99, 478.81
474.22, 222.36, 603.94
472.26, 222.31, 728.81
477.54, 347.02, 478.92
475.60, 347.11, 604.06
473.65, 347.09, 728.78
479.04, 472.12, 478.98
477.13, 472.21, 604.00
474.99, 472.12, 728.71
600.95, 220.66, 481.06
599.12, 220.91, 605.96
597.31, 220.70, 730.68
602.76, 345.69, 481.03
600.81, 345.68, 606.02
598.52, 345.86, 730.95
603.91, 470.54, 480.79
601.97, 470.80, 605.83
600.06, 470.94, 731.00
350.71, 224.31, 601.29
351.54, 224.52, 726.59
352.59, 224.44, 851.56
352.04, 349.40, 601.35
352.84, 349.36, 726.48
354.06, 349.44, 851.56
353.46, 474.14, 601.36
354.60, 474.26, 726.39
355.48, 474.47, 851.15
475.51, 222.55, 600.48
476.68, 222.86, 725.43
477.46, 222.73, 850.63
476.92, 347.67, 600.52
478.09, 347.78, 725.61
478.96, 348.02, 850.30
478.61, 472.78, 600.33
479.32, 472.85, 725.35
480.24, 472.81, 850.36
600.71, 221.25, 599.69
601.49, 221.29, 724.71
602.46, 221.53, 849.58
602.07, 346.37, 599.44
602.89, 346.36, 724.56
603.92, 346.22, 849.42
603.52, 471.34, 599.45
604.68, 471.36, 724.39
605.43, 471.31, 849.25
350.95, 348.89, 101.16
347.85, 346.10, 225.90
345.01, 343.21, 351.06
348.20, 474.24, 103.76
345.28, 471.31, 228.74
342.17, 468.22, 353.85
345.61, 598.97, 106.66
342.61, 596.19, 231.46
339.63, 593.19, 356.56
475.88, 351.70, 104.07
472.98, 348.79, 228.90
469.89, 345.98, 354.05
473.08, 476.56, 107.02
470.27, 473.92, 231.89
467.07, 470.93, 356.85
470.39, 601.65, 109.59
467.35, 598.78, 234.59
464.59, 595.74, 359.55
600.76, 354.46, 107.05
597.70, 351.58, 232.31
594.84, 348.71, 356.91
598.33, 479.19, 110.00
595.23, 476.53, 234.86
592.29, 473.53, 359.89
595.47, 604.10, 112.86
592.54, 601.37, 237.70
589.55, 598.27, 362.71
350.82, 351.95, 225.46
347.72, 348.73, 350.29
344.36, 345.13, 475.00
349.05, 476.94, 228.81
345.89, 473.60, 353.72
342.67, 470.08, 478.64
347.19, 601.92, 232.13
344.27, 598.58, 356.95
340.67, 595.15, 481.82
475.81, 353.61, 228.82
472.31, 350.28, 353.65
469.10, 346.67, 478.34
473.86, 478.45, 232.15
470.79, 475.04, 357.10
467.61, 471.87, 481.73
472.36, 603.49, 235.40
469.02, 600.09, 360.48
465.89, 596.74, 485.13
600.82, 355.31, 231.93
597.52, 351.83, 356.90
594.29, 348.19, 481.88
599.12, 480.28, 235.42
595.56, 476.73, 360.28
592.32, 473.33, 485.26
597.21, 605.22, 238.80
593.87, 601.81, 363.65
590.68, 598.13, 488.47
351.12, 351.77, 351.63
353.00, 354.74, 476.72
354.56, 358.07, 601.70
349.90, 476.60, 348.71
351.77, 480.02, 473.66
353.61, 482.94, 598.57
348.64, 601.57, 345.55
350.43, 604.70, 470.38
352.07, 608.16, 595.29
476.19, 353.15, 350.12
478.06, 356.26, 474.87
479.69, 359.26, 599.95
475.09, 477.95, 346.83
476.74, 480.95, 471.82
478.62, 484.43, 596.80
473.45, 602.86, 343.76
475.55, 606.13, 468.49
476.96, 609.17, 593.44
601.42, 354.17, 348.19
602.87, 357.45, 473.10
604.59, 360.78, 598.11
600.10, 479.07, 345.01
601.67, 482.24, 469.99
603.30, 485.63, 595.16
598.73, 604.21, 341.76
600.47, 607.27, 466.94
602.12, 610.42, 591.78
350.24, 349.98, 476.08
353.64, 352.77, 601.03
357.38, 355.79, 725.79
349.12, 474.68, 472.90
352.87, 477.77, 597.88
356.50, 480.76, 722.71
348.26, 599.94, 470.21
352.05, 602.62, 594.99
355.74, 606.02, 719.89
475.25, 350.76, 472.57
478.66, 353.53, 597.33
482.39, 356.59, 722.24
474.32, 475.52, 469.37
477.82, 478.62, 594.17
481.68, 481.75, 719.33
473.24, 600.70, 466.49
477.09, 603.40, 591.30
480.76, 606.71, 716.19
599.98, 351.38, 468.65
603.61, 354.54, 593.53
607.24, 357.65, 718.45
599.22, 476.24, 465.91
602.77, 479.61, 590.66
606.37, 482.56, 715.70
598.16, 601.45, 462.66
602.14, 604.32, 587.64
605.49, 607.55, 712.54
349.50, 350.65, 598.60
348.93, 354.46, 723.44
348.75, 357.84, 848.30
348.97, 475.60, 594.99
348.62, 479.21, 719.75
348.42, 482.93, 844.86
348.93, 600.43, 591.27
348.35, 604.36, 715.91
348.06, 607.74, 840.94
474.57, 351.07, 598.98
474.18, 354.51, 723.74
473.69, 358.38, 848.77
474.06, 476.12, 595.26
473.67, 479.72, 720.16
473.51, 483.15, 844.99
473.81, 601.08, 591.42
473.44, 604.47, 716.51
472.89, 608.41, 841.38
599.41, 351.51, 599.25
598.91, 355.07, 724.20
598.78, 358.81, 849.26
599.33, 476.27, 595.71
598.72, 479.82, 720.47
598.38, 483.65, 845.56
598.85, 601.31, 591.67
598.48, 604.88, 716.69
598.01, 608.58, 841.64
350.59, 474.34, 101.85
348.21, 473.20, 226.93
346.17, 472.11, 351.72
347.51, 599.45, 102.63
345.56, 598.26, 227.67
343.34, 597.20, 352.61
344.63, 724.28, 103.73
342.47, 723.48, 228.66
340.05, 722.22, 353.60
475.51, 477.41, 103.99
473.48, 476.41, 229.13
471.01, 475.31, 354.03
472.48, 602.29, 105.21
470.52, 601.45, 229.90
468.28, 600.29, 354.92
469.55, 727.26, 106.06
467.16, 726.39, 231.06
465.18, 725.44, 355.94
600.54, 480.57, 106.20
598.51, 479.33, 231.36
596.20, 478.48, 356.25
597.48, 605.39, 107.28
595.29, 604.39, 232.18
593.21, 603.50, 357.40
594.42, 730.42, 108.34
592.13, 729.45, 233.36
589.87, 728.10, 358.27
349.55, 473.64, 222.98
352.11, 474.10, 348.04
354.70, 474.44, 473.30
348.97, 598.75, 222.84
351.77, 598.87, 347.82
354.50, 599.19, 472.64
348.82, 723.59, 222.56
351.24, 723.98, 347.59
353.95, 724.19, 472.36
474.42, 474.16, 220.55
477.15, 474.28, 345.60
479.92, 474.88, 470.40
474.15, 599.15, 220.22
476.72, 599.35, 345.25
479.21, 599.70, 470.22
473.88, 724.00, 219.84
476.28, 724.56, 344.98
478.98, 724.80, 469.71
599.48, 474.22, 217.87
602.10, 474.68, 342.81
604.64, 474.89, 467.99
599.14, 599.21, 217.51
601.56, 599.62, 342.54
604.33, 600.09, 467.58
598.62, 724.46, 217.20
601.55, 724.88, 342.13
603.86, 725.18, 467.20
348.33, 475.96, 350.18
348.10, 479.83, 475.13
347.76, 483.17, 599.87
344.56, 600.78, 346.49
344.58, 604.55, 471.46
343.99, 608.27, 596.20
341.21, 725.54, 342.80
341.04, 729.53, 467.72
340.64, 733.16, 592.43
473.15, 479.36, 350.29
472.71, 483.11, 475.26
472.39, 486.72, 600.11
469.49, 604.32, 346.62
469.46, 607.83, 471.41
469.21, 611.66, 596.49
466.29, 729.31, 342.89
465.79, 732.90, 467.98
465.75, 736.67, 592.89
597.87, 482.70, 350.65
597.66, 486.70, 475.32
597.42, 490.25, 600.38
594.46, 607.68, 346.94
594.52, 611.42, 471.72
593.89, 615.01, 596.67
591.27, 732.72, 343.17
590.79, 736.35, 468.15
590.64, 739.97, 592.91
350.97, 473.35, 475.97
350.47, 470.95, 600.92
349.81, 468.17, 726.16
347.37, 598.29, 478.48
346.95, 595.62, 603.41
346.22, 593.40, 728.39
343.85, 723.44, 481.20
343.11, 720.61, 606.13
342.45, 718.02, 730.89
476.25, 477.20, 476.77
475.32, 474.57, 601.69
474.74, 471.79, 726.77
472.49, 601.98, 479.28
471.91, 599.25, 604.32
471.23, 596.87, 729.34
468.63, 726.83, 481.74
467.91, 724.37, 606.89
467.36, 721.71, 731.96
601.22, 480.85, 477.44
600.30, 478.14, 602.62
599.70, 475.36, 727.41
597.52, 605.70, 480.13
596.49, 603.01, 605.19
596.03, 600.58, 729.92
593.59, 730.72, 482.78
592.90, 728.06, 607.75
592.38, 725.59, 732.58
351.68, 475.75, 600.51
353.77, 476.29, 725.60
356.40, 476.83, 850.76
353.03, 600.95, 600.24
355.35, 601.29, 724.97
357.85, 601.93, 850.07
354.67, 725.83, 599.73
357.08, 726.34, 724.70
359.36, 726.62, 849.47
476.43, 474.24, 598.36
478.84, 474.88, 723.14
481.43, 475.31, 848.07
478.08, 599.23, 597.63
480.48, 599.79, 722.73
482.92, 600.38, 847.73
479.62, 724.20, 597.05
481.92, 724.88, 722.30
484.24, 725.42, 846.98
601.44, 472.76, 595.65
604.03, 473.40, 720.63
606.44, 473.82, 845.77
603.16, 597.82, 595.42
605.42, 598.31, 720.15
607.67, 598.59, 845.38
604.72, 722.88, 594.92
606.88, 723.22, 719.86
609.34, 723.65, 844.69
349.34, 598.33, 101.18
345.80, 598.22, 226.00
342.11, 597.49, 351.04
349.63, 723.53, 101.63
346.27, 723.06, 226.50
342.50, 722.69, 351.73
350.35, 848.49, 102.17
346.75, 848.16, 227.02
343.36, 847.70, 351.82
474.17, 598.04, 104.83
470.64, 597.40, 229.53
467.18, 597.32, 354.73
474.74, 723.12, 105.16
471.22, 722.60, 230.29
467.61, 722.15, 355.24
475.31, 847.96, 105.70
471.56, 847.46, 230.70
468.25, 847.05, 355.73
599.32, 597.51, 108.55
595.53, 597.19, 233.46
592.25, 596.54, 358.19
599.77, 722.66, 108.74
596.14, 722.01, 233.68
592.73, 721.80, 358.89
600.31, 847.55, 109.41
596.72, 846.99, 234.38
592.97, 846.74, 359.13
351.97, 598.44, 224.99
353.28, 600.86, 350.07
354.51, 603.21, 474.97
355.33, 723.24, 222.49
356.68, 725.88, 347.47
357.83, 728.07, 472.52
358.90, 848.24, 220.18
359.95, 850.66, 345.16
361.48, 852.91, 470.22
476.94, 594.87, 223.66
478.17, 597.38, 348.83
479.18, 599.71, 473.46
480.19, 719.73, 221.15
481.68, 722.05, 346.16
482.86, 724.39, 471.36
483.87, 844.61, 218.87
485.09, 847.08, 343.98
486.38, 849.65, 468.99
601.72, 591.61, 222.35
602.92, 593.82, 347.39
604.51, 596.17, 472.30
605.37, 716.16, 220.16
606.37, 718.60, 345.00
607.79, 721.07, 469.98
608.71, 841.38, 217.58
609.81, 843.62, 342.61
611.19, 845.89, 467.60
349.18, 598.37, 350.46
351.86, 596.06, 475.50
354.20, 593.72, 600.33
349.05, 723.39, 352.70
351.64, 721.19, 477.80
353.94, 718.88, 602.89
348.82, 848.23, 355.13
351.05, 846.05, 480.13
353.47, 843.83, 605.25
474.16, 598.83, 348.13
476.50, 596.48, 473.00
479.31, 594.07, 598.12
474.20, 723.77, 350.27
476.60, 721.40, 475.56
478.83, 718.94, 600.42
473.71, 848.89, 352.71
476.05, 846.35, 477.69
478.50, 844.11, 602.55
599.23, 599.15, 345.81
601.54, 596.67, 470.46
603.96, 594.45, 595.51
598.92, 723.88, 348.09
601.31, 721.84, 473.00
603.59, 719.43, 597.79
598.72, 848.86, 350.43
601.19, 846.85, 475.25
603.67, 844.30, 600.39
351.60, 598.20, 474.63
350.87, 597.79, 599.57
349.91, 597.18, 724.77
351.83, 723.04, 475.41
351.11, 722.52, 600.28
350.17, 722.00, 725.09
352.17, 848.16, 475.77
351.31, 847.43, 600.92
350.71, 847.23, 725.60
476.60, 597.94, 475.59
475.95, 597.41, 600.45
474.97, 596.70, 725.35
476.99, 722.77, 476.01
476.20, 722.28, 600.85
475.25, 721.88, 726.04
477.26, 847.81, 476.41
476.45, 847.55, 601.67
475.62, 846.74, 726.64
601.60, 597.43, 476.46
600.95, 597.08, 601.50
600.02, 596.56, 726.50
602.05, 722.64, 476.90
601.31, 721.92, 601.84
600.41, 721.32, 726.87
602.09, 847.58, 477.35
601.35, 846.86, 602.43
600.71, 846.55, 727.48
348.01, 600.10, 599.12
345.67, 599.75, 724.28
343.01, 599.91, 849.13
345.69, 724.93, 599.22
343.23, 724.70, 724.30
340.23, 724.81, 849.27
343.37, 850.00, 599.16
340.64, 849.76, 724.18
338.01, 849.63, 849.38
473.19, 602.50, 601.81
470.57, 602.25, 726.87
467.88, 602.18, 851.79
470.65, 727.35, 601.83
467.85, 727.32, 727.00
465.52, 727.29, 851.75
468.37, 852.26, 601.98
465.51, 852.43, 726.97
463.12, 852.37, 851.81
597.88, 605.03, 604.49
595.26, 604.87, 729.38
592.79, 604.70, 854.30
595.70, 729.80, 604.36
592.85, 729.74, 729.45
590.32, 729.52, 854.62
593.14, 854.80, 604.74
590.48, 854.65, 729.49
587.96, 854.49, 854.66
475.97, 100.69, 101.29
475.35, 104.23, 226.51
474.63, 108.03, 351.16
479.20, 225.43, 97.69
478.36, 229.13, 222.72
477.75, 232.85, 347.63
482.52, 350.51, 94.35
481.81, 354.15, 219.15
481.06, 357.48, 344.20
600.90, 97.31, 102.37
600.25, 100.95, 227.40
599.39, 104.70, 352.14
604.26, 222.34, 98.66
603.46, 225.87, 223.71
602.75, 229.40, 348.41
607.37, 347.29, 95.03
606.83, 350.80, 220.06
605.83, 354.62, 345.07
725.89, 94.30, 103.04
725.02, 97.77, 227.86
724.31, 101.44, 352.78
729.19, 219.24, 99.41
728.32, 222.87, 224.54
727.68, 226.45, 349.40
732.25, 344.05, 95.81
731.57, 347.66, 220.96
730.94, 351.29, 345.86
476.07, 100.89, 225.91
473.94, 97.83, 350.92
471.58, 94.56, 475.86
475.36, 225.68, 229.18
472.98, 222.84, 354.18
470.74, 219.82, 479.06
474.32, 350.50, 232.15
471.94, 347.59, 356.97
469.65, 344.48, 481.98
601.08, 101.74, 228.37
598.78, 98.45, 353.37
596.49, 95.63, 478.27
600.24, 226.70, 231.63
597.81, 223.46, 356.58
595.59, 220.30, 481.19
599.29, 351.58, 234.33
596.97, 348.60, 359.34
594.85, 345.49, 484.32
726.22, 102.37, 230.76
723.73, 99.36, 355.59
721.55, 96.31, 480.59
725.27, 227.37, 233.68
722.72, 224.49, 358.82
720.57, 221.50, 483.82
724.10, 352.26, 236.63
722.00, 349.13, 361.85
719.57, 346.30, 486.77
474.99, 98.60, 348.59
475.91, 101.64, 473.78
476.79, 104.47, 598.67
472.48, 223.52, 345.82
473.54, 226.40, 470.60
474.71, 229.40, 595.77
470.26, 348.39, 342.75
471.22, 351.51, 467.71
472.37, 354.30, 592.81
599.86, 101.01, 347.50
600.83, 103.79, 472.58
601.87, 106.71, 597.44
597.48, 225.72, 344.89
598.62, 228.69, 469.74
599.73, 231.66, 594.65
595.33, 351.00, 341.79
596.23, 353.76, 466.84
597.30, 356.66, 591.99
724.98, 103.25, 346.52
726.01, 106.13, 471.44
726.81, 108.89, 596.47
722.46, 228.06, 343.83
723.52, 231.27, 468.78
724.41, 233.90, 593.56
720.09, 353.01, 340.62
721.23, 356.09, 465.83
722.27, 358.91, 590.87
473.49, 101.90, 474.56
476.01, 102.91, 599.43
478.68, 103.63, 724.36
471.29, 226.66, 473.68
473.96, 227.69, 598.51
476.15, 228.75, 723.50
469.02, 351.82, 472.63
471.31, 352.64, 597.76
473.84, 353.71, 722.78
598.39, 104.07, 471.73
601.05, 105.15, 597.02
603.63, 105.99, 721.78
595.96, 229.24, 470.86
598.67, 230.05, 596.07
601.48, 230.95, 720.87
593.85, 354.01, 470.13
596.47, 354.84, 594.95
599.00, 355.71, 720.10
723.33, 106.45, 469.42
725.90, 107.17, 594.07
728.45, 108.10, 719.32
721.06, 231.18, 468.45
723.74, 232.21, 593.47
726.10, 233.15, 718.17
718.79, 356.27, 467.49
721.26, 357.23, 592.58
723.93, 358.20, 717.53
474.83, 101.11, 600.51
478.14, 100.79, 725.62
481.86, 100.89, 850.63
477.87, 225.93, 600.62
481.33, 225.79, 725.71
484.80, 225.91, 850.65
480.72, 350.96, 600.38
484.27, 350.80, 725.48
487.96, 350.89, 850.67
599.40, 98.07, 597.12
602.97, 97.95, 721.83
606.74, 97.81, 847.02
602.52, 222.82, 596.91
606.15, 222.94, 722.17
609.64, 222.77, 847.05
605.50, 347.96, 597.00
609.40, 347.80, 721.83
612.84, 347.65, 846.74
724.56, 94.83, 593.50
727.94, 95.00, 718.42
731.56, 94.71, 843.40
727.58, 219.92, 593.64
731.13, 219.85, 718.50
734.51, 219.65, 843.51
730.63, 344.99, 593.45
734.16, 344.48, 718.33
737.75, 344.68, 843.36
475.65, 226.69, 99.14
476.23, 225.70, 223.85
476.74, 224.71, 349.11
475.51, 351.41, 100.02
475.90, 350.70, 224.90
476.27, 349.53, 349.87
475.21, 476.69, 100.82
475.69, 475.46, 225.83
476.18, 474.49, 350.90
600.46, 226.70, 98.34
601.16, 225.75, 223.39
601.53, 224.87, 348.38
600.38, 351.75, 99.41
601.12, 350.83, 224.67
601.52, 349.77, 349.46
600.17, 476.62, 100.37
600.73, 475.59, 225.46
601.27, 474.70, 350.19
725.54, 226.90, 98.02
725.95, 226.09, 223.10
726.67, 224.77, 348.05
725.49, 351.76, 98.90
725.89, 350.77, 224.01
726.35, 349.90, 349.03
725.43, 476.85, 99.76
725.83, 475.85, 224.67
726.42, 475.11, 349.72
475.85, 225.07, 224.69
476.37, 226.04, 349.66
477.02, 226.60, 474.91
478.39, 349.99, 224.07
478.96, 351.05, 349.31
479.57, 351.78, 473.99
480.81, 475.30, 223.20
481.35, 476.08, 348.35
481.79, 476.60, 473.23
600.97, 222.89, 224.48
601.53, 223.73, 349.46
602.11, 224.27, 474.37
603.43, 347.73, 223.60
603.87, 348.61, 348.55
604.33, 349.37, 473.50
605.96, 472.85, 222.78
606.37, 473.42, 347.61
606.86, 474.37, 472.61
726.03, 220.46, 223.77
726.26, 221.23, 348.67
727.13, 221.77, 473.70
728.32, 345.40, 223.09
729.06, 346.19, 348.18
729.57, 346.89, 472.98
730.58, 470.31, 222.17
731.13, 470.95, 347.38
731.93, 471.94, 472.27
474.92, 226.34, 348.68
472.42, 228.61, 473.59
469.62, 230.54, 598.33
475.67, 351.47, 346.56
472.76, 353.44, 471.35
470.10, 355.35, 596.46
476.00, 476.46, 344.60
473.23, 478.27, 469.54
470.77, 480.33, 594.46
600.21, 226.00, 351.03
597.49, 228.13, 476.19
594.88, 229.86, 601.00
600.64, 350.91, 349.40
597.73, 353.16, 474.29
595.04, 354.83, 599.32
600.84, 476.19, 347.35
598.24, 477.96, 472.07
595.41, 479.89, 597.28
725.00, 225.57, 353.89
722.43, 227.62, 478.70
719.84, 229.48, 603.80
725.33, 350.75, 351.89
722.71, 352.51, 476.86
720.06, 354.51, 601.78
725.88, 475.59, 350.10
723.07, 477.51, 475.00
720.74, 479.75, 599.80
475.99, 224.46, 473.29
472.34, 226.20, 598.36
468.87, 228.09, 723.45
472.92, 349.47, 471.71
469.38, 351.27, 596.32
465.64, 353.03, 721.42
469.77, 474.49, 469.69
466.14, 476.12, 594.77
462.24, 478.04, 719.41
601.09, 227.95, 477.18
597.21, 229.81, 602.02
593.71, 231.63, 727.07
597.59, 353.01, 475.35
594.18, 354.48, 600.15
590.50, 356.37, 725.13
594.63, 477.86, 473.25
590.90, 479.62, 598.42
587.01, 481.48, 723.03
725.82, 231.28, 480.64
722.40, 233.02, 605.84
718.48, 234.86, 730.61
722.85, 356.20, 478.95
719.10, 357.80, 603.90
715.31, 359.60, 728.74
719.56, 481.06, 476.92
715.69, 482.77, 601.90
712.00, 484.56, 726.72
472.95, 225.02, 598.35
470.95, 225.00, 723.25
468.85, 225.06, 848.01
473.63, 350.10, 598.54
471.32, 350.08, 723.21
469.30, 349.98, 848.32
473.76, 475.00, 598.53
471.90, 474.95, 723.42
469.78, 474.84, 848.34
598.11, 224.61, 600.53
596.07, 224.58, 725.33
594.04, 224.60, 850.19
598.50, 349.73, 600.45
596.42, 349.57, 725.33
594.28, 349.59, 850.39
598.88, 474.92, 600.53
596.73, 474.72, 725.63
594.88, 474.51, 850.40
723.07, 224.25, 602.15
720.96, 224.27, 727.26
718.92, 223.99, 852.25
723.56, 349.41, 602.34
721.41, 349.25, 727.24
719.24, 349.09, 852.52
723.89, 474.28, 602.69
721.80, 474.21, 727.56
719.91, 474.03, 852.75
474.36, 349.33, 101.74
471.70, 348.34, 226.84
469.21, 347.65, 351.60
474.15, 474.49, 102.71
471.65, 473.49, 227.56
468.63, 472.47, 352.91
473.95, 599.27, 103.79
471.06, 598.51, 228.82
468.69, 597.55, 353.59
599.46, 349.57, 104.70
596.66, 348.59, 229.51
594.12, 347.69, 354.63
599.32, 474.57, 105.44
596.34, 473.86, 230.39
593.87, 472.72, 355.52
598.98, 599.73, 106.33
596.32, 598.78, 231.29
593.59, 597.67, 356.30
724.28, 349.87, 107.32
721.71, 349.10, 232.36
718.79, 348.11, 357.13
724.18, 474.95, 108.31
721.50, 474.01, 233.15
718.79, 472.81, 358.35
724.08, 599.89, 108.98
721.34, 599.10, 234.34
718.52, 598.03, 359.17
475.16, 350.19, 224.31
478.32, 349.67, 349.23
481.71, 349.57, 474.28
475.77, 475.05, 224.72
479.35, 474.62, 349.47
482.63, 474.43, 474.66
476.50, 600.04, 224.89
480.02, 599.97, 349.88
483.48, 599.45, 474.94
600.04, 349.44, 220.86
603.44, 348.87, 345.79
606.79, 348.82, 470.56
600.91, 474.27, 221.15
604.13, 473.77, 346.09
607.63, 473.78, 471.12
601.54, 599.25, 221.34
605.10, 598.84, 346.25
608.31, 598.78, 471.10
724.78, 348.73, 217.25
728.42, 348.46, 342.28
731.82, 347.76, 467.25
725.50, 473.43, 217.65
729.31, 473.27, 342.69
732.69, 472.91, 467.49
726.47, 598.52, 217.95
729.81, 598.42, 342.80
733.18, 597.98, 467.99
474.55, 349.03, 350.26
471.46, 347.11, 475.53
468.70, 345.00, 600.28
473.76, 473.92, 352.34
470.89, 471.85, 477.32
468.00, 469.81, 602.21
473.32, 598.77, 354.42
470.36, 597.05, 479.37
467.36, 595.08, 604.09
599.56, 349.49, 353.39
596.42, 347.67, 478.14
593.93, 345.54, 603.22
598.70, 474.49, 355.00
595.89, 472.59, 480.29
593.32, 470.58, 605.09
598.17, 599.43, 357.09
595.29, 597.56, 482.13
592.33, 595.42, 606.94
724.32, 349.96, 355.96
721.62, 348.16, 481.17
718.73, 346.21, 606.03
723.80, 474.88, 358.03
720.94, 473.20, 482.91
718.03, 471.06, 608.02
723.14, 599.96, 360.01
720.21, 598.17, 485.00
717.45, 596.14, 609.92
474.10, 350.75, 473.78
473.24, 347.92, 598.68
472.38, 345.28, 723.88
475.82, 475.88, 476.45
474.99, 472.84, 601.53
473.96, 470.39, 726.65
477.47, 600.79, 479.14
476.76, 598.12, 604.11
475.76, 595.40, 729.38
598.79, 348.97, 474.62
598.09, 346.17, 599.51
597.39, 343.56, 724.67
600.80, 473.85, 477.42
599.90, 471.19, 602.21
599.21, 468.55, 727.46
602.64, 599.03, 480.05
601.51, 596.05, 605.09
600.67, 593.29, 729.86
724.01, 347.00, 475.46
723.08, 344.41, 600.36
722.33, 341.71, 725.44
725.82, 472.09, 478.14
725.05, 469.49, 603.22
724.13, 466.66, 728.00
727.61, 597.25, 480.86
726.82, 594.27, 605.84
725.74, 591.61, 730.75
474.80, 351.31, 599.24
477.33, 352.18, 723.97
479.76, 352.79, 849.03
473.64, 476.54, 598.48
476.15, 477.21, 723.22
478.80, 477.94, 848.08
472.62, 601.56, 597.65
475.05, 602.21, 722.44
477.82, 602.92, 847.42
599.56, 352.59, 596.39
602.42, 353.28, 721.19
605.01, 354.00, 846.35
598.45, 477.33, 595.84
601.03, 478.22, 720.67
603.81, 479.10, 845.73
597.46, 602.38, 595.08
600.01, 603.42, 719.87
602.89, 604.07, 845.03
724.55, 353.54, 593.54
727.19, 354.36, 718.62
729.90, 355.09, 843.71
723.37, 478.65, 593.03
726.19, 479.48, 718.15
728.84, 480.07, 842.97
722.59, 603.42, 592.36
725.05, 604.21, 717.17
727.63, 605.13, 842.16
474.40, 473.68, 101.04
470.94, 475.85, 226.04
467.55, 478.28, 350.77
475.65, 598.60, 98.71
472.25, 600.97, 223.73
468.54, 603.59, 348.52
476.72, 723.44, 96.15
473.34, 726.00, 221.24
469.91, 728.23, 346.10
599.21, 472.57, 104.68
595.81, 475.00, 229.57
592.38, 477.33, 354.38
600.34, 597.53, 101.99
597.05, 599.83, 226.90
593.79, 602.41, 351.90
601.41, 722.31, 99.68
598.09, 724.95, 224.59
595.00, 727.36, 349.37
724.41, 471.41, 107.84
720.95, 473.87, 232.96
717.35, 476.33, 357.69
725.33, 596.43, 105.62
722.03, 599.00, 230.61
718.72, 601.09, 355.52
726.49, 721.34, 103.13
723.20, 723.65, 227.84
719.92, 726.40, 353.03
472.97, 474.36, 224.59
471.66, 472.36, 349.67
470.57, 470.07, 474.52
474.71, 599.27, 226.52
473.30, 597.03, 351.50
471.90, 595.08, 476.73
476.08, 724.52, 229.02
474.81, 721.99, 353.79
473.71, 720.02, 479.03
597.98, 472.75, 225.77
596.88, 470.47, 350.65
595.67, 468.50, 475.75
599.46, 597.91, 227.85
598.31, 595.61, 352.86
597.14, 593.49, 477.69
601.20, 722.59, 230.01
599.75, 720.45, 355.20
598.66, 718.50, 480.07
722.89, 471.26, 226.76
721.97, 469.34, 352.04
720.42, 467.01, 477.07
724.52, 596.37, 228.99
723.26, 594.13, 354.04
722.17, 592.06, 479.23
726.10, 721.15, 231.30
724.60, 718.94, 356.35
723.53, 716.73, 481.10
473.26, 476.30, 348.28
475.98, 479.77, 473.43
478.45, 483.24, 598.23
469.87, 601.34, 344.72
472.79, 604.75, 469.91
475.34, 608.40, 594.86
466.84, 726.45, 341.63
469.45, 729.65, 466.45
472.05, 733.14, 591.47
598.19, 479.64, 345.50
600.72, 482.91, 470.69
603.52, 486.33, 595.31
594.99, 604.46, 342.16
597.59, 607.93, 467.17
600.02, 611.41, 591.86
591.57, 729.43, 338.79
594.34, 732.63, 463.56
596.87, 736.31, 588.62
722.96, 482.58, 342.64
725.58, 486.24, 467.60
728.23, 489.45, 592.53
719.73, 607.65, 339.46
722.44, 610.92, 464.38
725.26, 614.67, 589.30
716.60, 732.31, 336.03
719.27, 736.02, 461.11
722.09, 739.55, 585.68
473.39, 476.39, 473.63
473.11, 476.53, 598.70
473.33, 476.80, 723.53
475.43, 601.33, 473.50
475.20, 601.70, 598.39
475.18, 601.69, 723.58
477.60, 726.37, 473.46
477.38, 726.45, 598.50
477.54, 726.66, 723.33
598.17, 474.41, 473.90
598.32, 474.51, 598.59
598.39, 474.62, 723.84
600.28, 599.32, 473.60
600.41, 599.65, 598.65
600.36, 599.54, 723.60
602.52, 724.30, 473.40
602.43, 724.43, 598.25
602.42, 724.54, 723.26
723.41, 472.56, 473.73
723.19, 472.56, 598.89
723.26, 472.67, 723.65
725.22, 597.46, 473.55
725.48, 597.60, 598.71
725.28, 597.48, 723.55
727.39, 722.22, 473.65
727.36, 722.30, 598.56
727.19, 722.72, 723.43
476.21, 474.47, 600.74
473.30, 474.97, 726.04
469.90, 475.97, 851.00
473.10, 599.31, 600.16
469.98, 599.96, 725.09
466.52, 600.58, 850.05
469.86, 724.36, 599.35
466.58, 725.14, 724.35
463.54, 725.58, 849.27
601.06, 477.70, 604.01
597.84, 478.34, 728.94
594.88, 479.18, 854.03
598.10, 602.39, 603.49
595.02, 603.41, 728.16
591.56, 603.83, 853.41
595.03, 727.39, 602.49
591.73, 728.35, 727.49
588.55, 729.14, 852.32
726.29, 480.57, 607.40
722.99, 481.37, 732.36
719.61, 482.19, 857.05
722.78, 605.55, 606.54
719.81, 606.43, 731.42
716.69, 607.06, 856.35
719.55, 730.64, 605.49
716.71, 731.20, 730.47
713.28, 732.17, 855.62
474.78, 600.30, 99.68
471.69, 598.51, 224.75
468.56, 596.95, 349.40
472.88, 725.37, 101.37
469.78, 723.58, 225.95
466.84, 721.89, 350.93
471.14, 850.23, 102.75
468.02, 848.60, 227.51
465.34, 846.95, 352.66
599.51, 601.91, 102.62
596.41, 600.34, 227.50
593.73, 598.80, 352.68
597.80, 726.82, 104.21
594.92, 725.33, 228.95
591.69, 723.81, 354.07
596.05, 852.02, 105.58
593.16, 850.23, 230.67
589.96, 848.73, 355.50
724.68, 603.49, 105.76
721.32, 601.96, 230.50
718.44, 600.58, 355.38
722.65, 728.63, 107.29
719.70, 727.23, 232.17
716.78, 725.62, 357.04
720.97, 853.63, 108.80
717.86, 852.12, 233.78
715.10, 850.47, 358.75
475.08, 601.29, 225.99
473.15, 600.75, 350.64
471.76, 600.58, 475.79
473.81, 726.27, 226.00
472.05, 725.84, 351.14
470.50, 725.34, 476.03
472.51, 851.18, 226.60
470.66, 850.76, 351.44
469.22, 850.29, 476.51
600.06, 602.60, 227.47
598.53, 601.93, 352.42
596.77, 601.73, 477.51
598.51, 727.49, 227.96
597.15, 726.98, 352.67
595.39, 726.71, 477.69
597.23, 852.47, 228.08
595.69, 851.98, 353.33
594.14, 851.70, 477.95
724.87, 603.77, 229.12
723.45, 603.27, 353.97
721.59, 602.89, 479.15
723.66, 728.78, 229.47
722.21, 728.26, 354.22
720.41, 728.14, 479.53
722.41, 853.61, 229.61
720.61, 853.29, 354.54
719.05, 852.99, 479.68
474.47, 599.03, 351.76
475.58, 598.41, 476.85
476.69, 597.56, 601.80
473.72, 724.13, 352.40
474.81, 723.43, 477.44
476.00, 722.90, 602.37
472.96, 848.80, 353.04
474.39, 848.24, 477.98
475.38, 847.66, 602.99
599.30, 599.52, 350.50
600.57, 599.07, 475.62
601.99, 598.25, 600.38
598.86, 724.54, 350.92
599.96, 724.09, 476.20
601.04, 723.47, 601.07
598.14, 849.46, 351.61
599.40, 848.91, 476.52
600.50, 848.42, 601.54
724.53, 599.99, 349.30
725.71, 599.50, 474.33
726.94, 598.93, 599.26
723.56, 725.15, 349.88
725.14, 724.80, 474.95
726.12, 724.09, 599.80
723.01, 850.27, 350.59
724.17, 849.77, 475.36
725.41, 848.87, 600.44
474.93, 600.73, 474.63
475.62, 603.85, 599.49
476.34, 606.63, 724.27
475.83, 725.98, 471.34
476.37, 728.82, 596.38
476.75, 731.64, 721.53
476.53, 850.79, 468.46
477.20, 853.69, 593.53
477.79, 856.82, 718.49
600.21, 600.00, 473.86
600.45, 603.08, 598.95
601.26, 606.10, 724.02
600.57, 725.10, 470.80
601.43, 728.22, 595.93
601.81, 730.99, 720.71
601.46, 850.06, 468.14
602.09, 853.20, 592.79
602.67, 855.91, 717.89
724.79, 599.57, 473.38
725.53, 602.43, 598.38
726.32, 605.34, 723.29
725.87, 724.21, 470.24
726.46, 727.35, 595.44
726.97, 730.46, 720.10
726.57, 849.28, 467.35
726.97, 852.24, 592.46
727.73, 855.35, 717.28
476.37, 601.02, 599.58
473.12, 601.68, 724.56
470.20, 602.05, 849.59
472.89, 725.83, 598.78
469.69, 726.38, 723.60
466.39, 727.29, 848.90
469.05, 850.71, 598.05
465.85, 851.35, 722.85
462.58, 851.95, 848.15
601.46, 604.82, 602.80
598.14, 605.19, 727.87
595.08, 606.11, 852.54
597.73, 729.64, 602.05
594.50, 730.14, 727.07
591.24, 730.70, 851.95
593.87, 854.36, 601.15
590.76, 855.07, 726.18
587.54, 855.99, 851.04
726.40, 608.39, 605.73
723.06, 608.94, 731.05
719.79, 609.65, 855.82
722.68, 733.18, 605.12
719.49, 733.96, 730.16
716.20, 734.56, 854.95
718.92, 858.30, 604.24
715.59, 858.74, 729.46
712.47, 859.50, 854.21
598.09, 99.60, 99.20
600.57, 95.89, 224.33
603.21, 92.15, 349.31
598.36, 224.34, 102.96
600.97, 220.64, 227.85
603.66, 217.17, 353.03
598.62, 349.52, 106.46
601.42, 345.83, 231.45
603.90, 341.95, 356.33
722.99, 99.17, 96.80
725.59, 95.57, 221.77
728.29, 92.08, 346.67
723.16, 224.03, 100.45
725.73, 220.53, 225.26
728.69, 217.00, 350.46
723.76, 349.11, 103.95
726.12, 345.26, 228.93
728.69, 341.95, 354.07
848.00, 98.96, 94.24
850.50, 95.28, 219.11
853.24, 91.74, 344.12
848.27, 223.84, 97.90
850.97, 220.04, 222.95
853.43, 216.64, 347.61
848.68, 348.75, 101.46
851.19, 345.39, 226.28
853.75, 341.43, 351.43
597.96, 101.90, 225.38
597.34, 99.83, 350.47
596.31, 97.87, 475.57
600.20, 227.04, 227.41
599.53, 225.07, 352.56
598.51, 222.80, 477.45
602.52, 351.73, 229.45
601.73, 349.85, 354.66
600.91, 347.83, 479.36
723.02, 99.80, 226.54
722.10, 97.54, 351.49
721.08, 95.60, 476.31
725.46, 224.60, 228.31
724.42, 222.81, 353.54
723.41, 220.87, 478.38
727.69, 349.53, 230.38
726.64, 347.44, 355.54
725.82, 345.69, 480.34
848.07, 97.45, 227.36
846.97, 95.23, 352.19
846.21, 93.55, 477.41
850.27, 222.44, 229.28
849.28, 220.21, 354.35
848.48, 218.55, 479.41
852.48, 347.13, 231.52
851.61, 345.18, 356.41
850.60, 343.37, 481.26
598.30, 99.18, 348.52
594.80, 101.65, 473.39
591.30, 104.12, 598.36
597.11, 224.20, 345.79
593.94, 226.65, 470.98
590.15, 229.21, 595.62
596.26, 349.11, 343.44
592.65, 351.58, 468.14
589.31, 354.14, 593.31
723.23, 100.41, 352.03
719.90, 102.81, 477.02
716.39, 105.57, 601.95
722.03, 225.15, 349.22
718.86, 227.73, 474.35
715.07, 230.20, 599.24
721.15, 350.34, 346.65
717.57, 352.68, 471.61
714.13, 355.36, 596.56
848.22, 101.60, 355.39
844.87, 103.87, 480.15
841.37, 106.59, 605.21
847.14, 226.53, 352.64
843.66, 229.12, 477.75
840.40, 231.52, 602.55
845.96, 351.25, 350.35
842.66, 354.08, 475.04
839.34, 356.35, 600.05
601.26, 98.99, 475.06
602.52, 96.04, 600.09
603.70, 93.48, 725.13
604.89, 223.90, 477.93
605.82, 220.89, 602.72
607.10, 218.28, 727.64
608.38, 348.64, 480.27
609.63, 346.14, 605.41
610.89, 343.21, 730.22
726.06, 95.44, 473.75
727.33, 92.66, 598.83
728.76, 90.02, 723.85
729.58, 220.30, 476.36
730.94, 217.44, 601.33
732.15, 214.76, 726.25
733.14, 345.09, 479.31
734.33, 342.55, 604.12
735.72, 339.92, 729.20
851.04, 91.92, 472.42
852.47, 89.17, 597.39
853.65, 86.38, 722.45
854.54, 216.93, 475.09
855.88, 214.12, 600.10
857.15, 211.28, 725.05
858.28, 341.70, 477.83
859.49, 339.01, 602.82
860.58, 336.28, 727.84
600.68, 99.43, 600.78
603.09, 96.64, 725.77
605.45, 93.63, 850.65
603.78, 224.57, 603.46
606.11, 221.65, 728.57
608.38, 218.69, 853.45
606.75, 349.56, 606.66
609.01, 346.48, 731.43
611.38, 343.44, 856.44
725.61, 96.72, 598.16
728.02, 93.53, 722.99
730.32, 90.81, 848.16
728.40, 221.75, 600.93
731.13, 218.65, 726.17
733.45, 215.85, 850.90
731.60, 346.44, 604.01
734.00, 343.52, 728.73
736.41, 340.56, 854.02
850.43, 93.68, 595.83
852.84, 90.87, 720.71
855.26, 87.83, 845.71
853.57, 218.62, 598.61
855.94, 215.76, 723.70
858.26, 212.79, 848.60
856.65, 343.54, 601.53
858.84, 340.54, 726.47
861.32, 337.71, 851.48
601.20, 225.58, 100.11
602.70, 227.84, 225.26
603.77, 230.77, 350.17
598.33, 350.33, 97.70
599.60, 353.13, 222.40
600.73, 355.50, 347.57
595.35, 475.33, 94.89
596.63, 477.79, 219.90
597.99, 480.35, 344.96
726.43, 228.44, 98.82
727.47, 230.82, 223.78
728.94, 233.60, 348.50
723.17, 353.51, 96.20
724.75, 355.79, 221.27
725.76, 358.71, 345.94
720.20, 478.23, 93.56
721.58, 481.10, 218.41
722.93, 483.59, 343.63
851.29, 231.50, 97.35
852.48, 234.18, 222.31
853.90, 236.61, 347.47
848.02, 356.41, 94.83
849.49, 359.21, 219.80
850.83, 361.74, 344.77
845.16, 481.35, 92.23
846.50, 484.14, 217.06
847.58, 486.70, 342.02
600.70, 225.82, 225.95
600.53, 225.74, 350.92
599.91, 225.52, 476.13
598.17, 350.55, 226.18
597.71, 350.50, 351.02
597.28, 350.34, 476.18
595.49, 475.78, 226.02
595.17, 475.65, 351.33
594.55, 475.46, 476.19
725.98, 228.21, 226.40
725.55, 228.23, 351.62
724.88, 228.00, 476.39
723.44, 353.52, 226.42
722.80, 353.25, 351.48
722.12, 353.04, 476.51
720.71, 478.44, 226.78
720.13, 478.20, 351.80
719.61, 477.99, 476.75
850.89, 231.06, 226.83
850.23, 230.90, 352.10
850.04, 230.66, 476.81
848.15, 355.84, 227.07
847.56, 356.01, 352.15
847.01, 355.83, 477.01
845.62, 481.01, 227.27
845.05, 480.66, 352.15
844.65, 480.79, 477.26
597.89, 223.57, 349.58
594.20, 222.03, 474.50
590.79, 220.62, 599.67
600.18, 348.60, 351.58
596.31, 346.95, 476.33
592.78, 345.31, 601.16
602.23, 473.73, 353.12
598.63, 472.01, 478.04
594.85, 470.42, 603.02
723.08, 221.53, 353.23
719.38, 219.88, 478.16
715.96, 218.28, 603.26
725.03, 346.39, 355.05
721.62, 344.88, 479.91
717.76, 343.52, 604.98
726.90, 471.64, 356.64
723.58, 469.88, 481.47
719.85, 468.19, 606.34
848.06, 219.61, 356.74
844.19, 217.82, 481.76
840.84, 216.21, 606.84
849.82, 344.51, 358.32
846.48, 342.75, 483.49
842.81, 341.24, 608.20
851.96, 469.33, 360.24
848.51, 468.00, 485.08
844.92, 466.02, 610.00
598.64, 226.39, 474.55
595.60, 227.85, 599.37
593.06, 229.44, 724.23
600.09, 351.50, 473.05
597.32, 352.80, 598.05
594.47, 354.57, 722.99
601.70, 476.44, 471.35
598.75, 477.96, 596.25
596.07, 479.46, 721.24
723.35, 224.85, 477.29
720.62, 226.60, 602.40
717.91, 227.96, 727.33
725.11, 349.99, 475.78
722.19, 351.33, 600.90
719.59, 352.86, 725.87
726.39, 474.70, 474.17
723.95, 476.42, 599.24
721.04, 478.14, 724.14
848.51, 223.25, 480.20
845.55, 224.88, 605.23
842.79, 226.38, 730.17
849.93, 348.42, 478.45
847.18, 350.11, 603.80
844.51, 351.30, 728.76
851.56, 473.23, 476.95
848.68, 474.95, 602.18
845.77, 476.38, 726.90
598.18, 224.29, 599.77
598.61, 223.28, 725.01
599.45, 222.10, 849.79
594.77, 349.12, 601.05
595.56, 348.31, 725.92
596.39, 347.38, 850.96
591.41, 474.24, 602.06
592.33, 473.10, 727.12
592.97, 472.06, 852.02
723.08, 227.77, 599.15
723.68, 226.53, 724.18
724.56, 225.57, 849.20
719.50, 352.63, 600.11
720.59, 351.49, 725.36
721.12, 350.45, 850.04
716.32, 477.40, 601.46
716.99, 476.63, 726.34
717.99, 475.62, 851.14
847.72, 230.98, 598.42
848.70, 230.00, 723.26
849.39, 228.75, 848.42
844.54, 355.77, 599.36
845.29, 354.91, 724.41
846.11, 353.67, 849.42
841.43, 480.89, 600.65
842.16, 479.66, 725.70
842.95, 478.76, 850.52
598.42, 348.09, 101.69
601.18, 344.98, 226.62
603.84, 342.14, 351.64
600.68, 473.02, 104.74
603.73, 470.08, 229.66
606.51, 467.17, 354.66
603.12, 597.95, 107.70
606.07, 594.88, 232.65
608.80, 591.82, 357.35
723.37, 345.53, 98.98
726.10, 342.72, 223.89
729.08, 339.92, 348.80
725.51, 470.63, 101.82
728.57, 467.58, 226.70
731.54, 464.46, 351.75
728.15, 595.42, 104.76
731.03, 592.69, 229.70
734.10, 589.67, 354.54
848.36, 343.32, 95.94
851.29, 340.29, 220.81
853.93, 337.43, 345.66
850.71, 468.21, 98.99
853.56, 465.22, 223.89
856.25, 462.17, 348.76
853.13, 593.23, 101.73
855.99, 590.15, 226.70
858.85, 587.18, 351.58
600.15, 351.86, 226.58
599.79, 349.80, 351.82
599.34, 348.27, 476.64
602.45, 476.54, 228.65
602.11, 474.77, 353.59
601.71, 472.91, 478.57
604.99, 601.51, 230.30
604.21, 599.75, 355.35
603.89, 597.95, 480.23
725.33, 349.47, 227.29
724.95, 347.48, 351.96
724.37, 345.98, 477.27
727.45, 474.25, 229.13
727.07, 472.70, 353.93
726.74, 470.63, 478.84
729.84, 599.14, 230.78
729.27, 597.52, 355.59
728.93, 595.52, 480.82
850.11, 346.95, 227.59
849.95, 345.33, 352.48
849.32, 343.52, 477.64
852.36, 471.98, 229.48
852.13, 470.28, 354.21
851.69, 468.50, 479.46
854.81, 597.14, 231.21
854.36, 595.17, 356.35
853.93, 593.39, 481.06
597.96, 351.55, 350.77
597.26, 350.83, 475.85
596.48, 349.60, 600.77
595.30, 476.61, 351.58
594.61, 475.72, 476.75
593.89, 474.79, 601.88
592.18, 601.72, 352.67
591.33, 600.58, 477.61
590.93, 599.70, 602.81
722.97, 354.55, 351.45
722.22, 353.63, 476.47
721.69, 352.74, 601.71
719.97, 479.67, 352.50
719.38, 478.74, 477.41
718.80, 477.75, 602.69
717.14, 604.44, 353.37
716.55, 603.64, 478.26
715.56, 602.57, 603.36
848.24, 357.64, 352.34
847.22, 356.57, 477.41
846.44, 355.74, 602.58
845.25, 482.55, 353.45
844.31, 481.47, 478.29
843.66, 480.70, 603.41
842.18, 607.53, 354.14
841.44, 606.55, 479.09
840.73, 605.67, 604.27
598.72, 348.79, 477.01
601.15, 345.38, 601.65
603.83, 341.77, 726.68
600.55, 473.71, 480.38
603.51, 470.26, 605.22
605.83, 466.43, 730.25
602.77, 598.65, 484.09
605.53, 595.17, 608.99
608.02, 591.49, 733.80
723.33, 347.03, 474.20
726.25, 343.32, 599.04
728.79, 339.72, 723.96
725.46, 472.07, 477.72
728.26, 468.36, 602.38
730.77, 464.82, 727.56
727.65, 596.80, 481.18
730.13, 593.39, 606.29
732.91, 589.38, 731.08
848.43, 344.93, 471.53
851.17, 341.42, 596.29
853.99, 337.80, 721.17
850.37, 469.73, 475.04
853.18, 466.15, 599.75
855.81, 462.69, 724.80
852.60, 594.70, 478.49
855.18, 591.10, 603.43
857.95, 587.67, 728.39
600.39, 349.14, 600.24
597.92, 349.95, 725.39
595.50, 350.76, 850.25
600.05, 474.04, 599.34
597.64, 474.81, 724.36
595.00, 475.92, 849.32
599.44, 599.00, 598.54
597.40, 599.97, 723.53
594.96, 600.85, 848.79
725.28, 349.47, 602.43
722.87, 350.39, 727.72
720.45, 351.27, 852.58
724.73, 474.46, 601.92
722.56, 475.27, 726.86
720.27, 476.08, 851.95
724.66, 599.67, 601.15
722.36, 600.21, 725.93
719.90, 601.15, 851.05
850.05, 349.66, 604.99
847.73, 350.75, 729.93
845.44, 351.45, 854.99
849.81, 474.89, 604.18
847.49, 475.65, 729.11
845.01, 476.42, 854.11
849.58, 599.74, 603.30
847.20, 600.72, 728.45
844.97, 601.29, 853.44
598.72, 474.49, 100.61
600.74, 473.11, 225.46
603.03, 472.18, 350.29
599.85, 599.56, 101.61
601.80, 598.20, 226.67
603.96, 597.13, 351.75
600.83, 724.60, 103.02
602.76, 723.23, 227.91
604.97, 722.02, 352.88
723.78, 473.51, 98.59
725.95, 472.20, 223.42
728.08, 471.04, 348.51
724.68, 598.68, 99.63
726.81, 597.29, 224.76
728.89, 596.29, 349.54
725.69, 723.61, 100.80
727.65, 722.52, 225.74
729.76, 721.28, 350.71
848.74, 472.66, 96.22
850.84, 471.40, 221.15
853.10, 470.18, 346.12
849.79, 597.63, 97.60
851.73, 596.32, 222.52
853.86, 595.18, 347.44
850.60, 722.69, 98.91
852.84, 721.36, 223.88
854.58, 720.06, 348.72
601.36, 474.53, 227.03
604.62, 471.39, 351.65
607.94, 468.04, 476.60
600.37, 599.46, 230.27
603.57, 596.16, 355.21
606.85, 593.00, 480.14
599.14, 724.40, 233.62
602.28, 721.33, 358.55
605.55, 717.70, 483.46
726.59, 475.85, 223.78
729.64, 472.54, 348.45
733.11, 469.12, 473.46
725.29, 600.63, 226.84
728.56, 597.40, 352.05
731.75, 593.91, 476.67
723.97, 725.64, 230.57
727.37, 722.57, 355.40
730.58, 719.02, 480.19
851.53, 477.03, 220.46
854.80, 473.96, 345.48
858.01, 470.49, 470.43
850.34, 602.12, 223.70
853.59, 598.90, 348.68
856.90, 595.44, 473.46
848.98, 727.10, 227.29
852.34, 723.67, 352.25
855.52, 720.42, 477.06
600.23, 473.61, 349.46
602.87, 474.53, 474.66
605.65, 475.43, 599.31
602.09, 598.40, 348.60
604.61, 599.58, 473.50
607.14, 600.15, 598.32
604.04, 723.23, 347.56
606.60, 724.24, 472.53
609.20, 725.39, 597.61
725.10, 471.57, 346.88
727.67, 472.66, 471.97
730.45, 473.62, 596.82
727.21, 596.68, 345.74
729.51, 597.73, 471.05
732.20, 598.33, 595.72
728.76, 721.52, 345.08
731.40, 722.70, 469.88
733.99, 723.60, 594.92
850.10, 469.68, 344.27
852.69, 470.81, 469.10
855.58, 471.78, 594.18
851.95, 594.61, 343.24
854.48, 595.78, 468.32
857.40, 596.74, 593.44
853.93, 719.90, 342.12
856.60, 720.51, 467.17
859.12, 721.53, 592.24
599.76, 475.33, 473.41
602.16, 476.05, 598.62
604.82, 477.03, 723.53
596.68, 600.09, 472.88
599.31, 601.20, 597.74
601.86, 601.92, 722.94
593.94, 725.26, 471.98
596.26, 725.93, 597.11
598.82, 726.90, 722.07
724.45, 477.98, 470.95
727.04, 478.82, 596.06
729.76, 479.63, 721.03
721.70, 603.24, 470.28
724.31, 604.11, 595.16
726.98, 604.90, 720.10
718.65, 728.08, 469.45
721.48, 728.66, 594.50
723.78, 729.69, 719.56
849.39, 481.01, 468.59
851.98, 481.67, 593.35
854.65, 482.63, 718.41
846.75, 605.84, 467.93
849.01, 606.64, 592.69
851.70, 607.71, 717.64
843.91, 730.90, 467.14
846.33, 731.69, 591.99
848.97, 732.54, 717.15
598.55, 474.05, 600.42
598.76, 471.10, 725.68
598.39, 468.38, 850.65
601.15, 599.11, 603.34
601.18, 596.19, 728.16
601.22, 593.59, 853.17
604.01, 723.80, 606.21
603.63, 721.16, 731.10
603.73, 718.66, 855.87
723.78, 471.42, 600.56
723.40, 468.67, 725.48
723.51, 465.92, 850.50
726.04, 596.48, 603.36
726.20, 593.85, 728.38
726.06, 590.87, 853.43
728.75, 721.39, 606.11
728.81, 718.54, 731.14
728.81, 715.82, 855.96
848.49, 469.00, 600.56
848.80, 466.21, 725.61
848.57, 463.42, 850.67
851.22, 593.99, 603.30
851.09, 590.95, 728.40
851.10, 588.38, 853.17
853.70, 718.96, 606.00
853.66, 716.12, 730.90
853.62, 713.39, 856.03
600.42, 599.52, 101.00
596.70, 597.34, 226.00
592.67, 595.08, 350.80
601.85, 724.54, 103.15
597.89, 722.42, 228.30
594.44, 719.92, 353.09
603.22, 849.45, 105.67
599.36, 847.30, 230.32
595.93, 845.06, 355.59
725.09, 598.18, 104.43
721.63, 595.93, 229.65
717.64, 593.27, 354.64
726.84, 723.02, 106.93
722.97, 720.84, 231.87
719.21, 718.56, 356.96
728.23, 848.00, 109.27
724.48, 845.63, 234.20
720.59, 843.33, 359.09
850.07, 596.50, 108.35
846.45, 594.08, 233.26
842.57, 591.67, 358.28
851.69, 721.49, 110.56
847.88, 719.18, 235.54
844.39, 716.76, 360.43
853.15, 846.45, 113.04
849.42, 844.11, 237.94
845.72, 841.83, 362.90
598.06, 601.14, 224.01
596.87, 598.56, 349.08
595.63, 595.52, 473.84
598.25, 726.25, 226.84
596.55, 723.48, 351.95
595.39, 720.48, 476.85
598.01, 851.12, 229.88
596.65, 848.44, 354.67
595.38, 845.33, 479.69
723.24, 601.28, 225.13
721.87, 598.61, 350.08
720.65, 595.44, 475.12
723.21, 726.27, 228.21
721.65, 723.43, 352.93
720.51, 720.41, 477.93
722.95, 851.44, 231.14
721.61, 848.30, 356.04
720.13, 845.53, 480.97
848.23, 601.53, 226.77
846.70, 598.77, 351.50
845.52, 595.82, 476.52
848.05, 726.48, 229.38
846.66, 723.74, 354.32
845.30, 720.72, 479.22
847.90, 851.48, 232.41
846.52, 848.55, 357.41
845.06, 845.55, 482.19
601.79, 598.58, 350.85
598.98, 599.94, 475.81
596.33, 601.43, 600.68
600.72, 723.34, 349.38
598.12, 724.83, 474.32
595.36, 726.51, 599.32
599.95, 848.58, 347.65
596.99, 849.76, 472.93
594.24, 851.48, 597.71
726.70, 599.41, 353.84
724.19, 600.91, 478.65
721.15, 602.69, 603.62
726.04, 724.33, 352.23
722.91, 726.01, 476.97
720.24, 727.53, 601.99
725.00, 849.57, 350.67
721.91, 851.12, 475.59
719.34, 852.55, 600.47
851.90, 600.63, 356.69
849.10, 602.09, 481.53
846.37, 603.52, 606.33
850.82, 725.43, 355.10
847.89, 727.00, 479.98
845.08, 728.57, 604.82
849.77, 850.54, 353.36
847.14, 851.98, 478.57
844.16, 853.65, 603.35
600.27, 598.24, 473.19
598.09, 599.47, 598.20
595.82, 600.91, 722.89
602.66, 723.27, 471.62
600.20, 724.61, 596.59
598.24, 725.80, 721.88
605.04, 848.05, 470.57
602.70, 849.41, 595.34
600.37, 850.77, 720.47
725.32, 595.77, 475.37
722.76, 597.05, 600.11
720.78, 598.31, 725.32
727.76, 720.78, 474.12
725.15, 721.88, 599.20
723.11, 723.43, 723.99
730.14, 845.67, 472.83
727.62, 847.02, 597.68
725.46, 848.34, 722.58
850.01, 593.42, 477.51
847.80, 594.68, 602.56
845.59, 596.08, 727.49
852.42, 718.52, 476.46
850.31, 719.49, 601.27
848.02, 720.92, 726.26
854.93, 843.46, 474.96
852.75, 844.63, 600.08
850.28, 846.04, 725.04
602.03, 599.37, 599.39
600.21, 602.39, 724.64
598.37, 605.15, 849.36
599.83, 724.25, 596.60
597.95, 727.14, 721.34
596.24, 730.27, 846.45
597.56, 849.37, 593.64
595.98, 852.40, 718.38
594.05, 855.19, 843.33
726.96, 601.33, 601.10
724.98, 604.67, 726.34
723.34, 607.71, 851.05
724.86, 726.51, 598.35
722.78, 729.55, 723.26
721.17, 732.53, 848.24
722.77, 851.37, 595.45
720.73, 854.46, 720.09
719.07, 857.45, 845.19
851.79, 603.67, 603.10
850.14, 606.62, 727.89
848.21, 609.85, 852.93
849.85, 728.84, 600.01
847.86, 731.66, 724.98
846.14, 734.64, 849.89
847.51, 853.52, 596.93
845.86, 856.58, 721.90
843.98, 859.61, 846.89
