27, 125, pa2-unknown-h-output1.txt
205.66, 198.35, 203.75
403.04, 403.44, 202.52
99.10, 98.48, 98.23
98.84, 99.08, 223.29
98.71, 99.95, 348.26
99.62, 223.51, 97.56
99.36, 224.07, 222.51
99.25, 224.81, 347.48
100.18, 348.55, 96.93
99.89, 349.19, 221.91
99.88, 349.76, 346.93
224.00, 97.94, 98.43
223.90, 98.56, 223.49
223.54, 99.22, 348.48
224.64, 223.09, 97.68
224.26, 223.57, 222.64
224.25, 224.18, 347.67
225.14, 348.12, 97.17
225.02, 348.64, 222.05
224.80, 349.40, 347.11
349.08, 97.47, 98.61
348.79, 98.02, 223.78
348.69, 98.71, 348.76
349.63, 222.60, 98.06
349.32, 223.19, 223.05
349.12, 223.57, 347.95
350.23, 347.66, 97.29
350.09, 348.17, 222.45
349.84, 348.70, 347.28
101.45, 101.42, 225.89
100.90, 100.01, 351.05
100.52, 98.94, 476.02
98.42, 226.37, 227.07
98.01, 225.06, 352.13
97.72, 224.07, 477.26
95.45, 351.29, 228.25
95.09, 350.14, 353.44
94.65, 348.81, 478.20
226.37, 104.36, 226.39
226.00, 103.06, 351.60
225.63, 102.00, 476.48
223.53, 229.12, 227.46
222.98, 227.94, 352.48
222.39, 226.87, 477.59
220.54, 354.03, 228.95
220.11, 353.15, 353.75
219.79, 351.61, 478.84
351.29, 107.36, 226.86
350.92, 106.04, 351.95
350.55, 104.83, 476.71
348.41, 232.20, 227.94
348.12, 231.15, 353.01
347.52, 229.73, 477.97
345.41, 357.04, 229.16
344.87, 355.93, 354.12
344.42, 354.66, 479.05
100.09, 101.04, 351.84
103.80, 98.50, 476.88
107.33, 96.03, 601.76
101.73, 226.06, 354.39
105.39, 223.52, 479.44
109.05, 220.89, 604.42
103.52, 350.85, 356.83
106.99, 348.35, 481.72
110.69, 346.07, 606.80
224.97, 99.51, 348.14
228.63, 96.85, 473.10
232.35, 94.37, 598.11
226.74, 224.45, 350.80
230.48, 221.96, 475.68
233.86, 219.31, 600.67
228.24, 349.16, 353.25
232.03, 346.93, 478.07
235.46, 344.11, 603.12
349.95, 97.91, 344.73
353.58, 95.34, 469.57
357.07, 92.77, 594.64
351.54, 222.73, 347.04
355.19, 220.21, 472.22
358.67, 217.54, 596.94
353.51, 347.57, 349.79
356.81, 345.17, 474.45
360.58, 342.67, 599.40
99.86, 99.21, 473.06
103.13, 102.53, 598.07
106.40, 105.89, 722.96
97.43, 223.94, 469.75
100.79, 227.35, 594.69
103.90, 230.83, 719.75
95.10, 349.02, 466.75
98.40, 352.42, 591.31
101.69, 355.69, 716.36
224.83, 101.38, 469.99
228.21, 104.70, 594.89
231.27, 108.21, 719.59
222.64, 226.43, 466.55
225.60, 229.55, 591.45
228.84, 233.02, 716.35
220.22, 351.27, 463.07
223.38, 354.73, 588.29
226.39, 358.06, 713.09
349.85, 103.87, 466.42
353.03, 107.08, 591.31
356.10, 110.47, 716.29
347.34, 228.80, 463.17
350.59, 231.98, 587.97
353.96, 235.38, 713.09
345.22, 353.74, 460.12
348.20, 356.85, 584.90
351.58, 360.28, 709.64
99.61, 99.71, 600.63
101.50, 97.09, 725.58
103.48, 94.46, 850.54
102.40, 224.81, 603.08
104.31, 222.04, 728.14
106.30, 219.28, 853.15
105.26, 349.57, 605.82
107.28, 346.94, 730.77
109.14, 344.46, 855.77
224.38, 97.00, 598.73
226.52, 94.35, 723.61
228.43, 91.65, 848.65
227.31, 221.87, 601.44
229.12, 219.45, 726.40
231.25, 216.68, 851.11
230.17, 346.64, 603.83
232.12, 344.06, 728.69
233.98, 341.38, 853.83
349.47, 94.33, 596.73
351.51, 91.49, 721.61
353.29, 88.90, 846.46
352.43, 219.24, 599.14
354.35, 216.41, 724.05
356.12, 213.82, 849.29
355.29, 344.17, 601.98
357.17, 341.54, 726.92
358.94, 338.68, 851.93
100.31, 225.04, 98.73
100.98, 225.68, 223.75
101.95, 226.27, 348.88
101.31, 350.15, 97.99
101.91, 350.55, 223.02
102.61, 351.61, 348.17
102.12, 474.94, 97.44
102.78, 475.80, 222.32
103.80, 476.37, 347.40
225.26, 224.00, 98.15
226.23, 224.80, 223.16
226.72, 225.47, 348.07
226.14, 349.18, 97.40
227.01, 349.68, 222.26
227.87, 350.27, 347.12
227.21, 474.26, 96.70
228.05, 474.92, 221.43
228.55, 475.30, 346.49
350.27, 223.09, 97.18
351.20, 223.67, 222.37
351.91, 224.69, 347.43
351.37, 348.05, 96.48
351.84, 348.70, 221.56
352.88, 349.66, 346.54
352.08, 473.14, 95.99
352.89, 473.94, 220.88
353.51, 474.51, 345.67
102.08, 226.67, 225.22
101.52, 224.80, 350.24
101.50, 222.49, 474.99
105.76, 351.59, 227.13
105.25, 349.65, 351.89
104.94, 347.59, 477.19
109.29, 476.36, 229.15
109.29, 474.58, 354.11
108.81, 472.62, 479.12
226.75, 222.80, 225.21
226.57, 221.06, 350.31
226.21, 218.91, 475.16
230.69, 347.92, 227.59
230.25, 345.95, 352.44
230.22, 343.97, 477.48
234.33, 472.64, 229.54
234.21, 470.62, 354.49
233.89, 468.88, 479.19
351.79, 219.33, 225.71
351.60, 217.33, 350.44
351.34, 215.02, 475.48
355.41, 344.08, 227.39
355.39, 342.00, 352.65
355.05, 340.00, 477.40
359.32, 469.10, 229.51
358.90, 467.08, 354.63
358.57, 465.04, 479.57
100.01, 226.01, 348.47
98.51, 225.96, 473.66
97.27, 225.88, 598.62
98.52, 351.09, 348.58
97.42, 350.88, 473.57
95.99, 350.75, 598.51
97.38, 475.95, 348.64
95.97, 475.86, 473.81
94.48, 475.98, 598.88
224.79, 227.24, 350.09
223.57, 227.11, 475.04
222.31, 227.28, 600.23
223.49, 352.41, 349.99
222.12, 352.37, 475.06
221.04, 352.37, 600.14
222.47, 477.31, 350.28
220.98, 477.27, 475.09
219.38, 477.12, 600.11
350.22, 228.79, 351.62
348.47, 228.55, 476.53
347.39, 228.67, 601.47
348.62, 353.88, 351.53
347.21, 353.65, 476.45
346.00, 353.51, 601.43
347.31, 478.63, 351.41
345.92, 478.86, 476.42
344.61, 478.58, 601.41
99.61, 223.87, 474.17
97.28, 222.62, 599.23
95.14, 221.34, 724.23
101.24, 348.92, 475.34
98.96, 347.39, 600.60
96.58, 346.35, 725.40
102.79, 473.67, 476.68
100.44, 472.35, 601.44
98.16, 471.52, 726.56
224.57, 221.97, 476.59
222.16, 220.96, 601.32
220.07, 219.75, 726.45
226.25, 347.08, 477.87
223.97, 345.86, 602.70
221.68, 344.84, 727.77
227.90, 472.16, 478.90
225.41, 470.94, 603.85
223.44, 469.59, 728.87
349.59, 220.45, 478.79
347.11, 219.14, 603.74
344.94, 218.04, 728.55
351.03, 345.23, 479.78
348.67, 344.21, 604.88
346.69, 342.98, 729.91
352.83, 470.38, 480.97
350.40, 469.22, 606.01
348.34, 468.25, 731.06
98.69, 224.49, 598.93
98.67, 223.13, 723.81
98.41, 221.76, 848.85
95.49, 349.49, 600.43
95.41, 348.11, 725.29
95.37, 346.45, 850.19
92.59, 474.50, 601.63
92.40, 472.79, 726.69
92.12, 471.61, 851.67
223.56, 227.70, 599.00
223.71, 226.09, 724.12
223.37, 224.55, 849.18
220.48, 352.65, 600.44
220.64, 351.28, 725.39
220.47, 349.76, 850.38
217.51, 477.33, 601.89
217.17, 476.13, 726.71
217.27, 474.70, 851.99
348.60, 230.64, 599.21
348.46, 229.27, 724.28
348.29, 227.71, 849.37
345.54, 355.79, 600.54
345.53, 354.32, 725.47
345.21, 352.72, 850.53
342.63, 480.63, 602.30
342.34, 479.13, 726.94
342.31, 477.83, 852.09
101.37, 348.75, 98.53
99.10, 345.31, 223.49
96.54, 341.57, 348.25
98.64, 473.73, 102.16
96.42, 470.22, 227.03
93.88, 466.46, 351.84
95.94, 598.76, 105.69
93.37, 595.03, 230.73
91.16, 591.35, 355.72
226.50, 351.59, 100.87
223.82, 348.05, 225.91
221.55, 344.16, 350.96
223.59, 476.58, 104.80
221.38, 472.79, 229.51
218.88, 469.07, 354.46
221.04, 601.42, 108.28
218.58, 597.69, 233.01
215.84, 594.04, 358.14
351.44, 354.17, 103.46
349.12, 350.84, 228.52
346.34, 347.07, 353.37
348.42, 479.19, 106.95
346.31, 475.41, 232.04
343.85, 471.75, 357.02
345.72, 604.08, 110.82
343.28, 600.44, 235.76
340.95, 596.73, 360.56
101.02, 348.88, 225.21
100.34, 345.55, 350.27
99.78, 342.32, 475.07
98.89, 473.94, 228.57
97.98, 470.50, 353.56
97.41, 467.31, 478.26
96.62, 598.88, 231.64
95.80, 595.40, 356.44
95.23, 592.21, 481.44
225.75, 350.86, 225.91
225.09, 347.99, 351.00
224.53, 344.64, 476.03
223.82, 475.95, 229.15
223.00, 472.69, 354.05
222.54, 469.59, 479.14
221.43, 601.09, 232.24
220.96, 597.71, 357.41
220.31, 594.52, 482.25
350.74, 353.27, 226.65
350.14, 350.06, 351.54
349.60, 346.90, 476.60
348.60, 478.23, 229.66
348.26, 474.84, 355.00
347.27, 471.57, 479.87
346.45, 602.92, 233.27
345.74, 599.68, 358.12
345.38, 596.60, 483.02
98.24, 351.87, 351.96
95.91, 349.68, 476.97
93.96, 347.71, 601.90
97.55, 476.87, 354.26
95.24, 474.91, 479.18
93.13, 472.40, 604.13
96.94, 602.15, 356.43
94.78, 599.78, 481.42
92.61, 597.44, 606.28
223.20, 352.43, 354.06
220.79, 350.38, 479.06
218.65, 348.00, 603.87
222.36, 477.40, 356.32
220.42, 475.09, 481.38
218.27, 473.05, 606.37
221.83, 602.32, 358.65
219.61, 600.12, 483.52
217.63, 598.14, 608.26
347.91, 353.22, 356.24
345.87, 350.88, 481.13
343.90, 348.74, 606.11
347.32, 477.93, 358.51
345.14, 475.88, 483.30
343.03, 473.72, 608.47
346.96, 603.21, 360.61
344.66, 600.85, 485.79
342.60, 598.58, 610.68
99.13, 351.29, 476.42
98.39, 347.96, 601.20
97.89, 345.05, 726.26
96.53, 476.23, 479.24
96.02, 472.95, 604.47
95.33, 470.14, 729.16
94.24, 600.92, 482.24
93.46, 597.90, 607.21
92.52, 595.05, 732.14
223.93, 353.54, 477.30
223.44, 350.51, 602.09
222.66, 347.75, 727.14
221.33, 478.43, 480.07
221.08, 475.59, 605.11
220.11, 472.48, 730.10
219.00, 603.37, 482.97
218.34, 600.62, 608.23
217.70, 597.50, 732.94
349.00, 356.10, 477.96
348.31, 353.06, 602.92
347.65, 350.07, 727.66
346.71, 481.18, 480.99
345.74, 478.18, 605.86
345.12, 475.01, 730.95
344.01, 605.89, 484.00
343.26, 603.15, 608.76
342.75, 600.12, 733.89
98.62, 349.35, 601.12
96.06, 350.37, 726.15
93.66, 351.22, 851.11
98.32, 474.36, 600.03
95.73, 475.29, 725.15
93.31, 476.21, 850.07
97.61, 599.21, 599.30
95.05, 600.41, 724.12
92.70, 601.14, 849.11
223.54, 349.86, 603.56
220.92, 350.59, 728.46
218.76, 351.59, 853.61
223.04, 474.63, 602.51
220.73, 475.72, 727.61
218.10, 476.80, 852.41
222.49, 599.95, 601.61
220.05, 600.79, 726.55
217.55, 601.83, 851.46
348.65, 350.36, 606.14
346.15, 351.10, 731.15
343.51, 352.36, 856.12
348.10, 475.19, 605.10
345.77, 476.18, 730.21
343.08, 477.19, 854.89
347.49, 600.44, 604.13
344.96, 601.12, 729.06
342.68, 602.18, 853.93
99.50, 474.34, 99.91
99.66, 470.39, 224.88
99.83, 467.21, 349.78
100.42, 598.97, 103.47
100.85, 595.66, 228.43
100.78, 591.96, 353.55
101.79, 724.05, 107.03
102.00, 720.34, 232.01
102.13, 716.78, 356.92
224.36, 472.84, 99.57
224.44, 469.29, 224.68
224.75, 466.04, 349.71
225.67, 597.96, 103.10
225.61, 594.24, 228.38
226.01, 591.00, 353.09
226.74, 722.84, 106.83
226.86, 719.29, 231.82
227.09, 715.64, 356.71
349.25, 471.72, 99.53
349.42, 468.22, 224.31
349.84, 464.78, 349.27
350.63, 596.82, 103.01
350.64, 593.36, 227.99
350.88, 589.43, 352.85
351.62, 721.71, 106.60
351.86, 718.10, 231.32
352.31, 714.78, 356.23
99.94, 473.71, 224.53
100.30, 475.38, 349.50
100.69, 476.65, 474.52
103.28, 598.45, 222.82
103.68, 600.13, 347.79
103.82, 601.79, 473.11
106.30, 723.56, 221.46
106.72, 725.12, 346.29
107.18, 726.86, 471.21
225.00, 470.27, 224.24
225.48, 472.10, 349.25
225.72, 473.80, 474.44
228.27, 595.35, 222.62
228.53, 596.84, 347.59
228.82, 598.77, 472.76
231.40, 720.57, 220.94
231.85, 721.98, 346.02
232.01, 723.50, 471.08
350.11, 467.42, 224.15
350.30, 468.77, 349.02
350.63, 470.67, 473.93
353.28, 592.14, 222.40
353.60, 593.89, 347.31
353.87, 595.28, 472.16
356.40, 717.23, 220.89
356.50, 718.80, 345.94
357.03, 720.44, 470.80
100.96, 476.95, 349.58
104.25, 477.47, 474.47
107.05, 478.40, 599.61
100.76, 601.81, 348.88
103.32, 602.47, 474.05
106.46, 603.20, 598.82
100.26, 726.99, 348.36
103.14, 727.64, 473.23
105.99, 728.35, 598.26
226.03, 477.63, 346.69
229.11, 478.07, 471.60
231.67, 478.55, 596.76
225.40, 602.35, 345.98
228.42, 603.17, 471.12
231.40, 603.79, 596.16
225.24, 727.42, 345.33
227.97, 728.13, 470.46
230.94, 728.68, 595.33
351.03, 477.91, 343.73
353.95, 478.65, 468.83
356.84, 479.15, 593.91
350.49, 602.96, 343.09
353.41, 603.73, 468.02
356.28, 604.10, 593.27
350.21, 727.84, 342.62
352.89, 728.63, 467.40
355.82, 729.21, 592.44
98.56, 475.01, 475.60
96.05, 478.62, 600.32
93.71, 482.07, 725.53
101.61, 600.10, 472.06
99.02, 603.66, 596.84
96.62, 606.99, 721.83
104.33, 724.75, 468.65
101.91, 728.22, 593.36
99.34, 732.02, 718.38
223.62, 472.31, 478.25
221.03, 475.71, 602.91
218.80, 479.45, 728.11
226.25, 597.02, 474.41
223.86, 600.85, 599.55
221.44, 604.31, 724.53
229.23, 721.93, 471.19
226.80, 725.79, 595.90
224.37, 729.24, 720.73
348.41, 469.61, 480.82
346.17, 473.13, 605.42
343.45, 476.68, 730.39
351.26, 594.50, 477.04
349.07, 598.00, 602.07
346.43, 601.50, 727.06
354.13, 719.24, 473.59
351.67, 722.95, 598.44
349.22, 726.53, 723.44
101.54, 474.25, 601.88
105.25, 470.66, 726.69
109.00, 466.85, 851.69
99.36, 599.15, 605.73
103.27, 595.44, 730.59
106.90, 591.91, 855.30
97.51, 724.28, 609.36
101.01, 720.44, 734.33
104.66, 716.80, 859.22
226.80, 476.53, 598.22
230.21, 473.05, 723.19
233.96, 469.39, 847.99
224.47, 601.67, 601.88
228.02, 597.84, 726.98
231.81, 594.12, 851.98
222.44, 726.28, 605.79
226.12, 722.70, 730.62
229.72, 719.16, 855.37
351.69, 478.77, 594.84
355.19, 475.04, 719.48
358.76, 471.48, 844.44
349.50, 603.79, 598.34
353.27, 600.03, 723.20
356.83, 596.31, 848.36
347.11, 728.75, 602.38
351.02, 724.82, 727.10
354.65, 721.24, 851.80
101.55, 599.53, 101.29
102.13, 598.41, 226.11
102.53, 597.19, 351.16
102.32, 724.41, 102.37
103.12, 723.42, 227.23
103.40, 722.11, 352.32
103.25, 849.42, 103.54
103.86, 848.23, 228.50
104.39, 846.98, 353.39
226.36, 598.55, 100.39
227.01, 597.28, 225.46
227.62, 596.30, 350.47
227.30, 723.58, 101.81
227.94, 722.47, 226.59
228.46, 721.05, 351.70
228.26, 848.54, 102.90
228.78, 847.41, 227.95
229.66, 846.04, 352.78
351.39, 597.63, 99.78
352.12, 596.40, 224.94
352.78, 595.10, 350.08
352.15, 722.63, 101.09
353.08, 721.57, 226.15
353.55, 720.46, 350.95
353.37, 847.75, 102.23
353.83, 846.55, 227.13
354.62, 845.49, 352.33
100.59, 598.58, 224.87
101.54, 601.42, 349.58
102.78, 603.88, 474.47
98.57, 723.67, 222.22
99.83, 726.32, 347.24
100.93, 728.88, 472.11
96.87, 848.69, 219.72
98.02, 851.28, 344.70
98.97, 853.74, 469.75
225.59, 600.56, 223.61
226.77, 602.98, 348.62
227.71, 605.63, 473.41
223.80, 725.51, 220.88
224.68, 728.28, 346.11
225.78, 730.69, 471.07
221.70, 850.34, 218.69
222.85, 853.08, 343.60
224.07, 855.65, 468.41
350.50, 602.33, 222.44
351.76, 605.05, 347.35
352.51, 607.61, 472.29
348.69, 727.22, 219.92
349.78, 729.78, 345.07
350.88, 732.59, 469.97
347.01, 852.34, 217.51
348.02, 854.81, 342.42
348.96, 857.38, 467.30
101.06, 598.74, 351.88
97.93, 601.98, 476.77
95.02, 605.09, 601.59
103.81, 723.69, 348.63
100.62, 726.76, 473.61
97.73, 729.92, 598.54
106.50, 848.57, 345.74
103.66, 851.72, 470.56
100.55, 854.83, 595.45
225.81, 596.17, 354.62
223.06, 599.11, 479.52
219.93, 602.32, 604.50
228.74, 721.18, 351.48
225.77, 724.10, 476.57
222.61, 727.16, 601.46
231.49, 845.92, 348.83
228.50, 849.14, 473.72
225.57, 852.20, 598.64
350.93, 593.42, 357.80
347.92, 596.29, 482.56
344.98, 599.33, 607.55
353.55, 718.03, 354.60
350.79, 721.53, 479.84
347.53, 724.46, 604.66
356.34, 843.32, 351.62
353.42, 846.09, 476.53
350.29, 849.52, 601.67
101.90, 600.45, 476.32
102.81, 602.73, 601.52
104.13, 604.69, 726.50
98.74, 725.40, 474.44
99.86, 727.67, 599.41
101.20, 729.78, 724.37
95.81, 850.44, 472.18
96.90, 852.55, 597.29
98.00, 854.72, 722.23
226.81, 603.62, 475.18
227.84, 605.57, 600.52
229.09, 607.71, 725.25
223.77, 728.42, 473.20
225.10, 730.78, 598.14
225.78, 732.93, 723.14
220.64, 853.45, 471.24
221.79, 855.49, 596.22
222.90, 857.77, 721.15
351.65, 606.78, 474.39
352.82, 608.76, 599.15
353.87, 611.10, 724.36
348.61, 731.42, 472.23
350.01, 733.70, 597.10
351.08, 736.02, 722.01
345.79, 856.45, 470.19
346.80, 858.61, 595.00
347.81, 860.98, 720.06
100.64, 598.04, 601.28
103.13, 595.40, 726.29
105.60, 592.42, 851.27
102.74, 722.95, 604.02
105.35, 720.23, 728.84
108.07, 717.38, 853.86
105.26, 848.02, 606.80
107.76, 845.16, 731.76
110.38, 842.31, 856.69
225.40, 595.65, 598.73
228.03, 592.90, 723.42
230.62, 589.93, 848.54
227.73, 720.70, 601.53
230.54, 717.99, 726.20
233.02, 714.94, 851.45
230.13, 845.65, 604.24
232.76, 842.94, 729.22
235.41, 840.05, 854.07
350.34, 593.53, 595.89
352.94, 590.59, 720.97
355.43, 587.75, 846.02
352.69, 718.57, 598.75
355.39, 715.54, 723.63
357.70, 712.78, 848.69
355.18, 843.44, 601.61
357.76, 840.60, 726.59
360.18, 837.70, 851.51
225.13, 98.10, 100.37
221.67, 101.00, 225.29
218.57, 103.91, 349.99
226.44, 222.86, 97.42
223.19, 226.12, 222.55
219.86, 228.94, 347.51
227.95, 347.92, 94.49
224.72, 350.94, 219.45
221.29, 353.73, 344.48
349.99, 96.73, 103.69
346.70, 99.73, 228.70
343.40, 102.64, 353.57
351.38, 221.65, 100.84
348.01, 224.48, 225.65
344.67, 227.58, 350.60
352.64, 346.68, 97.96
349.55, 349.44, 222.77
346.34, 352.37, 347.61
474.96, 95.51, 107.01
471.47, 98.41, 231.99
468.35, 101.23, 356.74
476.24, 220.38, 104.14
473.12, 223.46, 229.10
469.84, 226.08, 353.99
477.64, 345.20, 101.05
474.59, 348.37, 226.11
471.34, 351.00, 350.92
224.19, 100.26, 224.42
226.15, 97.04, 349.44
228.05, 93.41, 474.27
221.68, 225.07, 227.71
223.58, 221.66, 352.86
225.38, 218.54, 477.72
218.96, 350.35, 231.25
221.01, 346.62, 356.46
222.79, 343.35, 481.35
349.22, 102.83, 222.61
350.99, 99.65, 347.52
352.90, 96.20, 472.47
346.45, 227.86, 226.24
348.32, 224.25, 350.90
350.23, 221.21, 476.11
344.15, 352.79, 229.73
345.65, 349.40, 354.55
347.83, 346.01, 479.25
473.91, 105.54, 220.91
476.02, 102.12, 345.87
477.73, 98.87, 470.68
471.35, 230.37, 224.28
473.56, 227.18, 349.33
475.18, 223.80, 474.13
469.05, 355.39, 227.71
470.79, 351.86, 352.86
472.73, 348.72, 477.50
224.85, 100.82, 349.39
224.92, 100.07, 474.38
224.93, 99.02, 599.12
228.38, 225.86, 350.22
228.21, 224.97, 475.30
228.34, 224.16, 600.02
231.76, 350.78, 350.99
231.64, 349.92, 475.95
231.69, 349.17, 601.22
349.80, 97.52, 349.27
349.90, 96.69, 474.21
349.96, 95.90, 599.19
353.34, 222.70, 350.18
353.21, 221.85, 475.26
353.38, 220.71, 600.17
356.57, 347.70, 351.06
356.38, 346.66, 476.15
356.60, 345.59, 600.83
475.01, 94.51, 349.10
474.80, 93.37, 474.29
474.99, 92.58, 599.13
478.23, 219.44, 350.01
478.09, 218.44, 475.15
478.09, 217.47, 600.08
481.46, 344.10, 351.05
481.37, 343.54, 476.23
481.51, 342.35, 601.14
224.31, 98.51, 474.82
222.52, 101.16, 599.99
220.61, 103.50, 724.91
223.31, 223.57, 472.40
221.53, 226.14, 597.16
219.42, 228.41, 722.17
222.44, 348.27, 469.65
220.35, 351.07, 594.87
218.22, 353.70, 719.77
349.36, 99.71, 476.78
347.41, 102.26, 601.84
345.52, 104.88, 726.88
348.50, 224.65, 474.39
346.18, 227.28, 599.42
344.51, 229.54, 724.10
347.22, 349.34, 471.57
345.48, 352.19, 596.72
343.49, 354.54, 721.44
474.53, 100.70, 478.69
472.63, 103.10, 603.90
470.61, 105.64, 728.70
473.50, 225.76, 476.13
471.31, 228.24, 601.24
469.46, 230.74, 726.40
472.25, 350.54, 473.77
470.48, 353.29, 598.84
468.41, 355.93, 723.67
224.62, 99.29, 600.16
222.44, 96.37, 725.12
220.29, 93.55, 849.99
221.97, 224.09, 602.93
219.80, 221.40, 727.85
217.51, 218.51, 852.84
219.21, 348.99, 605.66
216.91, 346.12, 730.88
214.60, 343.46, 855.69
349.83, 101.82, 602.56
347.52, 99.14, 727.40
345.43, 96.27, 852.45
346.97, 226.80, 605.33
344.71, 223.95, 730.21
342.38, 221.19, 855.09
344.07, 351.85, 608.11
341.71, 349.02, 733.12
339.66, 346.28, 857.80
474.50, 104.78, 604.87
472.22, 102.02, 729.83
470.22, 99.28, 854.66
471.97, 229.87, 607.40
469.71, 226.96, 732.33
467.39, 224.15, 857.46
468.81, 354.72, 610.43
466.84, 351.93, 735.04
464.53, 349.01, 860.23
226.95, 227.12, 101.94
223.23, 230.59, 226.97
219.68, 233.93, 351.62
230.25, 351.95, 98.70
226.58, 355.56, 223.34
222.98, 358.93, 348.25
233.48, 476.76, 95.30
229.84, 480.27, 220.01
226.29, 483.62, 344.99
351.81, 223.85, 105.63
348.10, 227.32, 230.70
344.57, 230.75, 355.38
355.30, 348.68, 102.25
351.68, 352.26, 227.23
348.02, 355.65, 352.29
358.53, 473.73, 99.00
354.71, 477.05, 223.92
350.91, 480.73, 348.85
476.72, 220.67, 109.22
473.25, 224.19, 234.11
469.49, 227.59, 359.16
480.00, 345.71, 106.14
476.37, 348.93, 231.05
472.83, 352.74, 355.83
483.33, 470.58, 102.64
479.66, 473.96, 227.43
475.84, 477.59, 352.24
224.76, 225.23, 224.13
226.52, 221.52, 348.88
227.97, 217.79, 473.85
226.67, 349.88, 227.52
228.11, 346.42, 352.41
230.01, 342.68, 477.55
228.18, 475.14, 231.32
229.83, 471.47, 356.05
231.48, 467.65, 481.15
349.87, 223.35, 222.21
351.37, 219.61, 347.27
352.94, 216.04, 472.25
351.57, 348.56, 225.76
353.03, 344.86, 350.99
354.93, 340.92, 475.74
353.13, 473.16, 229.73
354.74, 469.60, 354.68
356.73, 465.85, 479.44
474.71, 221.60, 220.66
476.46, 218.13, 345.43
477.96, 214.43, 470.49
476.38, 346.68, 224.13
478.28, 342.90, 349.17
479.75, 339.38, 473.96
478.18, 471.49, 228.06
480.02, 468.00, 352.83
481.73, 464.11, 477.57
226.05, 223.76, 348.62
224.93, 221.57, 473.54
223.95, 219.02, 598.59
229.17, 348.37, 350.91
227.92, 346.42, 475.67
226.92, 344.13, 600.99
231.95, 473.43, 353.17
230.77, 471.42, 478.04
229.75, 469.25, 603.05
350.93, 220.56, 349.68
350.08, 218.46, 474.41
348.88, 216.44, 599.71
354.13, 345.71, 351.86
353.01, 343.53, 476.71
352.07, 341.07, 601.73
357.11, 470.42, 354.10
355.88, 468.19, 478.97
354.92, 466.21, 604.02
476.00, 217.45, 350.80
474.83, 215.50, 475.49
473.99, 213.28, 600.64
478.79, 342.34, 352.94
477.80, 340.37, 477.77
476.98, 338.36, 602.59
481.76, 467.46, 355.11
480.96, 465.34, 479.98
479.91, 462.99, 605.07
223.75, 225.14, 476.70
226.23, 222.72, 601.39
228.48, 219.80, 726.50
224.18, 350.21, 479.45
226.96, 347.61, 604.31
229.47, 344.88, 729.28
225.17, 475.19, 482.14
227.82, 472.44, 606.93
230.24, 469.89, 731.85
348.75, 224.58, 474.00
351.25, 222.03, 599.14
353.54, 219.30, 723.94
349.31, 349.71, 476.79
351.77, 346.92, 601.74
354.39, 344.33, 726.73
350.25, 474.48, 479.47
352.43, 471.80, 604.25
355.25, 469.22, 729.44
473.61, 223.83, 471.57
476.10, 221.14, 596.36
478.62, 218.34, 721.59
474.37, 348.98, 474.10
476.92, 346.40, 599.26
479.38, 343.36, 723.96
475.14, 473.75, 476.71
477.74, 471.04, 601.70
480.08, 468.48, 726.92
226.77, 223.57, 600.42
229.68, 227.29, 725.15
232.66, 230.70, 850.00
229.14, 348.60, 596.44
232.37, 351.84, 721.45
235.09, 355.58, 846.46
231.77, 473.40, 592.82
234.80, 476.96, 718.02
237.85, 480.45, 842.79
351.32, 220.89, 597.36
354.64, 224.49, 722.20
357.67, 228.06, 846.97
354.08, 345.68, 593.56
356.99, 349.44, 718.65
360.23, 352.80, 843.62
356.45, 470.55, 589.97
359.81, 474.14, 714.83
362.77, 477.88, 839.81
476.61, 218.32, 594.31
479.62, 221.73, 719.03
482.54, 225.20, 844.16
478.94, 343.17, 590.79
482.07, 346.50, 715.58
484.97, 350.20, 840.54
481.47, 467.95, 586.91
484.57, 471.44, 712.03
487.78, 475.19, 836.93
225.90, 350.08, 99.12
229.35, 353.46, 223.98
232.95, 357.07, 349.12
228.42, 475.24, 95.48
232.03, 478.70, 220.49
235.43, 482.05, 345.59
231.08, 600.02, 92.26
234.50, 603.47, 217.33
238.10, 607.06, 341.84
350.73, 347.53, 95.73
354.25, 350.92, 220.64
357.66, 354.42, 345.61
353.57, 472.45, 92.22
357.00, 476.08, 217.35
360.49, 479.41, 342.14
356.12, 597.60, 88.78
359.38, 601.02, 213.67
362.96, 604.37, 338.69
475.77, 345.01, 92.21
479.40, 348.51, 217.23
482.65, 351.91, 342.15
478.29, 469.97, 88.89
481.99, 473.18, 213.90
485.46, 476.79, 338.81
480.93, 594.73, 85.39
484.26, 598.25, 210.17
488.03, 601.76, 335.43
226.74, 350.35, 223.92
228.75, 348.43, 348.63
230.91, 346.72, 473.57
230.34, 475.17, 225.68
232.08, 473.24, 350.50
234.28, 471.45, 475.31
233.43, 600.08, 227.33
235.56, 598.36, 352.25
237.46, 596.39, 477.30
351.69, 346.73, 221.77
353.89, 345.17, 346.63
355.78, 343.21, 471.73
355.12, 471.61, 223.59
357.16, 469.96, 348.32
359.17, 468.23, 473.45
358.60, 596.77, 225.04
360.65, 594.90, 350.20
362.51, 593.08, 474.97
476.65, 343.62, 219.60
478.95, 341.73, 344.53
480.60, 340.04, 469.67
480.14, 468.58, 221.37
482.16, 466.83, 346.27
484.03, 464.86, 471.47
483.36, 593.40, 222.95
485.42, 591.70, 348.11
487.26, 589.91, 473.19
222.96, 349.82, 351.02
222.71, 346.14, 475.69
222.61, 342.69, 600.93
220.69, 474.70, 354.51
220.42, 471.00, 479.36
220.22, 467.68, 604.35
218.44, 599.43, 357.90
218.18, 596.08, 483.03
218.25, 592.25, 607.83
348.04, 352.02, 351.02
348.04, 348.44, 476.15
347.56, 345.02, 600.83
345.66, 476.94, 354.61
345.65, 473.22, 479.75
345.45, 469.94, 604.75
343.40, 601.84, 358.26
343.27, 598.15, 483.10
342.97, 594.73, 608.15
473.13, 354.36, 351.60
472.76, 350.62, 476.28
472.55, 347.01, 601.48
470.62, 479.22, 354.84
470.64, 475.67, 480.09
470.24, 472.26, 604.76
468.24, 604.07, 358.64
468.19, 600.53, 483.47
467.84, 597.16, 608.55
224.26, 349.22, 475.21
227.73, 345.39, 599.95
231.14, 342.19, 724.81
221.76, 474.10, 478.90
225.05, 470.64, 603.80
228.38, 467.06, 728.44
218.73, 598.77, 482.50
222.13, 595.32, 607.38
225.45, 591.84, 732.11
349.44, 351.98, 471.94
352.56, 348.51, 596.83
356.03, 344.74, 721.83
346.43, 477.04, 475.68
350.00, 473.25, 600.37
353.29, 469.96, 725.17
343.71, 601.58, 479.24
347.30, 598.12, 604.17
350.39, 594.60, 728.93
474.26, 354.80, 468.78
477.55, 351.18, 593.74
480.90, 347.88, 718.58
471.56, 479.48, 472.12
474.89, 476.32, 597.02
478.26, 472.47, 721.87
468.85, 604.46, 475.94
472.24, 601.07, 600.57
475.67, 597.63, 725.55
224.42, 351.26, 599.89
223.65, 348.32, 724.98
222.73, 345.80, 849.84
224.55, 476.21, 602.56
223.93, 473.33, 727.81
223.17, 470.53, 852.67
224.88, 601.02, 605.47
224.34, 598.39, 730.48
223.49, 595.59, 855.39
349.57, 350.74, 600.83
348.50, 348.05, 725.63
347.84, 345.50, 850.74
349.76, 475.75, 603.52
348.85, 472.97, 728.46
348.19, 470.32, 853.37
349.91, 600.71, 606.20
349.23, 598.00, 731.32
348.40, 595.35, 856.17
474.45, 350.64, 601.64
473.77, 347.86, 726.69
472.72, 345.26, 851.43
474.68, 475.62, 604.29
473.70, 472.77, 729.49
472.98, 470.23, 854.27
474.93, 600.59, 607.06
474.21, 597.69, 732.11
473.27, 594.98, 857.02
223.48, 474.19, 100.89
220.16, 475.75, 225.84
216.73, 477.49, 350.60
220.22, 599.18, 99.31
216.98, 600.94, 224.34
213.76, 602.42, 349.24
216.88, 724.27, 97.53
213.76, 725.78, 222.64
210.41, 727.13, 347.37
348.46, 477.65, 104.02
345.07, 479.34, 228.92
341.88, 480.90, 353.85
345.05, 602.45, 102.32
341.74, 604.31, 227.40
338.67, 605.68, 352.35
341.91, 727.42, 100.83
338.65, 729.19, 225.61
335.14, 730.56, 350.64
473.21, 481.04, 107.35
470.09, 482.32, 232.23
466.76, 484.02, 357.10
469.87, 605.99, 105.60
466.71, 607.23, 230.49
463.51, 609.13, 355.39
466.62, 730.98, 104.16
463.37, 732.24, 229.06
460.17, 733.91, 354.00
225.59, 475.36, 223.80
224.25, 474.79, 348.56
223.10, 474.38, 473.62
224.74, 600.13, 224.15
223.27, 599.85, 349.25
222.16, 599.42, 474.30
223.62, 725.10, 224.73
222.22, 724.69, 349.67
221.20, 724.09, 474.47
350.40, 476.08, 225.18
349.45, 475.83, 350.06
348.03, 475.45, 474.91
349.75, 601.24, 225.48
348.12, 600.86, 350.38
347.18, 600.33, 475.63
348.49, 726.35, 225.88
347.11, 725.74, 350.77
345.97, 725.36, 476.15
475.41, 477.15, 226.19
474.24, 476.88, 351.38
473.08, 476.48, 476.40
474.58, 602.04, 226.69
473.16, 601.73, 351.93
472.17, 601.36, 476.89
473.70, 727.22, 227.45
472.35, 726.72, 352.38
471.09, 726.23, 477.05
225.93, 475.78, 347.97
226.18, 475.31, 472.89
227.00, 474.77, 598.02
226.56, 600.50, 348.45
227.27, 600.45, 473.46
227.89, 599.84, 598.43
227.11, 725.64, 348.90
227.73, 725.17, 473.91
228.58, 725.03, 598.90
350.80, 474.93, 347.52
351.39, 474.42, 472.45
351.96, 474.33, 597.48
351.42, 599.93, 347.89
352.25, 599.45, 472.96
352.67, 599.06, 597.81
352.34, 724.89, 348.05
352.69, 724.41, 473.09
353.34, 724.05, 598.21
475.76, 474.43, 347.06
476.36, 473.85, 472.08
477.06, 473.30, 596.77
476.72, 599.21, 347.29
477.14, 598.73, 472.29
477.75, 598.33, 597.12
477.29, 724.23, 347.61
477.67, 723.76, 472.69
478.43, 723.65, 597.51
223.72, 476.10, 475.23
225.86, 473.79, 600.37
228.16, 471.26, 725.32
226.96, 601.32, 477.59
229.39, 598.64, 602.67
231.26, 596.36, 727.65
230.25, 726.13, 480.06
232.32, 723.62, 605.03
234.60, 721.17, 730.14
348.57, 473.17, 473.23
351.03, 470.73, 597.91
353.21, 468.36, 722.89
352.02, 597.94, 475.36
354.21, 595.76, 600.32
356.34, 593.21, 725.31
355.26, 723.01, 478.03
357.45, 720.35, 602.96
359.64, 718.18, 727.85
473.64, 469.92, 470.89
475.67, 467.32, 595.86
477.92, 465.24, 720.84
476.67, 594.84, 473.34
478.91, 592.57, 598.26
481.21, 590.18, 723.03
479.93, 719.82, 475.48
482.34, 717.27, 600.44
484.29, 714.79, 725.41
223.77, 475.98, 600.07
225.67, 478.93, 725.10
227.91, 481.97, 850.12
225.87, 600.61, 596.74
228.05, 603.76, 721.67
230.29, 607.17, 846.74
228.11, 725.59, 593.68
230.49, 728.89, 718.65
232.78, 731.99, 843.47
348.44, 473.29, 597.92
350.77, 476.38, 722.93
352.92, 479.65, 847.64
350.71, 598.46, 594.67
353.02, 601.72, 719.44
355.43, 604.82, 844.51
353.26, 723.26, 591.50
355.38, 726.35, 716.24
357.71, 729.61, 841.26
473.51, 471.03, 595.57
475.86, 474.40, 720.75
478.12, 477.39, 845.43
475.74, 595.80, 592.54
477.98, 599.07, 717.37
480.42, 602.28, 842.37
478.24, 720.94, 589.35
480.31, 724.24, 714.34
482.51, 727.31, 839.00
223.42, 598.19, 101.48
220.58, 598.06, 226.16
218.05, 597.80, 351.41
222.18, 722.91, 101.39
219.32, 722.74, 226.44
216.46, 722.94, 351.50
220.76, 848.03, 101.54
218.06, 847.95, 226.33
215.00, 847.81, 351.45
348.53, 599.36, 104.28
345.86, 599.38, 229.02
342.77, 599.29, 354.28
347.20, 724.31, 104.24
344.31, 724.36, 229.11
341.39, 724.08, 354.34
345.61, 849.36, 104.38
342.75, 849.08, 229.20
340.08, 849.04, 354.23
473.65, 600.80, 106.94
470.87, 600.78, 231.82
467.77, 600.58, 356.97
472.04, 726.01, 106.94
469.22, 725.73, 231.99
466.55, 725.55, 356.82
470.77, 851.01, 107.08
468.00, 850.64, 232.03
464.93, 850.59, 357.21
223.60, 599.36, 224.56
225.18, 600.93, 349.60
226.99, 602.45, 474.60
225.84, 724.27, 223.11
227.73, 725.98, 348.13
229.25, 727.77, 473.16
228.52, 849.43, 221.38
230.11, 850.95, 346.47
231.68, 852.53, 471.21
348.55, 596.97, 223.09
350.28, 598.57, 348.21
351.87, 600.10, 473.10
350.86, 721.96, 221.59
352.68, 723.40, 346.53
354.34, 725.21, 471.35
353.44, 846.74, 219.95
355.03, 848.41, 344.60
356.63, 850.26, 469.76
473.31, 594.43, 221.50
475.12, 596.15, 346.49
476.71, 597.84, 471.21
475.82, 719.52, 219.66
477.71, 721.11, 344.60
479.41, 722.58, 469.64
478.34, 844.43, 218.15
480.04, 846.12, 343.08
481.91, 847.69, 468.08
226.74, 601.89, 349.90
226.38, 604.30, 474.85
226.08, 606.72, 599.85
227.36, 726.91, 347.48
227.19, 729.11, 472.37
226.95, 731.69, 597.43
228.23, 851.77, 344.77
228.01, 854.12, 469.91
227.63, 856.75, 594.73
351.52, 600.91, 350.23
351.21, 603.44, 475.19
350.86, 606.03, 599.79
352.50, 726.04, 347.67
352.21, 728.54, 472.73
351.75, 731.01, 597.50
353.20, 851.04, 345.38
352.91, 853.58, 470.07
352.73, 855.99, 595.34
476.75, 600.09, 350.43
476.21, 602.52, 475.15
476.01, 605.21, 600.23
477.17, 725.24, 348.04
477.15, 727.59, 472.96
476.84, 729.98, 597.69
478.23, 850.29, 345.54
478.04, 852.71, 470.54
477.55, 855.06, 595.51
226.35, 600.43, 473.63
224.62, 601.30, 598.40
223.01, 602.12, 723.73
224.25, 725.57, 472.52
222.56, 726.28, 597.64
220.90, 726.88, 722.80
222.43, 850.37, 471.92
220.86, 851.04, 596.91
219.08, 851.96, 721.84
351.31, 602.47, 475.13
349.59, 602.94, 600.24
347.94, 604.00, 725.20
349.28, 727.43, 474.30
347.70, 728.19, 599.22
345.85, 728.99, 724.41
347.26, 852.30, 473.43
345.75, 852.99, 598.67
344.12, 853.86, 723.39
476.27, 604.25, 476.71
474.61, 605.27, 601.70
472.92, 606.07, 726.63
474.34, 729.23, 476.06
472.58, 730.33, 601.01
471.03, 730.65, 725.88
472.26, 854.19, 475.14
470.64, 855.00, 600.17
469.14, 855.90, 725.05
226.20, 598.27, 600.84
225.08, 596.72, 725.58
223.68, 594.83, 850.54
225.70, 723.15, 602.52
224.37, 721.44, 727.65
222.89, 719.76, 852.52
225.25, 848.30, 604.04
223.99, 846.41, 729.03
222.51, 844.76, 854.10
351.47, 598.71, 602.14
349.96, 596.93, 727.12
348.41, 595.47, 851.99
350.72, 723.84, 603.62
349.40, 722.08, 728.80
348.16, 720.19, 853.65
350.38, 848.57, 605.44
348.82, 846.94, 730.59
347.70, 845.10, 855.55
476.38, 599.21, 603.62
474.81, 597.39, 728.30
473.67, 595.83, 853.31
475.81, 724.24, 605.19
474.46, 722.56, 730.20
473.12, 720.86, 855.29
475.14, 849.34, 606.92
473.98, 847.61, 731.71
472.58, 845.88, 856.67
350.92, 101.07, 99.62
351.49, 100.48, 224.43
352.07, 99.34, 349.35
349.98, 226.01, 100.37
350.55, 225.18, 225.21
350.77, 224.65, 350.36
348.70, 351.22, 101.32
349.32, 350.43, 226.35
349.99, 349.36, 351.31
475.97, 102.14, 99.05
476.60, 101.40, 223.87
477.01, 100.45, 348.92
474.98, 227.20, 99.89
475.38, 226.45, 224.95
475.88, 225.58, 350.02
473.76, 352.19, 100.78
474.20, 351.31, 225.72
474.81, 350.37, 350.52
601.02, 103.21, 98.48
601.64, 102.41, 223.39
602.10, 101.50, 348.67
600.01, 228.27, 99.24
600.33, 227.43, 224.46
600.78, 226.66, 349.17
598.70, 352.90, 100.03
599.24, 352.47, 225.28
599.74, 351.67, 350.31
351.58, 101.51, 226.29
351.02, 102.20, 351.47
350.56, 102.85, 476.55
351.01, 226.74, 225.64
350.65, 227.29, 350.68
350.25, 227.81, 475.87
351.02, 351.47, 225.11
350.23, 352.08, 350.05
349.84, 352.98, 475.06
476.69, 101.88, 226.93
475.86, 102.70, 352.04
475.62, 103.30, 476.80
476.37, 227.06, 226.16
475.73, 227.49, 351.40
475.01, 228.19, 476.26
475.95, 351.79, 225.59
475.41, 352.60, 350.61
474.61, 353.37, 475.52
601.58, 102.26, 227.41
601.09, 103.00, 352.44
600.37, 103.55, 477.39
601.32, 227.26, 226.89
600.81, 228.16, 351.61
600.15, 228.75, 476.90
600.91, 352.55, 226.15
600.49, 353.16, 351.11
599.69, 353.84, 476.21
351.74, 99.31, 350.66
354.41, 99.29, 475.71
356.99, 99.80, 600.64
349.74, 224.32, 350.52
352.55, 224.61, 475.52
354.90, 224.58, 600.61
348.15, 349.31, 350.23
350.46, 349.63, 475.50
353.43, 349.57, 600.26
476.56, 101.18, 347.98
479.34, 101.55, 473.15
481.81, 101.73, 597.81
474.94, 226.35, 347.71
477.41, 226.52, 472.83
480.26, 226.58, 597.74
472.79, 351.02, 347.64
475.70, 351.19, 472.72
478.20, 351.54, 597.64
601.66, 103.14, 345.20
604.03, 103.39, 470.18
606.69, 103.24, 595.41
599.74, 227.97, 345.23
602.46, 228.12, 470.13
604.86, 228.34, 595.19
597.89, 352.98, 344.93
600.37, 353.38, 470.07
603.37, 353.38, 594.85
350.46, 98.56, 475.06
350.58, 96.24, 599.84
349.79, 94.10, 724.71
349.47, 223.44, 476.98
349.13, 221.42, 601.82
348.92, 219.22, 727.00
348.16, 348.33, 479.32
347.80, 346.15, 604.22
347.51, 344.30, 729.21
475.65, 99.57, 475.39
475.33, 97.47, 600.22
475.09, 95.48, 725.10
474.56, 224.65, 477.41
474.04, 222.44, 602.35
473.74, 220.33, 727.29
473.29, 349.73, 479.60
472.84, 347.41, 604.32
472.63, 345.47, 729.26
600.74, 100.97, 475.41
600.42, 98.74, 600.69
599.90, 96.68, 725.48
599.58, 225.82, 477.87
599.13, 223.93, 602.60
598.80, 221.49, 727.64
598.21, 351.10, 479.94
597.89, 348.66, 604.99
597.38, 346.65, 729.85
350.40, 100.15, 601.53
350.09, 102.14, 726.82
349.33, 103.90, 851.62
347.30, 225.34, 599.82
346.57, 227.08, 724.78
346.17, 228.78, 849.98
343.92, 350.27, 598.28
343.21, 351.97, 722.98
342.69, 353.68, 848.05
475.60, 103.76, 602.06
474.93, 105.40, 727.17
474.26, 107.13, 852.11
472.28, 228.85, 600.38
471.41, 230.24, 725.44
471.02, 232.05, 850.31
468.90, 353.47, 598.61
468.31, 355.30, 723.70
467.64, 357.26, 848.59
600.58, 107.25, 602.88
599.91, 108.87, 727.68
599.24, 110.59, 852.71
596.95, 232.15, 601.18
596.59, 233.83, 725.90
595.81, 235.37, 850.85
593.92, 357.06, 599.04
593.23, 358.78, 724.29
592.72, 360.68, 849.13
348.11, 223.09, 98.59
348.55, 223.80, 223.52
348.80, 224.23, 348.77
351.69, 348.05, 97.99
351.93, 348.62, 222.80
352.08, 349.31, 347.76
355.08, 472.78, 97.23
355.46, 473.75, 222.17
355.85, 474.15, 347.33
473.09, 219.67, 98.34
473.29, 220.28, 223.29
473.55, 220.94, 348.17
476.49, 344.36, 97.74
477.05, 345.22, 222.82
477.26, 346.04, 347.56
480.14, 469.28, 96.98
480.61, 470.03, 221.96
480.60, 470.87, 346.99
597.92, 216.02, 98.20
598.45, 216.82, 223.06
598.47, 217.25, 347.83
601.51, 340.95, 97.33
601.95, 341.66, 222.33
602.02, 342.38, 347.20
605.23, 465.78, 96.67
605.35, 466.68, 221.55
605.79, 467.31, 346.57
349.28, 225.60, 224.77
347.19, 226.86, 349.66
345.25, 228.41, 474.45
349.37, 350.56, 223.30
347.36, 352.13, 348.46
345.71, 353.45, 473.46
349.67, 475.52, 221.90
347.76, 476.84, 347.01
345.77, 478.22, 472.11
474.23, 225.36, 226.74
472.12, 226.66, 351.56
470.22, 228.03, 476.63
474.55, 350.46, 225.05
472.52, 351.78, 350.23
470.85, 352.95, 474.99
474.53, 475.41, 223.89
472.79, 476.57, 348.92
470.84, 478.05, 473.69
599.01, 225.25, 228.61
597.21, 226.57, 353.47
595.22, 227.72, 478.29
599.48, 350.26, 226.94
597.71, 351.64, 352.17
595.58, 352.81, 477.00
599.50, 475.14, 225.85
597.80, 476.44, 350.81
595.82, 477.79, 475.77
351.07, 224.31, 349.81
350.45, 224.42, 474.84
350.41, 224.40, 599.98
347.70, 349.11, 349.86
347.70, 349.24, 474.71
347.23, 349.47, 599.77
344.68, 474.37, 349.68
344.36, 474.36, 474.74
344.31, 474.37, 599.72
475.87, 227.37, 350.11
475.75, 227.49, 475.06
475.21, 227.46, 600.21
472.95, 352.20, 349.98
472.61, 352.61, 475.13
472.13, 352.44, 599.98
469.59, 477.36, 349.94
469.37, 477.27, 475.11
469.26, 477.33, 599.91
600.77, 230.60, 350.48
600.48, 230.43, 475.48
600.27, 230.61, 600.40
597.72, 355.46, 350.26
597.44, 355.41, 475.17
597.11, 355.65, 600.30
594.67, 480.43, 350.15
594.37, 480.64, 475.26
594.28, 480.59, 600.40
348.92, 223.44, 474.95
347.85, 225.64, 599.95
346.77, 227.51, 724.94
351.78, 348.38, 472.76
350.72, 350.46, 598.05
349.53, 352.60, 723.03
354.44, 473.63, 470.89
353.30, 475.54, 596.08
352.17, 477.37, 720.85
473.92, 220.63, 476.21
472.87, 222.61, 600.84
471.62, 224.87, 725.94
476.57, 345.71, 474.05
475.38, 347.90, 598.99
474.35, 349.75, 723.79
479.26, 470.72, 472.03
478.47, 472.65, 597.06
477.38, 474.80, 722.04
598.60, 218.15, 476.94
597.66, 220.02, 602.11
596.56, 221.77, 726.98
601.47, 343.13, 475.08
600.50, 345.11, 599.98
599.44, 346.71, 725.07
604.21, 467.79, 473.43
603.46, 469.88, 598.31
602.39, 471.95, 723.11
350.05, 224.69, 601.06
350.01, 221.08, 726.29
350.31, 217.74, 850.91
346.23, 349.55, 604.74
346.41, 345.89, 729.62
346.85, 342.39, 854.55
342.80, 474.15, 608.07
342.79, 470.86, 733.13
342.93, 467.48, 858.10
474.86, 228.11, 601.09
475.31, 224.76, 726.13
475.28, 221.41, 851.16
471.20, 353.17, 604.43
471.43, 349.69, 729.58
471.72, 346.26, 854.60
467.69, 477.92, 608.04
467.86, 474.66, 732.85
467.94, 471.17, 857.89
600.12, 231.92, 601.08
600.13, 228.52, 726.14
600.22, 224.92, 851.05
596.29, 356.89, 604.35
596.33, 353.24, 729.52
596.80, 349.93, 854.32
592.45, 481.81, 607.92
592.87, 478.15, 733.03
593.08, 474.84, 857.96
348.00, 348.98, 99.55
348.07, 349.38, 224.41
348.30, 349.31, 349.43
348.41, 474.25, 99.49
348.47, 474.04, 224.52
348.58, 474.21, 349.28
348.33, 598.86, 99.50
348.44, 599.09, 224.11
348.83, 599.39, 349.17
472.99, 348.96, 99.45
473.08, 348.86, 224.21
473.43, 348.93, 349.21
473.33, 473.79, 99.06
473.25, 474.17, 224.15
473.42, 474.01, 349.11
473.34, 598.99, 99.22
473.67, 599.20, 224.30
473.64, 599.12, 349.24
598.17, 348.79, 99.04
598.13, 348.89, 224.05
598.32, 348.86, 349.01
598.11, 473.54, 99.14
598.31, 473.64, 224.24
598.72, 473.90, 349.11
598.53, 598.90, 99.02
598.82, 598.70, 223.94
598.87, 598.99, 349.11
350.48, 349.07, 225.87
347.14, 352.65, 350.78
343.58, 356.13, 475.63
347.92, 474.18, 222.20
344.58, 477.74, 347.03
341.08, 480.91, 471.96
345.53, 598.88, 218.64
341.81, 602.62, 343.47
338.56, 606.15, 468.41
475.21, 351.63, 229.00
472.18, 355.27, 353.82
468.46, 358.57, 478.82
472.64, 476.88, 225.45
469.38, 480.34, 350.56
466.17, 483.50, 475.45
470.07, 601.52, 222.18
467.03, 604.98, 346.97
463.43, 608.52, 471.72
600.38, 354.46, 232.45
596.90, 358.06, 357.04
593.59, 361.27, 482.28
597.69, 479.49, 228.65
594.32, 483.00, 353.73
590.95, 486.36, 478.52
595.17, 604.35, 225.44
591.73, 607.59, 350.01
588.50, 611.26, 475.15
348.51, 349.04, 351.89
348.29, 349.73, 477.04
347.94, 350.19, 601.82
350.82, 474.09, 351.53
350.70, 474.48, 476.46
350.66, 475.13, 601.61
353.19, 598.97, 350.89
353.25, 599.49, 476.07
353.04, 600.13, 601.07
473.36, 346.86, 351.98
473.19, 347.31, 476.96
472.94, 347.55, 602.06
475.77, 471.63, 351.71
475.67, 472.02, 476.58
475.48, 472.61, 601.81
478.45, 596.57, 351.29
478.22, 597.02, 476.26
478.18, 597.25, 601.35
598.44, 344.23, 352.20
598.16, 344.75, 477.24
597.90, 344.88, 602.03
600.95, 469.05, 351.56
600.82, 469.41, 476.66
600.55, 470.11, 601.77
603.18, 594.31, 351.29
603.02, 594.64, 476.31
603.17, 594.81, 601.35
351.73, 351.64, 473.64
354.81, 349.99, 598.61
358.04, 348.59, 723.74
348.79, 476.42, 475.12
351.81, 474.97, 600.07
354.98, 473.56, 725.30
345.68, 601.48, 477.05
348.90, 599.92, 601.88
352.15, 598.28, 726.73
476.85, 354.50, 470.56
479.79, 353.31, 595.40
482.92, 351.66, 720.50
473.50, 479.66, 472.29
476.85, 477.94, 597.08
479.94, 476.46, 722.03
470.57, 604.72, 473.71
473.57, 603.20, 598.80
476.94, 601.44, 723.65
601.42, 357.60, 467.43
604.84, 356.37, 592.62
607.79, 354.81, 717.37
598.72, 482.81, 469.23
601.68, 481.37, 594.21
604.78, 479.83, 718.81
595.61, 607.53, 470.78
598.64, 606.33, 595.69
601.97, 604.52, 720.60
349.12, 350.05, 598.68
350.65, 348.21, 723.71
352.12, 345.99, 848.43
351.77, 475.26, 600.64
352.99, 472.97, 725.69
354.59, 470.79, 850.86
354.02, 600.05, 602.76
355.62, 597.99, 727.64
356.93, 595.76, 852.84
474.20, 347.63, 597.28
475.82, 345.52, 722.25
476.92, 343.47, 847.06
476.47, 472.89, 599.21
478.25, 470.45, 724.31
479.45, 468.32, 849.02
479.16, 597.80, 601.30
480.44, 595.41, 726.33
481.92, 593.48, 851.50
599.35, 345.28, 595.69
600.72, 343.13, 720.56
602.08, 341.14, 845.73
601.65, 470.31, 597.73
602.96, 468.05, 722.73
604.48, 466.17, 847.78
604.01, 595.30, 600.14
605.32, 593.15, 724.90
606.81, 591.07, 849.82
349.40, 473.39, 99.56
346.87, 469.88, 224.23
344.34, 466.16, 349.24
349.30, 598.54, 103.01
346.67, 594.66, 227.87
344.04, 591.41, 352.74
349.03, 723.30, 106.53
346.47, 719.65, 231.72
343.65, 716.22, 356.45
474.65, 473.45, 102.17
471.78, 470.17, 227.30
469.42, 466.46, 352.03
474.28, 598.60, 105.84
471.61, 595.09, 230.85
468.80, 591.57, 355.45
474.01, 723.34, 109.30
471.29, 719.86, 234.42
468.57, 716.54, 359.23
599.51, 473.92, 104.71
596.96, 470.17, 229.68
594.10, 466.58, 354.61
599.20, 598.63, 108.50
596.50, 595.31, 233.37
594.08, 591.69, 358.31
598.91, 723.74, 112.03
596.17, 720.02, 236.97
593.64, 716.60, 361.65
352.10, 475.48, 226.99
350.54, 472.64, 351.80
348.65, 469.61, 476.76
351.15, 600.45, 229.99
349.33, 597.30, 354.95
347.77, 594.45, 479.70
350.09, 725.33, 232.81
348.48, 722.22, 357.70
346.84, 719.33, 482.65
477.04, 476.37, 228.48
475.53, 473.33, 353.58
473.84, 470.31, 478.44
476.09, 601.40, 231.35
474.60, 598.35, 356.29
472.93, 595.23, 481.30
475.19, 726.30, 234.55
473.52, 723.35, 359.50
471.82, 720.32, 484.14
601.85, 477.31, 230.05
600.51, 474.07, 355.23
598.69, 471.39, 479.87
601.20, 601.99, 233.03
599.41, 599.08, 357.92
597.95, 596.16, 483.11
600.14, 727.05, 236.00
598.61, 724.10, 361.01
596.81, 721.19, 485.68
348.43, 476.58, 351.50
346.13, 477.48, 476.25
343.81, 478.48, 601.39
349.01, 601.81, 350.33
346.80, 602.78, 475.54
344.33, 603.62, 600.26
350.13, 726.65, 349.59
347.68, 727.69, 474.38
345.35, 728.40, 599.60
473.23, 475.82, 353.62
470.92, 477.02, 478.75
468.50, 477.62, 603.49
473.90, 600.85, 352.77
471.96, 601.75, 477.71
469.58, 602.59, 602.80
475.06, 725.90, 351.63
472.54, 726.72, 476.97
470.52, 727.67, 601.83
598.21, 475.04, 355.97
595.74, 476.08, 480.80
593.79, 477.05, 605.94
599.13, 600.18, 355.06
596.79, 601.05, 479.91
594.33, 602.00, 604.90
599.76, 724.91, 354.11
597.60, 726.18, 478.86
595.26, 726.81, 603.82
350.27, 475.59, 474.28
346.82, 477.83, 599.27
343.43, 480.28, 724.13
347.16, 600.24, 471.60
343.74, 602.77, 596.77
340.14, 605.18, 721.64
343.78, 725.08, 469.19
340.15, 727.49, 594.00
336.77, 729.92, 719.15
475.01, 478.77, 477.68
471.90, 481.04, 602.34
468.20, 483.40, 727.53
471.85, 603.67, 475.24
468.66, 606.08, 600.13
465.01, 608.65, 724.77
468.47, 728.50, 472.70
465.19, 730.98, 597.70
461.72, 733.50, 722.48
599.97, 482.33, 480.69
596.55, 484.57, 605.76
593.33, 486.86, 730.90
596.75, 607.25, 478.38
593.38, 609.58, 603.49
589.96, 611.96, 728.25
593.59, 731.87, 475.86
590.03, 734.38, 600.94
586.58, 736.94, 725.79
348.50, 475.92, 599.16
349.91, 472.61, 724.00
351.39, 469.27, 849.13
346.54, 600.78, 602.51
348.00, 597.56, 727.63
348.99, 594.16, 852.38
344.30, 725.67, 605.98
345.45, 722.56, 730.67
346.93, 719.38, 855.90
473.72, 477.99, 597.81
474.93, 474.62, 722.72
476.30, 471.61, 847.85
471.58, 602.79, 601.40
472.63, 599.78, 726.19
474.20, 596.53, 851.11
469.45, 727.96, 604.46
470.61, 724.62, 729.67
471.79, 721.23, 854.35
598.66, 480.21, 596.68
599.91, 476.80, 721.68
601.28, 473.79, 846.67
596.49, 605.19, 599.97
597.89, 602.03, 724.94
599.01, 598.76, 849.78
594.06, 730.21, 603.15
595.49, 726.72, 728.16
596.85, 723.78, 853.37
352.06, 598.71, 99.71
352.73, 599.66, 224.81
353.78, 600.51, 349.56
352.31, 723.87, 98.81
352.85, 724.64, 223.92
354.16, 725.28, 348.72
352.45, 848.67, 97.94
353.35, 849.64, 222.95
354.18, 850.37, 347.78
477.03, 598.31, 98.90
477.84, 599.17, 223.91
478.48, 600.26, 348.55
477.13, 723.34, 98.01
477.97, 724.24, 222.80
478.74, 725.26, 347.70
477.47, 848.38, 97.14
478.21, 849.34, 222.15
479.25, 850.28, 347.08
601.76, 598.09, 97.85
602.75, 599.12, 222.80
603.78, 599.86, 347.96
602.25, 723.11, 97.04
603.21, 724.04, 222.11
603.73, 724.75, 346.96
602.55, 848.16, 96.29
603.34, 849.03, 221.22
604.10, 849.95, 346.26
349.63, 601.00, 223.94
352.77, 598.53, 349.19
355.67, 595.68, 473.89
351.02, 725.97, 226.73
353.86, 723.43, 351.87
357.19, 720.80, 476.62
352.23, 851.17, 229.44
355.09, 848.50, 354.50
358.41, 845.58, 479.20
474.73, 599.81, 220.85
477.83, 597.27, 346.11
480.69, 594.49, 470.98
475.95, 724.85, 223.57
478.89, 722.31, 348.59
482.07, 719.28, 473.49
477.05, 849.80, 226.33
480.09, 847.03, 351.54
483.13, 844.40, 476.15
599.48, 598.67, 218.10
602.77, 596.15, 342.95
605.70, 593.12, 467.70
600.91, 723.82, 220.61
603.94, 720.90, 345.51
607.12, 718.38, 470.48
602.09, 848.70, 223.30
605.02, 845.98, 348.44
608.27, 843.15, 473.13
349.46, 600.26, 351.09
352.86, 599.40, 475.87
355.90, 598.20, 600.83
346.83, 725.29, 351.99
350.19, 724.29, 476.90
353.43, 723.20, 602.07
344.09, 850.20, 353.38
347.57, 849.20, 478.36
350.49, 848.25, 603.19
474.40, 602.90, 347.69
477.63, 602.15, 472.77
481.04, 600.67, 597.75
471.87, 727.96, 348.86
475.04, 726.93, 473.81
478.08, 726.01, 598.80
469.30, 853.15, 349.99
472.39, 851.87, 474.99
475.58, 850.64, 600.08
599.60, 605.85, 344.75
602.83, 604.74, 469.59
605.82, 603.66, 594.29
596.80, 730.88, 345.81
599.82, 729.51, 470.65
603.37, 728.74, 595.76
593.95, 855.57, 346.89
597.39, 854.54, 471.87
600.37, 853.58, 596.61
350.62, 600.77, 473.27
349.93, 603.91, 598.30
349.00, 607.24, 723.28
353.52, 725.80, 470.02
352.80, 728.86, 595.11
352.13, 732.20, 720.05
356.79, 850.55, 467.09
356.01, 853.98, 591.72
355.16, 856.91, 716.72
475.65, 598.03, 474.09
474.76, 600.99, 598.85
474.03, 604.41, 723.87
478.78, 722.69, 470.89
477.76, 726.20, 595.76
477.23, 729.35, 720.65
481.56, 847.78, 467.79
480.88, 850.83, 592.84
480.01, 853.97, 717.74
600.48, 595.02, 474.96
599.99, 598.02, 599.67
598.91, 601.39, 724.80
603.49, 719.93, 471.79
602.69, 723.10, 596.64
602.02, 726.19, 721.57
606.74, 844.64, 468.65
605.96, 847.76, 593.49
605.10, 851.06, 718.45
351.30, 599.18, 601.10
353.46, 597.18, 726.13
355.86, 595.52, 850.96
350.03, 724.02, 602.80
352.19, 722.26, 728.01
354.15, 720.43, 853.02
348.27, 848.99, 604.56
350.56, 847.25, 729.74
352.60, 845.65, 854.59
476.22, 600.87, 599.01
478.70, 598.74, 723.93
480.49, 597.12, 849.03
475.03, 725.72, 600.85
476.95, 723.98, 725.65
479.34, 722.02, 850.88
473.23, 850.58, 602.46
475.36, 848.77, 727.59
477.70, 847.07, 852.64
601.26, 602.25, 596.65
603.55, 600.29, 721.82
605.81, 598.53, 846.89
599.61, 727.33, 598.66
601.85, 725.57, 723.57
604.01, 723.48, 848.61
598.19, 852.06, 600.50
600.40, 850.46, 725.48
602.57, 848.57, 850.33
475.65, 99.39, 98.40
479.19, 97.52, 223.35
482.76, 95.58, 348.35
474.74, 224.40, 100.30
478.27, 222.65, 225.13
481.57, 220.73, 350.29
473.91, 349.54, 102.04
477.17, 347.74, 227.15
480.57, 345.59, 352.26
600.56, 100.50, 95.18
604.00, 98.84, 219.97
607.64, 96.79, 344.82
599.74, 225.27, 96.84
603.02, 223.39, 221.95
606.76, 221.68, 346.95
598.83, 350.52, 98.99
602.23, 348.43, 223.76
605.62, 346.60, 348.63
725.68, 101.40, 91.56
729.00, 99.55, 216.58
732.57, 97.92, 341.62
724.59, 226.47, 93.40
728.22, 224.52, 218.46
731.70, 222.69, 343.47
723.74, 351.31, 95.46
726.97, 349.52, 220.07
730.48, 347.64, 345.31
476.04, 99.24, 224.25
473.93, 98.13, 349.22
472.01, 96.72, 474.19
472.63, 224.03, 225.48
470.67, 222.80, 350.30
468.75, 221.77, 475.29
469.52, 349.20, 226.57
467.34, 348.00, 351.65
465.54, 346.82, 476.44
601.03, 102.51, 226.07
598.95, 101.10, 351.16
597.14, 100.07, 476.31
597.67, 227.49, 227.14
595.82, 226.12, 352.48
593.55, 225.02, 477.31
594.32, 352.26, 228.32
592.40, 351.14, 353.49
590.55, 349.91, 478.37
726.08, 105.87, 228.07
723.78, 104.38, 353.06
722.04, 103.27, 478.29
722.77, 230.54, 229.53
720.85, 229.47, 354.34
718.83, 228.29, 479.23
719.36, 355.80, 230.51
717.46, 354.43, 355.53
715.46, 353.20, 480.36
473.28, 100.51, 349.91
473.63, 101.51, 474.92
473.90, 102.58, 600.03
473.84, 225.56, 348.83
474.11, 226.31, 473.84
474.47, 227.46, 598.90
474.49, 350.26, 347.77
474.71, 351.47, 472.97
475.24, 352.37, 597.85
598.35, 99.85, 349.41
598.55, 100.77, 474.66
599.05, 101.98, 599.47
598.73, 224.76, 348.53
599.20, 225.88, 473.61
599.74, 226.90, 598.48
599.35, 350.03, 347.37
599.93, 350.94, 472.66
599.98, 351.98, 597.33
723.28, 99.38, 349.09
723.72, 100.41, 474.27
724.07, 101.32, 599.28
723.74, 224.38, 348.01
724.20, 225.35, 473.05
724.68, 226.46, 597.98
724.30, 349.34, 346.90
724.75, 350.43, 472.05
725.09, 351.29, 597.22
474.88, 99.49, 473.14
477.46, 100.94, 598.31
480.01, 102.10, 723.05
478.10, 224.46, 472.14
480.81, 225.63, 596.87
483.47, 227.17, 721.90
481.84, 349.66, 470.77
484.55, 350.58, 595.78
487.01, 351.92, 720.70
599.66, 96.17, 470.53
602.46, 97.16, 595.48
605.00, 98.56, 720.46
603.14, 221.05, 469.15
605.76, 222.13, 594.22
608.70, 223.47, 719.06
606.73, 346.16, 467.85
609.42, 347.24, 593.06
612.03, 348.59, 717.88
724.53, 92.47, 467.79
727.16, 93.93, 592.99
729.99, 95.01, 717.75
728.18, 217.48, 466.50
730.68, 218.71, 591.69
733.55, 220.02, 716.56
731.67, 342.60, 465.18
734.31, 343.86, 590.23
737.01, 345.03, 715.33
473.24, 98.98, 598.09
470.51, 102.71, 723.19
467.36, 106.04, 848.04
471.97, 223.98, 594.84
468.89, 227.63, 719.57
465.96, 231.17, 844.33
470.47, 348.91, 590.97
467.41, 352.58, 715.74
464.49, 355.96, 841.11
598.44, 100.74, 601.25
595.25, 104.17, 726.01
592.39, 107.69, 850.98
597.05, 225.45, 597.74
593.85, 228.92, 722.56
590.71, 232.78, 847.38
595.28, 350.47, 594.00
592.31, 354.10, 718.90
589.36, 357.38, 843.94
723.24, 101.96, 604.29
720.20, 105.43, 729.13
717.24, 109.18, 853.98
721.64, 227.09, 600.45
718.93, 230.46, 725.45
715.94, 234.09, 850.37
720.53, 352.01, 597.18
717.51, 355.54, 722.10
714.20, 359.11, 846.71
474.19, 225.65, 101.12
470.72, 228.67, 225.79
467.63, 231.22, 350.93
477.86, 350.55, 98.33
474.40, 353.46, 223.25
471.00, 356.12, 348.31
481.03, 475.78, 95.84
477.98, 478.35, 220.78
474.84, 480.95, 345.78
599.15, 222.46, 104.20
595.83, 225.13, 229.14
592.56, 227.99, 354.07
602.52, 347.40, 101.65
599.16, 349.94, 226.60
596.18, 352.67, 351.71
605.91, 472.41, 99.10
602.66, 474.82, 223.99
599.49, 477.72, 348.94
723.93, 218.83, 107.74
720.66, 221.80, 232.54
717.50, 224.35, 357.41
727.50, 344.05, 105.20
724.18, 346.75, 229.87
721.20, 349.27, 354.90
731.15, 468.63, 102.42
727.67, 471.69, 227.19
724.42, 474.27, 352.08
475.68, 226.18, 224.42
473.67, 226.41, 349.30
471.63, 226.52, 474.26
471.99, 351.25, 224.25
469.92, 351.45, 349.09
468.02, 351.57, 474.13
468.49, 476.19, 224.01
466.57, 476.25, 348.80
464.55, 476.53, 473.85
600.49, 229.80, 226.35
598.47, 230.10, 351.19
596.70, 230.21, 476.14
596.78, 355.08, 226.25
594.98, 354.98, 351.23
593.12, 355.16, 476.19
593.36, 480.07, 225.90
591.24, 479.87, 350.93
589.49, 480.30, 475.68
725.43, 233.57, 228.36
723.42, 233.65, 353.11
721.63, 233.74, 478.12
721.85, 358.34, 228.11
719.80, 358.65, 352.96
718.22, 358.92, 478.08
718.31, 483.36, 227.85
716.31, 483.68, 352.72
714.48, 483.73, 477.81
473.52, 223.55, 351.89
473.62, 223.63, 476.71
473.61, 223.40, 601.82
474.66, 348.63, 351.94
474.79, 348.61, 477.06
475.10, 348.50, 602.07
476.27, 473.58, 352.00
476.39, 473.45, 476.93
476.33, 473.44, 601.77
598.27, 222.08, 351.58
598.45, 222.28, 476.87
598.41, 222.21, 601.93
599.97, 347.07, 351.92
599.80, 346.93, 476.75
599.98, 346.91, 601.73
601.27, 472.19, 351.65
601.29, 472.05, 476.90
601.43, 472.13, 601.94
723.21, 220.68, 351.80
723.39, 220.53, 476.60
723.66, 220.73, 601.66
724.81, 345.77, 351.85
724.75, 345.75, 476.64
724.99, 345.47, 601.81
726.25, 470.76, 351.76
726.42, 470.68, 476.94
726.54, 470.69, 601.66
474.46, 224.40, 475.87
472.14, 227.27, 600.89
469.68, 230.27, 725.76
477.85, 349.10, 473.13
475.73, 352.03, 597.90
473.39, 354.89, 723.09
481.61, 474.15, 470.36
479.25, 476.89, 595.41
476.83, 479.95, 720.03
599.51, 220.87, 478.21
597.04, 223.66, 603.13
594.72, 226.86, 728.32
602.64, 345.93, 475.48
600.42, 348.69, 600.41
598.38, 351.61, 725.22
606.40, 470.59, 472.82
604.24, 473.45, 597.72
601.67, 476.56, 722.66
724.15, 217.47, 480.89
722.00, 220.21, 605.73
719.57, 223.43, 730.57
727.67, 342.31, 477.91
725.62, 345.16, 602.98
723.13, 348.24, 727.93
731.15, 467.40, 474.99
729.01, 470.31, 600.06
726.84, 472.88, 724.83
474.30, 225.78, 598.21
474.96, 225.68, 723.11
475.97, 225.60, 848.11
474.47, 350.79, 598.27
474.89, 350.49, 723.08
475.72, 350.56, 847.99
474.15, 475.70, 598.21
474.98, 475.50, 723.02
475.60, 475.59, 848.16
599.27, 225.73, 597.50
600.24, 225.92, 722.33
600.87, 225.99, 847.36
599.21, 350.63, 597.42
599.88, 350.80, 722.21
600.63, 350.85, 847.32
599.04, 475.82, 597.19
599.99, 475.78, 722.33
600.44, 475.92, 847.37
724.61, 225.71, 596.84
725.24, 225.95, 721.73
725.93, 225.88, 846.74
724.13, 350.79, 596.48
724.94, 350.90, 721.48
725.98, 350.90, 846.80
724.16, 475.95, 596.61
724.70, 476.00, 721.75
725.55, 475.85, 846.70
475.35, 349.79, 98.96
478.39, 351.01, 223.85
481.43, 352.47, 348.76
474.21, 474.84, 97.51
477.23, 475.84, 222.64
480.31, 477.32, 347.31
473.18, 599.65, 96.11
476.32, 601.08, 221.10
479.28, 602.36, 345.96
600.31, 350.52, 95.80
603.29, 352.09, 220.58
606.18, 353.43, 345.76
599.39, 475.77, 94.42
602.12, 476.83, 219.56
605.53, 478.43, 344.53
598.24, 600.67, 93.24
601.23, 602.00, 218.33
604.32, 603.29, 343.25
725.19, 351.56, 92.76
728.39, 352.74, 217.81
731.32, 354.20, 342.41
724.16, 476.40, 91.23
727.34, 477.83, 216.35
730.31, 479.35, 341.27
723.20, 601.43, 90.23
726.25, 602.90, 215.12
729.25, 604.27, 340.03
476.55, 349.69, 226.06
478.65, 347.40, 350.99
480.83, 345.04, 475.85
478.25, 474.36, 228.15
480.67, 472.14, 353.16
482.74, 469.99, 478.04
480.35, 599.66, 230.46
482.58, 597.24, 355.08
484.54, 595.20, 480.28
601.52, 347.58, 223.73
603.63, 345.48, 348.64
605.90, 343.07, 473.83
603.54, 472.85, 225.75
605.67, 470.39, 350.87
607.50, 468.26, 475.90
605.40, 597.53, 228.02
607.46, 595.36, 353.04
609.37, 593.01, 478.23
726.47, 345.94, 221.43
728.59, 343.52, 346.51
730.79, 341.34, 471.71
728.42, 470.78, 223.81
730.62, 468.59, 348.61
732.65, 466.20, 473.90
730.35, 595.76, 225.87
732.40, 593.42, 350.76
734.38, 591.15, 476.00
475.88, 351.08, 349.81
474.07, 347.39, 475.03
471.92, 343.53, 599.68
474.87, 476.00, 353.54
472.89, 472.07, 478.42
470.80, 468.69, 603.63
474.17, 600.96, 357.43
471.86, 597.33, 482.38
469.99, 593.41, 607.36
601.10, 352.11, 352.10
599.09, 348.37, 476.91
596.95, 344.46, 601.97
599.93, 476.81, 355.83
597.99, 473.25, 480.51
595.89, 469.34, 605.48
598.90, 601.77, 359.22
596.95, 598.14, 484.16
595.07, 594.19, 609.40
726.15, 353.03, 354.10
723.99, 349.11, 479.00
721.89, 345.43, 604.04
724.99, 478.03, 357.91
722.87, 473.92, 482.81
720.98, 470.36, 607.63
724.07, 602.71, 361.33
721.95, 598.94, 486.25
719.86, 595.34, 611.46
477.08, 348.78, 475.59
476.44, 348.24, 600.77
475.70, 347.68, 725.84
480.69, 473.87, 476.14
479.97, 473.24, 601.21
479.73, 472.71, 726.36
484.27, 598.82, 476.82
483.98, 598.05, 601.91
483.10, 597.73, 726.73
601.99, 344.92, 476.27
601.32, 344.49, 601.49
600.89, 344.18, 726.49
605.60, 470.04, 476.94
605.04, 469.63, 601.65
604.65, 469.09, 726.63
609.50, 594.78, 477.08
608.70, 594.61, 602.23
608.30, 593.84, 727.12
726.76, 341.40, 476.94
726.09, 340.93, 601.74
725.70, 340.46, 726.93
730.52, 466.40, 477.20
729.99, 465.87, 602.52
729.28, 465.38, 727.25
734.30, 591.15, 477.96
733.56, 590.80, 602.98
733.18, 590.30, 728.08
475.91, 350.48, 601.56
474.97, 349.41, 726.70
474.00, 348.18, 851.67
475.92, 475.60, 603.07
474.78, 474.52, 727.99
473.86, 473.26, 852.95
475.75, 600.84, 603.85
474.60, 599.33, 729.11
473.67, 598.34, 853.89
600.80, 350.93, 602.84
599.80, 349.76, 727.78
598.75, 348.56, 852.86
600.66, 475.68, 603.85
599.76, 474.47, 728.71
598.78, 473.39, 853.68
600.65, 600.59, 605.20
599.70, 599.78, 729.92
598.63, 598.36, 855.06
726.07, 350.98, 603.56
724.71, 349.65, 728.82
723.91, 348.59, 853.76
725.66, 475.74, 604.71
724.94, 474.58, 729.77
723.68, 473.51, 854.84
725.70, 601.00, 605.91
724.84, 599.67, 731.16
723.78, 598.48, 855.98
474.30, 476.75, 99.56
477.36, 474.34, 224.26
480.34, 471.60, 349.40
477.71, 601.76, 102.13
480.70, 599.14, 226.86
483.63, 596.37, 351.76
481.32, 726.66, 104.63
484.24, 723.99, 229.57
487.39, 721.34, 354.65
599.10, 473.22, 96.47
602.10, 470.64, 221.43
605.17, 467.97, 346.28
602.74, 598.22, 99.12
605.87, 595.61, 223.76
608.66, 593.12, 348.67
606.21, 723.16, 101.59
609.03, 720.79, 226.57
612.31, 717.83, 351.31
723.96, 470.18, 93.39
727.08, 467.23, 218.47
730.00, 464.48, 343.25
727.75, 594.92, 95.96
730.41, 592.34, 220.88
733.66, 589.72, 345.93
731.24, 719.74, 98.46
734.05, 717.27, 223.52
737.08, 714.59, 348.13
474.31, 475.07, 223.96
472.42, 471.61, 348.89
470.75, 467.99, 474.19
475.70, 600.08, 227.89
473.89, 596.37, 352.86
472.31, 592.71, 477.50
477.14, 724.84, 231.32
475.66, 721.42, 356.51
473.68, 717.65, 481.54
599.29, 473.47, 225.82
597.45, 469.97, 350.75
595.64, 466.11, 475.51
600.75, 598.36, 229.58
598.87, 594.70, 354.50
597.39, 591.31, 479.36
601.95, 723.32, 233.11
600.45, 719.70, 357.98
598.79, 716.01, 483.11
724.06, 471.92, 227.59
722.31, 468.55, 352.38
720.63, 464.72, 477.25
725.76, 596.79, 231.16
723.89, 593.22, 356.13
722.33, 589.80, 481.09
727.32, 721.95, 234.66
725.54, 718.26, 359.72
723.92, 714.48, 484.67
475.98, 473.22, 350.35
475.55, 475.87, 475.20
474.94, 478.38, 600.48
478.35, 598.03, 347.78
477.83, 600.69, 472.87
477.16, 603.16, 597.85
480.59, 723.18, 345.54
480.19, 725.57, 470.69
479.41, 728.13, 595.29
600.98, 470.91, 351.09
600.42, 473.39, 475.85
599.77, 475.96, 601.12
603.23, 595.83, 348.68
602.80, 598.11, 473.74
602.06, 600.79, 598.43
605.60, 720.90, 346.15
605.22, 723.13, 471.09
604.70, 725.57, 596.07
725.90, 468.37, 351.54
725.33, 471.12, 476.78
724.93, 473.42, 601.51
728.33, 593.49, 349.36
727.74, 595.93, 474.24
727.08, 598.26, 599.02
730.71, 718.37, 346.57
730.05, 720.86, 471.76
729.63, 723.21, 596.47
473.24, 475.49, 475.44
474.48, 476.48, 600.53
475.71, 477.08, 725.52
475.57, 600.72, 474.92
476.81, 601.16, 600.01
478.49, 602.02, 724.91
477.99, 725.59, 474.19
479.32, 726.24, 599.32
480.71, 726.86, 724.37
598.39, 473.25, 474.39
599.73, 474.01, 599.32
600.86, 474.68, 724.26
600.78, 597.99, 473.63
601.92, 598.74, 598.71
603.33, 599.53, 723.70
603.23, 723.25, 472.93
604.24, 723.96, 597.95
605.83, 724.28, 722.90
723.37, 470.87, 472.96
724.71, 471.60, 597.93
725.80, 471.95, 722.86
725.76, 595.54, 472.33
727.06, 596.47, 597.43
728.10, 597.13, 722.25
728.13, 720.62, 471.45
729.18, 721.36, 596.70
730.53, 721.90, 721.77
475.81, 475.65, 598.16
475.11, 472.05, 723.29
473.99, 468.13, 848.19
474.26, 600.43, 601.76
473.18, 596.85, 726.89
472.29, 592.95, 851.55
472.52, 725.26, 605.29
471.66, 721.70, 730.28
470.76, 718.01, 855.19
601.02, 477.21, 599.38
599.87, 473.51, 724.26
598.94, 469.83, 849.04
599.50, 602.20, 602.76
598.34, 598.52, 727.88
597.16, 594.81, 852.85
597.50, 726.99, 606.46
596.69, 723.55, 731.35
595.40, 719.71, 856.21
725.88, 479.00, 600.31
725.06, 475.25, 725.46
724.10, 471.70, 850.18
724.21, 603.91, 604.05
723.19, 600.29, 728.88
722.25, 596.59, 853.97
722.57, 728.65, 607.54
721.48, 725.29, 732.60
720.38, 721.54, 857.62
475.06, 600.56, 100.05
471.77, 598.21, 225.06
468.20, 595.43, 349.87
478.79, 725.34, 102.58
475.23, 722.96, 227.57
471.76, 720.42, 352.58
482.28, 850.21, 105.28
479.15, 847.82, 230.28
475.78, 845.25, 355.11
600.07, 596.80, 103.28
596.41, 594.38, 228.26
593.34, 591.73, 353.14
603.47, 721.66, 106.03
600.30, 719.33, 230.96
596.81, 716.73, 355.80
607.20, 846.53, 108.53
603.94, 843.97, 233.49
600.41, 841.54, 358.31
724.82, 593.16, 106.62
721.25, 590.33, 231.67
718.19, 588.10, 356.69
728.42, 717.97, 109.39
725.19, 715.55, 234.06
721.92, 712.79, 359.15
732.20, 842.91, 111.89
728.69, 840.47, 236.77
725.46, 837.81, 361.86
474.23, 598.68, 225.32
477.08, 597.67, 350.24
480.34, 596.47, 475.10
470.87, 723.86, 226.50
473.55, 722.66, 351.42
476.76, 721.40, 476.34
467.15, 848.78, 227.75
470.04, 847.39, 352.74
473.18, 846.55, 477.67
599.06, 602.26, 222.20
602.18, 601.02, 347.28
605.19, 600.03, 472.40
595.52, 727.29, 223.71
598.71, 725.99, 348.77
601.62, 725.22, 473.68
592.22, 852.30, 224.90
595.29, 851.25, 349.82
598.20, 850.08, 474.62
724.09, 605.87, 219.25
726.99, 604.76, 344.36
730.13, 603.62, 469.27
720.39, 730.70, 220.43
723.61, 729.77, 345.52
726.42, 728.48, 470.51
716.91, 855.85, 221.83
720.23, 854.61, 346.71
723.06, 853.41, 471.77
475.20, 598.58, 351.04
475.16, 597.72, 475.66
474.84, 596.99, 600.85
477.19, 723.79, 351.69
476.99, 722.84, 476.75
477.00, 721.89, 601.81
479.39, 848.44, 352.41
479.05, 847.66, 477.72
479.27, 846.73, 602.57
599.97, 596.59, 351.06
599.82, 595.81, 476.01
599.81, 594.77, 600.96
602.25, 721.68, 351.91
602.06, 720.58, 476.77
601.90, 719.81, 601.81
604.39, 846.74, 352.48
604.33, 845.69, 477.72
604.16, 844.88, 602.46
725.18, 594.30, 350.87
724.84, 593.73, 475.72
724.84, 592.73, 600.95
727.04, 719.29, 351.89
726.89, 718.59, 476.84
727.16, 717.70, 601.81
729.16, 844.34, 352.78
728.96, 843.56, 477.62
729.06, 842.66, 602.71
475.91, 600.23, 474.54
474.27, 599.26, 599.70
472.50, 597.92, 724.67
476.99, 725.57, 475.87
475.36, 724.15, 600.94
473.64, 723.00, 726.04
477.96, 850.38, 477.01
476.46, 849.34, 601.93
474.56, 847.92, 727.03
600.96, 599.31, 476.23
599.02, 598.31, 601.55
597.37, 596.83, 726.43
602.03, 724.36, 477.70
600.19, 723.02, 602.69
598.57, 721.97, 727.68
602.92, 849.39, 478.76
601.21, 847.89, 603.87
599.61, 846.98, 728.66
725.84, 598.27, 478.30
724.27, 596.99, 603.01
722.54, 596.02, 727.94
727.09, 723.05, 479.35
725.18, 722.20, 604.34
723.45, 720.91, 729.15
728.15, 848.11, 480.31
726.16, 846.94, 605.51
724.61, 845.92, 730.47
474.48, 601.88, 601.81
474.17, 601.71, 727.06
473.70, 601.70, 851.97
478.02, 726.61, 602.13
477.59, 726.52, 726.92
477.27, 726.65, 852.18
481.87, 851.88, 602.18
481.50, 851.83, 727.31
480.98, 851.38, 852.23
599.40, 598.10, 602.27
599.03, 598.20, 727.11
598.83, 598.17, 852.17
603.01, 722.99, 602.29
602.63, 723.06, 727.63
602.51, 723.12, 852.37
606.66, 848.14, 602.58
606.37, 848.05, 727.62
606.03, 847.86, 852.66
724.57, 594.57, 602.52
724.02, 594.41, 727.68
723.60, 594.55, 852.59
728.00, 719.54, 602.89
727.76, 719.25, 727.77
727.43, 719.37, 852.86
731.68, 844.47, 602.85
731.17, 844.38, 727.87
730.96, 844.28, 852.92
600.75, 101.53, 99.92
602.37, 100.16, 225.08
604.08, 98.71, 350.09
599.41, 226.56, 101.67
601.36, 225.35, 226.26
602.87, 223.88, 351.62
598.20, 351.49, 102.89
599.91, 349.99, 227.75
601.65, 348.61, 352.83
725.64, 102.91, 98.36
727.27, 101.44, 223.49
728.92, 99.96, 348.29
724.61, 227.75, 99.88
726.10, 226.43, 224.62
728.06, 224.86, 349.81
723.49, 352.85, 101.11
725.19, 351.33, 226.38
726.59, 350.01, 351.29
850.70, 104.03, 96.64
852.36, 102.61, 221.63
854.10, 101.24, 346.66
849.43, 228.90, 98.18
851.32, 227.59, 223.04
852.91, 226.17, 348.13
848.25, 354.00, 99.54
850.11, 352.38, 224.57
851.69, 351.10, 349.52
601.32, 97.99, 224.20
602.90, 98.17, 349.17
604.68, 98.31, 474.19
601.72, 223.07, 223.92
603.28, 223.05, 348.96
605.07, 223.35, 474.01
601.94, 347.96, 224.04
603.61, 348.02, 348.92
605.03, 348.11, 473.79
726.49, 97.68, 222.35
728.14, 97.85, 347.40
729.57, 97.99, 472.52
726.78, 222.91, 222.34
728.13, 222.88, 347.37
729.77, 222.92, 472.49
726.87, 347.93, 222.24
728.44, 347.81, 347.52
730.05, 347.96, 472.24
851.41, 97.51, 220.88
852.94, 97.51, 345.82
854.52, 97.66, 470.88
851.48, 222.46, 220.89
853.23, 222.56, 345.77
854.86, 222.63, 470.71
852.00, 347.63, 220.74
853.48, 347.54, 345.84
855.01, 347.59, 470.76
599.81, 101.41, 348.28
602.81, 97.91, 473.04
605.43, 94.96, 598.04
597.12, 226.08, 351.62
600.10, 222.78, 476.60
602.86, 219.65, 601.22
594.10, 351.18, 354.75
597.07, 347.89, 479.77
599.82, 344.62, 604.87
724.86, 104.09, 345.54
727.74, 100.89, 470.28
730.34, 97.58, 595.19
722.22, 229.29, 348.86
724.73, 225.89, 473.88
727.63, 222.69, 598.67
719.19, 353.92, 352.30
721.93, 350.86, 476.96
724.64, 347.56, 602.13
849.86, 107.01, 342.78
852.53, 103.83, 467.63
855.35, 100.63, 592.70
846.93, 231.85, 346.08
849.92, 228.88, 471.00
852.73, 225.44, 595.79
844.25, 356.72, 349.36
847.04, 353.73, 474.29
849.90, 350.45, 599.09
601.31, 100.92, 474.92
597.93, 102.97, 599.78
594.20, 105.57, 724.84
597.96, 225.84, 472.54
594.27, 228.21, 597.35
590.81, 230.29, 722.43
594.28, 350.59, 470.02
590.92, 353.09, 595.24
587.36, 355.27, 719.83
726.24, 104.54, 478.34
722.75, 106.74, 603.21
719.18, 109.17, 728.29
722.65, 229.48, 475.88
719.23, 231.82, 600.89
715.46, 233.99, 725.75
719.20, 354.08, 473.86
715.74, 356.70, 598.47
712.18, 358.85, 723.62
851.23, 107.94, 481.95
847.56, 110.45, 606.72
844.05, 112.57, 731.79
847.58, 232.90, 479.48
844.13, 235.28, 604.43
840.49, 237.58, 729.46
844.11, 357.69, 477.12
840.52, 359.96, 602.02
837.04, 362.50, 726.97
599.08, 98.15, 600.11
597.87, 95.28, 725.36
596.25, 92.81, 850.19
599.57, 222.90, 602.73
598.22, 220.37, 727.90
596.96, 217.68, 852.78
600.33, 347.99, 605.60
599.00, 345.40, 730.57
597.52, 342.66, 855.49
724.28, 97.65, 601.51
722.81, 95.01, 726.62
721.25, 92.19, 851.56
724.55, 222.60, 604.35
723.20, 219.90, 729.31
721.82, 217.35, 854.22
725.40, 347.50, 607.00
724.02, 344.76, 731.78
722.29, 342.15, 856.82
849.24, 96.72, 603.08
847.70, 94.27, 728.03
846.26, 91.61, 853.02
849.52, 221.86, 605.71
848.20, 219.19, 730.59
846.84, 216.48, 855.72
850.23, 346.86, 608.48
848.80, 344.16, 733.28
847.45, 341.62, 858.26
598.95, 226.25, 99.33
597.13, 223.47, 224.60
595.60, 220.98, 349.50
598.90, 351.19, 102.14
597.22, 348.57, 227.02
595.35, 346.13, 351.97
598.55, 476.01, 104.67
596.75, 473.36, 229.59
595.16, 471.18, 354.53
724.01, 226.45, 101.04
722.22, 223.75, 226.08
720.49, 221.24, 351.01
723.57, 351.23, 103.62
722.20, 348.82, 228.72
720.35, 346.34, 353.73
723.56, 476.34, 106.45
721.93, 473.93, 231.13
720.27, 471.21, 356.13
849.06, 226.63, 102.78
847.24, 223.96, 227.73
845.45, 221.52, 352.81
848.70, 351.39, 105.39
847.01, 348.96, 230.31
845.59, 346.46, 355.36
848.50, 476.49, 108.08
846.72, 474.06, 233.02
845.01, 471.21, 357.92
601.88, 224.09, 223.95
599.72, 222.98, 349.14
597.45, 221.32, 474.17
601.83, 349.22, 225.43
599.72, 347.66, 350.35
597.58, 346.36, 475.34
602.00, 474.14, 226.87
599.71, 472.63, 351.88
597.54, 471.34, 476.55
726.57, 224.05, 226.23
724.68, 222.63, 351.17
722.54, 221.52, 476.19
726.64, 349.02, 227.69
724.46, 347.52, 352.53
722.47, 346.37, 477.63
726.83, 473.91, 228.94
724.70, 472.59, 354.06
722.39, 471.26, 478.89
851.81, 223.99, 228.51
849.65, 222.54, 353.57
847.39, 221.40, 478.37
851.93, 349.13, 229.70
849.50, 347.70, 354.84
847.38, 346.47, 479.48
851.74, 473.81, 230.96
849.66, 472.87, 355.99
847.49, 471.18, 481.05
602.15, 223.39, 349.27
601.93, 223.74, 474.24
602.20, 223.53, 599.09
604.90, 348.51, 348.93
605.00, 348.50, 474.07
605.16, 348.69, 598.98
607.45, 473.46, 348.90
607.92, 473.47, 474.03
607.95, 473.51, 599.24
727.00, 220.84, 349.10
726.89, 220.78, 474.22
727.29, 220.62, 598.92
729.79, 345.74, 348.82
729.91, 345.58, 474.05
730.00, 345.54, 599.10
732.66, 470.64, 348.91
732.85, 470.47, 473.84
732.78, 470.86, 598.87
852.01, 218.06, 348.83
851.90, 217.91, 473.84
852.02, 217.87, 598.98
854.74, 342.77, 348.95
854.81, 342.72, 474.07
854.83, 342.90, 598.90
857.53, 467.83, 348.85
857.65, 467.91, 473.91
857.88, 467.81, 598.91
600.79, 225.80, 474.32
602.79, 225.58, 599.39
604.70, 225.34, 724.25
601.62, 350.67, 474.73
603.61, 350.48, 599.54
605.65, 350.13, 724.58
602.69, 475.67, 475.08
604.63, 475.26, 599.92
606.68, 475.08, 724.83
725.70, 224.70, 472.45
727.56, 224.57, 597.30
729.66, 224.15, 722.62
726.85, 349.87, 472.66
728.64, 349.50, 597.74
730.57, 349.39, 722.60
727.82, 474.97, 472.82
729.43, 474.65, 597.94
731.44, 474.17, 723.06
850.74, 223.78, 470.74
852.72, 223.64, 595.61
854.64, 223.44, 720.53
851.76, 348.84, 470.87
853.63, 348.46, 595.88
855.59, 348.40, 720.90
852.55, 473.79, 471.04
854.42, 473.59, 595.88
856.28, 473.38, 721.01
598.88, 224.56, 598.41
598.39, 224.58, 723.37
598.06, 224.92, 848.30
602.55, 349.25, 597.88
602.20, 349.45, 723.10
601.58, 349.78, 847.89
606.05, 474.13, 597.62
605.36, 474.74, 722.59
604.91, 474.71, 847.88
724.09, 220.87, 598.94
723.35, 220.99, 723.61
722.80, 221.32, 848.74
727.60, 345.97, 598.35
727.03, 345.99, 723.53
726.41, 346.43, 848.53
730.92, 470.56, 598.47
730.27, 471.15, 723.35
729.91, 471.13, 848.19
848.95, 217.40, 599.45
848.50, 217.53, 724.29
847.82, 217.96, 849.24
852.37, 342.38, 599.00
851.79, 342.44, 723.97
851.39, 342.87, 849.07
855.85, 467.31, 598.79
855.46, 467.58, 723.96
854.88, 467.73, 848.86
599.72, 350.24, 99.18
601.10, 352.78, 224.16
602.24, 355.85, 349.19
596.49, 475.08, 96.44
597.55, 477.95, 221.33
598.85, 480.70, 346.17
593.23, 599.96, 93.71
594.20, 602.79, 218.53
595.36, 605.66, 343.51
724.61, 353.37, 97.76
725.89, 356.18, 222.95
726.98, 359.16, 348.02
721.46, 478.46, 95.20
722.54, 481.10, 220.17
723.75, 484.03, 345.19
717.96, 603.38, 92.34
719.30, 606.20, 217.22
720.51, 609.02, 342.36
849.76, 356.74, 96.67
850.63, 359.31, 221.73
852.04, 362.33, 346.50
846.32, 481.52, 93.90
847.56, 484.39, 218.94
848.82, 487.09, 343.65
843.04, 606.55, 91.04
844.22, 609.29, 216.07
845.31, 612.03, 340.88
600.15, 350.88, 224.17
600.97, 351.43, 349.12
602.33, 351.87, 473.99
599.43, 475.89, 223.72
600.40, 476.34, 348.53
601.55, 477.15, 473.71
598.75, 601.06, 222.95
599.77, 601.54, 348.05
600.58, 601.84, 473.22
725.24, 351.76, 222.90
726.18, 352.14, 348.02
727.16, 352.71, 472.88
724.33, 476.70, 222.58
725.56, 477.24, 347.72
726.43, 477.88, 472.55
723.40, 601.79, 221.92
724.44, 602.47, 347.06
725.75, 602.93, 471.87
850.09, 352.68, 222.09
851.10, 353.23, 346.92
852.32, 353.70, 472.04
849.33, 477.59, 221.50
850.34, 478.03, 346.58
851.54, 478.67, 471.48
848.45, 602.47, 221.02
849.74, 603.10, 346.09
850.44, 603.61, 471.06
600.45, 349.64, 351.80
597.81, 349.22, 476.67
595.32, 348.73, 601.48
600.20, 474.59, 352.30
597.70, 474.08, 477.02
595.17, 473.64, 602.09
600.03, 599.62, 352.78
597.56, 599.34, 477.70
595.10, 598.75, 602.49
725.50, 349.90, 354.05
722.75, 349.48, 479.26
720.17, 348.79, 604.13
725.06, 474.81, 354.82
722.62, 474.27, 479.59
720.22, 473.78, 604.69
725.01, 599.79, 355.28
722.66, 599.40, 480.04
720.26, 598.96, 605.08
850.21, 349.99, 356.41
847.65, 349.55, 481.59
845.42, 348.99, 606.41
850.08, 475.14, 357.23
847.85, 474.68, 482.23
845.29, 474.04, 607.14
850.24, 599.86, 357.75
847.64, 599.64, 482.70
845.04, 599.12, 607.49
599.61, 351.61, 474.59
596.79, 352.55, 599.76
593.58, 353.18, 724.84
600.11, 476.75, 473.98
597.20, 477.33, 598.84
594.51, 478.08, 723.82
600.57, 601.64, 473.36
597.57, 602.36, 598.08
594.94, 603.09, 723.23
724.48, 351.28, 477.50
721.64, 351.68, 602.64
718.46, 352.41, 727.41
725.19, 476.21, 477.11
722.12, 476.83, 602.00
719.30, 477.76, 726.80
725.45, 601.27, 476.09
722.52, 601.93, 601.19
719.92, 602.61, 726.00
849.64, 350.74, 480.73
846.58, 351.40, 605.58
843.74, 352.20, 730.51
849.93, 475.59, 479.78
847.27, 476.41, 604.62
844.06, 477.00, 729.63
850.43, 600.42, 479.25
847.71, 601.21, 603.97
844.81, 602.02, 728.98
600.62, 348.04, 598.29
600.59, 351.24, 723.31
600.82, 354.26, 848.25
599.22, 473.14, 595.28
599.29, 476.30, 720.39
599.56, 479.29, 845.04
598.05, 597.94, 592.08
598.35, 601.07, 717.21
598.29, 604.07, 842.19
725.49, 349.42, 597.94
725.78, 352.64, 722.93
725.86, 355.43, 848.00
724.24, 474.39, 595.01
724.39, 477.37, 719.98
724.64, 480.65, 845.02
723.01, 599.23, 592.04
723.04, 602.36, 716.95
723.24, 605.28, 841.89
850.48, 350.85, 597.95
850.72, 353.69, 722.87
850.83, 356.71, 847.88
849.15, 475.63, 595.01
849.50, 478.70, 719.82
849.58, 481.91, 844.76
847.98, 600.73, 591.86
848.04, 603.84, 716.84
848.30, 606.75, 841.71
599.55, 475.55, 101.07
596.31, 477.62, 226.09
592.52, 479.76, 351.14
603.28, 600.42, 99.12
599.72, 602.39, 224.31
596.34, 604.41, 349.09
607.02, 725.50, 97.26
603.74, 727.55, 222.19
600.15, 729.34, 347.07
724.50, 471.81, 104.66
721.07, 473.99, 229.62
717.33, 476.00, 354.53
728.08, 596.61, 102.79
724.81, 598.87, 227.75
721.34, 600.77, 352.62
731.96, 721.80, 100.79
728.41, 723.68, 226.05
724.75, 725.71, 350.72
849.49, 468.23, 108.27
846.08, 470.22, 233.22
842.30, 472.45, 358.35
853.26, 593.26, 106.39
849.52, 595.26, 231.38
846.09, 597.28, 356.37
856.81, 717.97, 104.55
853.22, 720.17, 229.43
849.89, 722.17, 354.41
598.29, 475.77, 223.55
595.03, 472.85, 348.42
591.90, 469.87, 473.35
596.68, 600.72, 226.29
593.80, 597.75, 351.15
590.66, 594.99, 476.11
595.42, 725.45, 229.13
592.42, 722.87, 354.05
589.24, 719.96, 479.08
722.88, 477.09, 226.65
720.03, 474.07, 351.50
716.86, 471.28, 476.54
721.77, 601.75, 229.51
718.49, 598.87, 354.43
715.54, 596.07, 479.47
720.48, 726.74, 232.29
717.14, 724.18, 357.36
714.17, 721.33, 482.23
848.05, 478.27, 229.75
845.21, 475.43, 354.81
841.76, 472.59, 479.69
846.87, 603.11, 232.69
843.64, 600.23, 357.55
840.67, 597.48, 482.31
845.23, 728.11, 235.32
842.15, 725.37, 360.22
839.39, 722.47, 485.13
597.89, 473.54, 349.59
595.65, 474.93, 474.60
593.57, 475.96, 599.41
597.18, 598.72, 348.09
594.93, 599.61, 473.12
592.90, 601.06, 598.39
596.50, 723.49, 347.23
594.60, 724.69, 471.94
592.24, 725.92, 597.25
723.07, 474.23, 351.71
720.80, 475.36, 476.58
718.48, 476.54, 601.51
722.22, 599.36, 350.70
719.95, 600.62, 475.48
717.74, 601.79, 600.71
721.47, 724.54, 349.54
719.15, 725.64, 474.32
717.16, 726.76, 599.38
848.08, 475.01, 354.12
845.58, 476.12, 478.79
843.51, 477.45, 604.13
847.18, 600.21, 352.73
845.06, 601.22, 477.87
842.66, 602.28, 602.69
846.63, 725.23, 351.75
844.14, 726.12, 476.80
841.87, 727.61, 601.63
601.73, 476.49, 474.69
604.74, 475.54, 599.53
607.95, 474.94, 724.56
602.18, 601.46, 475.10
605.46, 600.57, 600.15
608.53, 600.19, 725.20
602.56, 726.42, 475.98
605.83, 725.62, 600.77
609.26, 725.14, 725.81
726.51, 476.02, 471.48
729.74, 475.34, 596.30
733.18, 474.63, 721.13
727.27, 600.74, 472.16
730.51, 600.04, 596.88
733.49, 599.39, 721.91
727.62, 726.07, 472.62
730.66, 725.37, 597.78
734.26, 724.35, 722.59
851.60, 475.31, 468.00
854.85, 474.91, 593.08
858.11, 473.99, 718.02
852.19, 600.41, 468.65
855.26, 599.61, 593.70
858.43, 599.03, 718.59
852.70, 725.49, 469.51
855.93, 724.90, 594.56
859.07, 724.06, 719.41
601.12, 474.05, 598.62
597.53, 471.67, 723.62
594.17, 468.85, 848.57
598.55, 598.80, 601.08
594.70, 596.32, 726.19
591.38, 593.92, 851.10
595.79, 723.98, 603.52
592.12, 721.30, 728.57
588.77, 718.97, 853.28
725.93, 476.49, 602.38
722.66, 474.27, 727.49
719.14, 471.90, 852.25
723.17, 601.46, 604.56
719.67, 599.23, 729.59
716.27, 596.60, 854.47
720.65, 726.53, 606.96
716.86, 724.14, 731.96
713.58, 721.59, 856.73
850.96, 479.22, 606.11
847.57, 476.96, 730.83
843.98, 474.42, 855.76
848.05, 604.21, 608.44
844.86, 601.82, 733.15
841.21, 599.46, 858.16
845.65, 729.10, 610.42
841.93, 726.78, 735.54
838.43, 724.37, 860.44
601.03, 601.50, 98.25
601.51, 604.65, 223.39
601.99, 607.69, 348.29
601.75, 726.55, 95.27
602.16, 729.52, 220.05
602.64, 732.69, 345.30
602.41, 851.51, 92.11
602.93, 854.66, 217.23
603.45, 857.62, 342.04
726.12, 600.89, 97.90
726.62, 604.20, 223.04
726.95, 607.01, 347.62
726.60, 725.79, 94.85
727.09, 728.79, 219.77
727.78, 732.07, 344.79
727.39, 850.75, 91.68
727.99, 853.80, 216.52
728.45, 857.01, 341.74
850.95, 600.05, 97.46
851.62, 603.43, 222.48
851.96, 606.52, 347.30
851.76, 725.23, 94.27
852.38, 728.28, 219.35
852.77, 731.23, 344.05
852.41, 850.08, 91.16
852.98, 853.27, 216.11
853.49, 856.31, 341.07
598.29, 600.77, 224.80
598.13, 598.43, 349.76
598.06, 596.02, 474.70
599.30, 725.67, 227.12
599.16, 723.25, 352.02
598.89, 720.84, 477.14
600.00, 850.51, 229.39
599.81, 848.05, 354.69
599.51, 845.82, 479.56
723.42, 599.80, 225.01
723.29, 597.65, 349.70
722.99, 595.16, 474.68
724.12, 724.93, 227.44
724.10, 722.28, 352.14
723.90, 720.10, 477.27
725.10, 849.74, 229.75
724.77, 847.55, 354.42
724.93, 844.98, 479.58
848.37, 599.05, 224.80
848.23, 596.60, 349.96
848.26, 594.36, 475.10
849.22, 724.07, 227.30
849.03, 721.62, 352.58
848.92, 719.29, 477.31
849.92, 848.97, 229.79
849.90, 846.72, 354.59
849.78, 844.34, 479.78
598.72, 600.82, 351.26
602.22, 603.04, 476.11
605.61, 605.04, 600.96
599.18, 725.77, 349.11
602.79, 727.99, 474.05
606.38, 730.04, 598.85
599.97, 850.73, 346.79
603.24, 852.72, 471.74
606.75, 855.03, 596.93
723.73, 600.33, 347.95
727.10, 602.23, 472.70
730.73, 604.56, 597.62
724.41, 725.28, 345.79
727.87, 727.16, 470.64
731.30, 729.35, 595.48
724.82, 850.13, 343.42
728.16, 852.47, 468.68
731.53, 854.26, 593.37
848.76, 599.77, 344.29
852.04, 601.79, 469.45
855.73, 603.80, 594.39
849.32, 724.59, 342.31
852.56, 726.74, 467.07
856.12, 728.65, 592.03
849.73, 849.56, 340.31
853.09, 851.56, 465.04
856.64, 853.84, 589.96
599.82, 600.20, 476.98
600.48, 603.48, 602.05
601.33, 606.96, 726.90
601.78, 724.88, 473.28
602.70, 728.37, 598.43
603.57, 731.75, 723.22
603.92, 849.83, 470.09
604.94, 853.52, 594.86
605.69, 856.79, 719.95
724.62, 597.94, 476.24
725.50, 601.17, 601.21
726.47, 604.93, 725.93
726.81, 722.88, 472.70
727.61, 726.34, 597.55
728.66, 729.77, 722.51
728.84, 847.66, 469.09
730.10, 851.33, 594.03
730.76, 854.66, 719.08
849.78, 595.86, 475.18
850.46, 599.29, 600.30
851.43, 602.53, 725.34
851.82, 720.67, 471.91
852.43, 724.11, 596.91
853.60, 727.56, 721.69
854.04, 845.64, 468.45
854.74, 848.89, 593.42
855.68, 852.43, 718.35
601.73, 600.35, 598.75
604.87, 600.63, 723.88
608.22, 601.11, 848.75
599.49, 725.14, 598.66
602.82, 725.66, 723.38
605.91, 725.80, 848.47
597.40, 850.36, 598.31
600.51, 850.49, 723.06
603.72, 851.01, 848.12
726.73, 602.50, 595.75
729.76, 602.66, 720.64
733.09, 603.29, 845.59
724.36, 727.28, 595.36
727.63, 727.95, 720.24
730.87, 728.15, 845.19
722.17, 852.46, 595.14
725.51, 852.69, 719.98
728.63, 853.11, 844.92
851.71, 604.67, 592.27
854.76, 605.02, 717.45
858.03, 605.33, 842.27
849.47, 729.66, 592.23
852.49, 729.92, 717.13
855.81, 730.35, 842.02
847.21, 854.71, 591.80
850.40, 854.96, 716.72
853.61, 855.32, 841.71
