27, 125, pa2-debug-c-output1.txt
209.98, 204.07, 209.31
408.35, 402.61, 190.95
100.25, 100.89, 99.92
101.97, 100.34, 224.90
103.69, 99.78, 349.89
101.48, 225.89, 100.46
103.21, 225.32, 225.44
104.93, 224.77, 350.43
102.72, 350.88, 100.99
104.45, 350.32, 225.98
106.18, 349.77, 350.97
225.22, 99.66, 98.19
226.95, 99.11, 223.18
228.67, 98.55, 348.16
226.47, 224.65, 98.73
228.18, 224.10, 223.72
229.91, 223.54, 348.70
227.70, 349.65, 99.27
229.43, 349.08, 224.25
231.15, 348.54, 349.24
350.21, 98.43, 96.46
351.93, 97.87, 221.44
353.66, 97.31, 346.43
351.44, 223.42, 97.00
353.17, 222.87, 221.98
354.89, 222.31, 346.97
352.69, 348.41, 97.54
354.42, 347.86, 222.52
356.14, 347.30, 347.52
101.55, 100.19, 226.31
100.08, 102.13, 351.29
98.60, 104.09, 476.26
105.17, 225.12, 224.41
103.69, 227.07, 349.38
102.21, 229.02, 474.36
108.77, 350.06, 222.50
107.31, 352.00, 347.47
105.83, 353.95, 472.45
226.49, 96.60, 227.84
225.01, 98.54, 352.82
223.54, 100.50, 477.79
230.10, 221.53, 225.93
228.63, 223.47, 350.91
227.16, 225.43, 475.89
233.72, 346.46, 224.03
232.25, 348.41, 349.01
230.77, 350.35, 473.98
351.43, 93.00, 229.37
349.95, 94.96, 354.34
348.48, 96.90, 479.32
355.04, 217.94, 227.46
353.57, 219.88, 352.44
352.09, 221.83, 477.42
358.66, 342.88, 225.56
357.18, 344.82, 350.54
355.71, 346.77, 475.51
99.49, 99.84, 351.87
101.24, 99.26, 476.85
103.00, 98.67, 601.84
96.20, 224.79, 352.50
97.96, 224.20, 477.48
99.71, 223.62, 602.47
92.89, 349.75, 353.13
94.66, 349.16, 478.11
96.42, 348.58, 603.10
224.43, 103.14, 350.13
226.19, 102.55, 475.11
227.94, 101.97, 600.09
221.14, 228.10, 350.75
222.90, 227.51, 475.74
224.65, 226.92, 600.73
217.84, 353.05, 351.38
219.60, 352.46, 476.37
221.36, 351.88, 601.35
349.37, 106.45, 348.38
351.13, 105.86, 473.37
352.89, 105.27, 598.35
346.08, 231.40, 349.01
347.84, 230.81, 473.99
349.60, 230.23, 598.99
342.79, 356.35, 349.65
344.54, 355.76, 474.62
346.31, 355.18, 599.61
101.60, 100.78, 476.34
99.98, 100.01, 601.33
98.38, 99.26, 726.32
102.61, 225.77, 477.11
101.01, 225.02, 602.10
99.40, 224.25, 727.09
103.64, 350.76, 477.88
102.03, 350.01, 602.87
100.42, 349.24, 727.86
226.59, 99.75, 477.94
224.98, 98.99, 602.93
223.37, 98.23, 727.92
227.60, 224.75, 478.72
226.00, 223.98, 603.71
224.38, 223.22, 728.69
228.62, 349.73, 479.48
227.01, 348.98, 604.48
225.41, 348.22, 729.47
351.57, 98.72, 479.54
349.96, 97.96, 604.54
348.35, 97.21, 729.52
352.59, 223.72, 480.32
350.98, 222.95, 605.30
349.38, 222.20, 730.29
353.60, 348.71, 481.08
352.00, 347.95, 606.07
350.39, 347.19, 731.06
101.52, 98.13, 601.09
98.38, 100.12, 726.04
95.25, 102.12, 850.98
104.15, 223.08, 599.16
101.02, 225.08, 724.11
97.90, 227.08, 849.05
106.80, 348.03, 597.23
103.67, 350.04, 722.18
100.55, 352.03, 847.11
226.45, 95.53, 604.27
223.32, 97.53, 729.22
220.18, 99.53, 854.16
229.09, 220.49, 602.34
225.95, 222.49, 727.28
222.84, 224.49, 852.22
231.74, 345.44, 600.40
228.60, 347.44, 725.35
225.47, 349.45, 850.29
351.37, 92.93, 607.44
348.24, 94.93, 732.38
345.11, 96.93, 857.33
354.02, 217.89, 605.51
350.89, 219.89, 730.45
347.75, 221.89, 855.40
356.67, 342.85, 603.58
353.53, 344.85, 728.52
350.41, 346.84, 853.47
101.98, 223.10, 101.10
100.05, 224.20, 226.07
98.11, 225.29, 351.06
104.65, 348.06, 100.05
102.72, 349.16, 225.02
100.78, 350.26, 350.00
107.32, 473.03, 98.99
105.38, 474.13, 223.97
103.45, 475.22, 348.95
226.93, 220.44, 103.05
225.00, 221.54, 228.03
223.07, 222.64, 353.02
229.60, 345.41, 102.00
227.67, 346.51, 226.98
225.74, 347.60, 351.96
232.27, 470.38, 100.95
230.34, 471.48, 225.92
228.40, 472.58, 350.91
351.89, 217.79, 105.01
349.96, 218.89, 229.99
348.03, 219.98, 354.97
354.56, 342.76, 103.96
352.63, 343.86, 228.94
350.69, 344.95, 353.92
357.23, 467.72, 102.90
355.29, 468.83, 227.89
353.36, 469.92, 352.87
98.51, 223.78, 224.49
102.09, 223.03, 349.44
105.67, 222.28, 474.38
97.50, 348.77, 225.27
101.09, 348.02, 350.22
104.67, 347.27, 475.16
96.50, 473.76, 226.04
100.09, 473.01, 350.99
103.67, 472.26, 475.94
223.45, 224.81, 220.92
227.04, 224.05, 345.86
230.62, 223.30, 470.81
222.45, 349.79, 221.69
226.03, 349.04, 346.64
229.62, 348.29, 471.59
221.45, 474.79, 222.47
225.03, 474.04, 347.42
228.61, 473.28, 472.37
348.40, 225.83, 217.34
351.98, 225.07, 342.28
355.56, 224.33, 467.23
347.39, 350.82, 218.11
350.98, 350.06, 343.06
354.56, 349.32, 468.01
346.39, 475.81, 218.89
349.98, 475.06, 343.84
353.56, 474.31, 468.79
101.26, 225.08, 348.52
101.35, 223.06, 473.51
101.44, 221.05, 598.49
100.39, 350.05, 350.53
100.48, 348.05, 475.52
100.57, 346.04, 600.50
99.51, 475.03, 352.55
99.60, 473.03, 477.53
99.69, 471.02, 602.51
226.26, 225.95, 348.45
226.35, 223.95, 473.43
226.44, 221.94, 598.42
225.38, 350.94, 350.45
225.47, 348.92, 475.44
225.57, 346.92, 600.42
224.51, 475.91, 352.46
224.60, 473.90, 477.46
224.68, 471.89, 602.43
351.26, 226.83, 348.37
351.35, 224.82, 473.36
351.44, 222.82, 598.34
350.39, 351.81, 350.38
350.47, 349.81, 475.37
350.56, 347.79, 600.35
349.51, 476.79, 352.39
349.59, 474.78, 477.38
349.68, 472.77, 602.36
99.89, 225.12, 473.12
102.92, 227.27, 598.07
105.94, 229.41, 723.01
98.29, 350.09, 471.01
101.31, 352.24, 595.95
104.34, 354.39, 720.89
96.69, 475.06, 468.90
99.71, 477.21, 593.84
102.73, 479.36, 718.79
224.84, 226.67, 470.06
227.87, 228.82, 595.02
230.90, 230.97, 719.95
223.24, 351.64, 467.96
226.26, 353.79, 592.90
229.30, 355.94, 717.84
221.64, 476.61, 465.84
224.66, 478.76, 590.79
227.69, 480.92, 715.74
349.80, 228.22, 467.02
352.83, 230.38, 591.96
355.85, 232.53, 716.90
348.19, 353.20, 464.90
351.22, 355.34, 589.85
354.24, 357.49, 714.79
346.59, 478.17, 462.79
349.62, 480.32, 587.73
352.64, 482.47, 712.68
98.06, 224.00, 598.41
96.37, 223.81, 723.40
94.68, 223.60, 848.39
98.24, 349.00, 598.61
96.57, 348.80, 723.60
94.88, 348.60, 848.59
98.44, 474.00, 598.82
96.76, 473.80, 723.80
95.09, 473.60, 848.80
223.03, 223.80, 600.09
221.36, 223.60, 725.08
219.69, 223.40, 850.07
223.23, 348.80, 600.29
221.55, 348.60, 725.28
219.87, 348.40, 850.27
223.43, 473.80, 600.49
221.76, 473.60, 725.48
220.07, 473.40, 850.47
348.02, 223.60, 601.77
346.34, 223.40, 726.75
344.66, 223.19, 851.75
348.22, 348.60, 601.97
346.54, 348.40, 726.95
344.87, 348.20, 851.94
348.42, 473.60, 602.18
346.74, 473.39, 727.16
345.06, 473.20, 852.15
100.96, 351.75, 99.10
101.99, 348.51, 224.05
103.01, 345.26, 349.00
97.28, 476.66, 102.37
98.30, 473.41, 227.32
99.32, 470.16, 352.27
93.59, 601.56, 105.64
94.61, 598.31, 230.59
95.65, 595.07, 355.56
225.90, 355.46, 98.17
226.93, 352.22, 223.12
227.95, 348.98, 348.07
222.22, 480.36, 101.44
223.24, 477.12, 226.40
224.27, 473.87, 351.35
218.54, 605.27, 104.72
219.56, 602.03, 229.67
220.58, 598.78, 354.62
350.84, 359.17, 97.24
351.87, 355.93, 222.19
352.89, 352.68, 347.14
347.17, 484.08, 100.51
348.18, 480.83, 225.47
349.21, 477.58, 350.42
343.47, 608.98, 103.78
344.50, 605.73, 228.74
345.53, 602.48, 353.69
100.77, 349.02, 224.07
100.20, 352.31, 349.03
99.63, 355.60, 473.98
101.37, 473.97, 220.78
100.80, 477.26, 345.73
100.24, 480.56, 470.68
101.98, 598.92, 217.49
101.42, 602.22, 342.44
100.85, 605.51, 467.39
225.76, 348.42, 224.66
225.19, 351.72, 349.61
224.63, 355.01, 474.56
226.37, 473.37, 221.36
225.81, 476.67, 346.32
225.24, 479.97, 471.27
226.97, 598.33, 218.07
226.40, 601.62, 343.02
225.84, 604.93, 467.98
350.76, 347.84, 225.23
350.20, 351.13, 350.19
349.63, 354.43, 475.15
351.36, 472.78, 221.95
350.81, 476.08, 346.90
350.23, 479.37, 471.85
351.97, 597.74, 218.65
351.41, 601.04, 343.60
350.84, 604.33, 468.56
101.94, 348.44, 349.40
104.30, 351.36, 474.34
106.65, 354.29, 599.29
102.05, 473.41, 346.48
104.41, 476.33, 471.41
106.77, 479.25, 596.37
102.16, 598.37, 343.55
104.52, 601.29, 468.49
106.88, 604.21, 593.44
226.91, 348.27, 347.05
229.28, 351.20, 472.00
231.64, 354.12, 596.93
227.03, 473.24, 344.12
229.39, 476.16, 469.06
231.74, 479.09, 594.01
227.14, 598.21, 341.20
229.50, 601.12, 466.14
231.86, 604.05, 591.09
351.90, 348.11, 344.69
354.26, 351.03, 469.64
356.61, 353.96, 594.58
352.01, 473.07, 341.77
354.36, 475.99, 466.71
356.73, 478.92, 591.65
352.12, 598.04, 338.84
354.48, 600.97, 463.78
356.83, 603.88, 588.73
98.76, 349.38, 473.16
97.52, 349.45, 598.15
96.28, 349.53, 723.14
99.48, 474.38, 473.09
98.24, 474.44, 598.08
96.99, 474.52, 723.07
100.18, 599.37, 473.02
98.94, 599.45, 598.01
97.71, 599.52, 723.01
223.75, 348.66, 474.39
222.51, 348.73, 599.38
221.28, 348.80, 724.38
224.46, 473.66, 474.33
223.22, 473.73, 599.31
222.00, 473.80, 724.31
225.17, 598.66, 474.26
223.94, 598.73, 599.25
222.70, 598.80, 724.25
348.74, 347.95, 475.63
347.51, 348.02, 600.62
346.26, 348.10, 725.61
349.45, 472.95, 475.56
348.22, 473.02, 600.56
346.99, 473.09, 725.55
350.17, 597.94, 475.50
348.93, 598.02, 600.49
347.69, 598.10, 725.49
98.50, 349.89, 599.67
95.15, 346.79, 724.59
91.80, 343.70, 849.51
99.06, 474.84, 602.78
95.70, 471.76, 727.70
92.36, 468.66, 852.61
99.61, 599.81, 605.89
96.26, 596.71, 730.81
92.92, 593.61, 855.72
223.45, 349.25, 603.01
220.10, 346.15, 727.92
216.75, 343.06, 852.84
224.01, 474.21, 606.12
220.66, 471.11, 731.03
217.31, 468.02, 855.95
224.57, 599.17, 609.23
221.22, 596.07, 734.15
217.86, 592.98, 859.06
348.41, 348.61, 606.34
345.06, 345.51, 731.26
341.71, 342.42, 856.18
348.96, 473.57, 609.45
345.62, 470.47, 734.37
342.26, 467.38, 859.28
349.52, 598.52, 612.56
346.17, 595.43, 737.48
342.82, 592.34, 862.40
99.00, 474.60, 100.59
95.92, 472.84, 225.54
92.83, 471.09, 350.49
100.38, 599.58, 102.38
97.29, 597.82, 227.32
94.21, 596.07, 352.28
101.75, 724.56, 104.16
98.68, 722.81, 229.11
95.59, 721.04, 354.06
223.95, 473.17, 103.65
220.87, 471.42, 228.60
217.79, 469.67, 353.55
225.34, 598.15, 105.44
222.24, 596.40, 230.38
219.17, 594.65, 355.34
226.70, 723.14, 107.22
223.63, 721.37, 232.18
220.54, 719.62, 357.13
348.91, 471.75, 106.71
345.82, 470.00, 231.66
342.74, 468.25, 356.62
350.28, 596.73, 108.49
347.20, 594.99, 233.45
344.12, 593.22, 358.40
351.67, 721.72, 110.29
348.58, 719.95, 235.23
345.50, 718.20, 360.18
100.06, 475.59, 226.24
101.38, 472.22, 351.19
102.70, 468.85, 476.15
97.47, 600.52, 229.65
98.79, 597.14, 354.59
100.10, 593.77, 479.54
94.88, 725.45, 233.06
96.19, 722.07, 358.01
97.52, 718.69, 482.96
225.03, 478.22, 225.00
226.34, 474.84, 349.95
227.67, 471.47, 474.89
222.43, 603.15, 228.40
223.76, 599.76, 353.35
225.07, 596.39, 478.30
219.85, 728.07, 231.81
221.17, 724.70, 356.76
222.48, 721.31, 481.70
349.99, 480.84, 223.75
351.32, 477.47, 348.69
352.63, 474.09, 473.64
347.40, 605.77, 227.15
348.72, 602.40, 352.11
350.04, 599.01, 477.05
344.82, 730.69, 230.56
346.13, 727.32, 355.51
347.45, 723.94, 480.46
98.44, 476.11, 351.66
96.79, 474.90, 476.64
95.15, 473.68, 601.62
97.94, 601.11, 352.87
96.29, 599.89, 477.85
94.65, 598.68, 602.83
97.43, 726.11, 354.08
95.80, 724.89, 479.07
94.15, 723.67, 604.04
223.43, 476.60, 353.31
221.78, 475.39, 478.29
220.13, 474.16, 603.28
222.93, 601.59, 354.52
221.28, 600.38, 479.50
219.64, 599.16, 604.48
222.43, 726.59, 355.73
220.78, 725.37, 480.71
219.14, 724.16, 605.70
348.41, 477.08, 354.95
346.77, 475.86, 479.94
345.13, 474.65, 604.93
347.91, 602.08, 356.16
346.27, 600.86, 481.15
344.63, 599.65, 606.13
347.41, 727.07, 357.37
345.77, 725.85, 482.36
344.13, 724.64, 607.34
100.94, 473.99, 474.70
102.67, 473.99, 599.70
104.39, 474.00, 724.68
101.56, 598.97, 474.68
103.29, 598.99, 599.67
105.02, 598.99, 724.66
102.18, 723.98, 474.67
103.91, 723.99, 599.65
105.63, 724.00, 724.64
225.93, 473.36, 472.98
227.65, 473.37, 597.97
229.38, 473.39, 722.95
226.54, 598.36, 472.96
228.27, 598.37, 597.94
229.99, 598.39, 722.93
227.17, 723.35, 472.94
228.89, 723.37, 597.93
230.62, 723.38, 722.91
350.91, 472.74, 471.25
352.64, 472.76, 596.23
354.37, 472.77, 721.22
351.53, 597.74, 471.23
353.26, 597.75, 596.22
354.99, 597.77, 721.20
352.16, 722.74, 471.21
353.88, 722.75, 596.20
355.60, 722.76, 721.19
100.69, 476.77, 600.01
104.28, 476.28, 724.95
107.87, 475.79, 849.91
103.93, 601.73, 600.41
107.53, 601.23, 725.36
111.10, 600.75, 850.31
107.17, 726.68, 600.80
110.77, 726.20, 725.75
114.36, 725.70, 850.69
225.59, 473.53, 596.41
229.18, 473.05, 721.36
232.77, 472.55, 846.31
228.84, 598.50, 596.80
232.43, 598.00, 721.75
236.02, 597.52, 846.69
232.08, 723.45, 597.20
235.68, 722.96, 722.14
239.27, 722.47, 847.10
350.50, 470.30, 592.81
354.09, 469.81, 717.75
357.67, 469.32, 842.70
353.74, 595.26, 593.20
357.34, 594.77, 718.15
360.93, 594.28, 843.10
357.00, 720.21, 593.59
360.58, 719.72, 718.55
364.17, 719.25, 843.49
100.95, 598.97, 100.29
101.95, 595.67, 225.25
102.95, 592.36, 350.19
99.46, 723.92, 103.61
100.47, 720.61, 228.56
101.46, 717.30, 353.51
97.98, 848.87, 106.93
98.97, 845.56, 231.88
99.97, 842.25, 356.84
225.94, 600.49, 99.34
226.94, 597.18, 224.28
227.94, 593.87, 349.24
224.45, 725.44, 102.65
225.45, 722.13, 227.60
226.45, 718.82, 352.55
222.94, 850.38, 105.97
223.97, 847.08, 230.93
224.96, 843.77, 355.88
350.93, 602.00, 98.37
351.93, 598.70, 223.32
352.93, 595.39, 348.28
349.45, 726.95, 101.69
350.43, 723.64, 226.64
351.43, 720.33, 351.60
347.95, 851.90, 105.02
348.95, 848.59, 229.96
349.95, 845.28, 354.92
101.63, 599.23, 225.22
98.62, 599.03, 350.18
95.60, 598.82, 475.14
99.70, 724.22, 225.37
96.68, 724.01, 350.33
93.68, 723.81, 475.30
97.77, 849.20, 225.53
94.76, 849.00, 350.50
91.74, 848.79, 475.45
226.58, 601.17, 228.23
223.57, 600.96, 353.19
220.56, 600.75, 478.15
224.65, 726.15, 228.39
221.64, 725.95, 353.35
218.62, 725.74, 478.31
222.71, 851.14, 228.55
219.70, 850.93, 353.50
216.68, 850.73, 478.48
351.53, 603.09, 231.25
348.52, 602.89, 356.20
345.51, 602.68, 481.17
349.60, 728.08, 231.40
346.58, 727.88, 356.37
343.57, 727.67, 481.33
347.67, 853.07, 231.57
344.65, 852.86, 356.53
341.64, 852.66, 481.49
100.54, 598.48, 349.63
102.15, 601.72, 474.57
103.77, 604.97, 599.53
98.88, 723.42, 346.40
100.50, 726.67, 471.36
102.10, 729.91, 596.31
97.22, 848.37, 343.19
98.84, 851.62, 468.14
100.45, 854.86, 593.08
225.52, 600.09, 347.97
227.14, 603.33, 472.92
228.75, 606.58, 597.87
223.86, 725.05, 344.75
225.48, 728.29, 469.70
227.09, 731.53, 594.64
222.20, 849.99, 341.53
223.81, 853.24, 466.48
225.43, 856.48, 591.42
350.50, 601.71, 346.32
352.12, 604.95, 471.26
353.73, 608.20, 596.21
348.84, 726.66, 343.09
350.46, 729.90, 468.04
352.07, 733.15, 592.98
347.18, 851.61, 339.87
348.80, 854.85, 464.81
350.41, 858.10, 589.76
99.60, 601.13, 476.06
98.49, 597.87, 601.00
97.38, 594.61, 725.96
96.21, 726.05, 479.29
95.10, 722.78, 604.24
93.99, 719.51, 729.20
92.80, 850.95, 482.52
91.70, 847.69, 607.48
90.59, 844.43, 732.43
224.55, 604.51, 477.25
223.45, 601.24, 602.20
222.33, 597.97, 727.15
221.15, 729.41, 480.48
220.04, 726.16, 605.43
218.94, 722.88, 730.39
217.75, 854.33, 483.73
216.65, 851.06, 608.67
215.53, 847.80, 733.62
349.49, 607.87, 478.44
348.39, 604.61, 603.39
347.28, 601.35, 728.35
346.11, 732.78, 481.68
344.99, 729.52, 606.63
343.89, 726.25, 731.58
342.71, 857.70, 484.91
341.59, 854.43, 609.87
340.49, 851.17, 734.82
101.96, 598.47, 600.98
101.57, 600.31, 725.97
101.17, 602.15, 850.96
99.75, 723.43, 599.14
99.35, 725.28, 724.13
98.96, 727.12, 849.12
97.54, 848.41, 597.30
97.14, 850.24, 722.28
96.74, 852.09, 847.27
226.94, 600.70, 601.35
226.54, 602.53, 726.34
226.15, 604.37, 851.32
224.72, 725.66, 599.51
224.34, 727.50, 724.50
223.93, 729.34, 849.48
222.52, 850.62, 597.66
222.11, 852.46, 722.65
221.73, 854.29, 847.63
351.92, 602.91, 601.71
351.52, 604.75, 726.70
351.13, 606.59, 851.69
349.71, 727.88, 599.87
349.31, 729.71, 724.85
348.92, 731.56, 849.84
347.49, 852.84, 598.02
347.10, 854.68, 723.01
346.70, 856.52, 847.99
224.26, 100.21, 100.71
221.63, 98.07, 225.66
219.00, 95.93, 350.62
220.82, 225.15, 102.78
218.19, 223.01, 227.74
215.57, 220.87, 352.69
217.38, 350.08, 104.85
214.75, 347.94, 229.80
212.12, 345.80, 354.76
349.19, 103.60, 103.40
346.56, 101.47, 228.35
343.93, 99.33, 353.31
345.74, 228.54, 105.47
343.12, 226.40, 230.42
340.49, 224.26, 355.37
342.31, 353.48, 107.53
339.68, 351.34, 232.48
337.05, 349.20, 357.44
474.11, 107.00, 106.08
471.48, 104.87, 231.04
468.85, 102.73, 355.99
470.68, 231.94, 108.15
468.04, 229.80, 233.11
465.41, 227.66, 358.07
467.23, 356.88, 110.22
464.60, 354.74, 235.17
461.97, 352.60, 360.12
223.85, 101.56, 226.53
223.09, 101.34, 351.52
222.34, 101.13, 476.52
221.42, 226.54, 226.73
220.67, 226.32, 351.72
219.91, 226.11, 476.72
219.00, 351.51, 226.93
218.25, 351.31, 351.92
217.50, 351.09, 476.92
348.82, 103.98, 227.28
348.07, 103.77, 352.28
347.32, 103.55, 477.28
346.40, 228.96, 227.48
345.64, 228.75, 352.48
344.89, 228.53, 477.47
343.97, 353.93, 227.69
343.22, 353.72, 352.68
342.48, 353.51, 477.68
473.79, 106.40, 228.04
473.04, 106.19, 353.04
472.29, 105.97, 478.03
471.37, 231.37, 228.24
470.62, 231.16, 353.23
469.87, 230.95, 478.23
468.96, 356.36, 228.44
468.20, 356.14, 353.44
467.45, 355.92, 478.44
226.48, 98.15, 348.49
228.94, 100.55, 473.45
231.39, 102.96, 598.39
225.91, 223.12, 346.10
228.37, 225.53, 471.05
230.83, 227.93, 596.00
225.34, 348.09, 343.70
227.80, 350.50, 468.66
230.27, 352.91, 593.61
351.46, 98.66, 346.02
353.92, 101.07, 470.98
356.38, 103.48, 595.93
350.88, 223.64, 343.63
353.34, 226.05, 468.57
355.80, 228.46, 593.53
350.32, 348.61, 341.23
352.77, 351.03, 466.18
355.24, 353.43, 591.14
476.43, 99.18, 343.55
478.89, 101.59, 468.51
481.35, 104.00, 593.45
475.86, 224.16, 341.16
478.33, 226.57, 466.11
480.78, 228.98, 591.06
475.29, 349.14, 338.75
477.75, 351.55, 463.71
480.21, 353.95, 588.66
226.79, 98.86, 475.10
229.19, 98.17, 600.07
231.58, 97.46, 725.04
223.75, 223.82, 475.85
226.15, 223.13, 600.82
228.55, 222.43, 725.80
220.72, 348.78, 476.61
223.12, 348.09, 601.58
225.52, 347.39, 726.56
351.72, 101.91, 472.71
354.13, 101.21, 597.69
356.53, 100.51, 722.66
348.69, 226.88, 473.47
351.09, 226.17, 598.44
353.49, 225.48, 723.42
345.66, 351.83, 474.23
348.06, 351.13, 599.19
350.46, 350.44, 724.17
476.66, 104.95, 470.33
479.07, 104.27, 595.30
481.46, 103.55, 720.28
473.63, 229.92, 471.09
476.03, 229.22, 596.06
478.43, 228.52, 721.03
470.60, 354.88, 471.84
473.00, 354.18, 596.81
475.40, 353.49, 721.79
223.36, 99.75, 598.09
224.58, 102.03, 723.05
225.81, 104.32, 848.03
225.16, 224.71, 595.78
226.39, 227.00, 720.75
227.62, 229.29, 845.73
226.97, 349.68, 593.47
228.19, 351.97, 718.45
229.42, 354.25, 843.42
348.34, 97.92, 596.88
349.57, 100.21, 721.86
350.80, 102.50, 846.83
350.14, 222.89, 594.58
351.37, 225.17, 719.55
352.60, 227.46, 844.53
351.94, 347.85, 592.28
353.18, 350.14, 717.25
354.41, 352.43, 842.22
473.32, 96.10, 595.69
474.54, 98.38, 720.66
475.78, 100.67, 845.63
475.12, 221.06, 593.39
476.35, 223.34, 718.36
477.59, 225.63, 843.33
476.92, 346.03, 591.08
478.16, 348.32, 716.06
479.39, 350.60, 841.02
226.23, 223.27, 98.38
225.41, 220.51, 223.34
224.59, 217.74, 348.31
222.58, 348.19, 101.11
221.75, 345.43, 226.08
220.94, 342.66, 351.05
218.93, 473.10, 103.85
218.11, 470.34, 228.82
217.28, 467.57, 353.79
351.17, 226.91, 99.28
350.36, 224.14, 224.24
349.53, 221.38, 349.22
347.52, 351.82, 102.02
346.70, 349.06, 226.98
345.87, 346.29, 351.95
343.88, 476.74, 104.76
343.04, 473.97, 229.73
342.23, 471.21, 354.69
476.12, 230.53, 100.18
475.30, 227.77, 225.16
474.47, 225.00, 350.12
472.47, 355.45, 102.92
471.65, 352.68, 227.89
470.82, 349.93, 352.86
468.81, 480.37, 105.66
468.00, 477.60, 230.62
467.17, 474.84, 355.60
223.44, 223.60, 226.12
221.90, 223.71, 351.10
220.35, 223.81, 476.09
222.60, 348.60, 226.00
221.04, 348.71, 350.99
219.50, 348.81, 475.98
221.75, 473.60, 225.88
220.19, 473.70, 350.87
218.65, 473.81, 475.86
348.43, 224.46, 227.66
346.89, 224.56, 352.65
345.34, 224.67, 477.64
347.59, 349.46, 227.55
346.03, 349.56, 352.53
344.49, 349.67, 477.53
346.72, 474.46, 227.43
345.19, 474.55, 352.42
343.63, 474.66, 477.40
473.42, 225.31, 229.21
471.88, 225.42, 354.20
470.32, 225.53, 479.19
472.57, 350.30, 229.10
471.03, 350.42, 354.08
469.47, 350.52, 479.07
471.72, 475.31, 228.98
470.17, 475.41, 353.97
468.63, 475.52, 478.96
226.83, 226.36, 348.93
228.65, 228.96, 473.89
230.48, 231.55, 598.85
225.46, 351.33, 346.35
227.29, 353.92, 471.32
229.12, 356.51, 596.28
224.09, 476.30, 343.78
225.92, 478.89, 468.74
227.75, 481.48, 593.70
351.80, 227.69, 347.07
353.63, 230.28, 472.03
355.46, 232.88, 597.00
350.44, 352.65, 344.50
352.27, 355.24, 469.46
354.09, 357.84, 594.42
349.08, 477.62, 341.92
350.90, 480.22, 466.88
352.73, 482.81, 591.85
476.79, 229.02, 345.22
478.62, 231.61, 470.19
480.44, 234.20, 595.14
475.42, 353.98, 342.65
477.25, 356.58, 467.60
479.07, 359.17, 592.57
474.06, 478.95, 340.07
475.88, 481.54, 465.03
477.70, 484.14, 589.99
225.93, 226.15, 475.83
229.39, 223.02, 600.75
232.83, 219.88, 725.66
225.97, 351.11, 478.97
229.42, 347.98, 603.88
232.86, 344.83, 728.80
226.00, 476.07, 482.11
229.45, 472.94, 607.02
232.90, 469.80, 731.93
350.89, 226.20, 472.38
354.34, 223.07, 597.30
357.78, 219.93, 722.21
350.92, 351.16, 475.52
354.37, 348.03, 600.43
357.81, 344.89, 725.34
350.95, 476.13, 478.66
354.40, 472.99, 603.57
357.85, 469.85, 728.48
475.84, 226.26, 468.93
479.29, 223.13, 593.85
482.74, 219.99, 718.77
475.87, 351.23, 472.08
479.32, 348.08, 596.98
482.77, 344.95, 721.90
475.90, 476.18, 475.22
479.36, 473.04, 600.13
482.80, 469.90, 725.04
224.01, 226.00, 599.16
221.89, 229.50, 724.11
219.77, 232.99, 849.04
226.20, 350.94, 595.71
224.08, 354.44, 720.65
221.96, 357.92, 845.58
228.41, 475.87, 592.26
226.29, 479.36, 717.19
224.17, 482.85, 842.13
348.97, 223.87, 601.35
346.85, 227.36, 726.28
344.73, 230.85, 851.21
351.17, 348.80, 597.90
349.05, 352.29, 722.83
346.93, 355.79, 847.76
353.37, 473.74, 594.44
351.24, 477.22, 719.38
349.12, 480.72, 844.31
473.93, 221.73, 603.54
471.81, 225.22, 728.47
469.69, 228.71, 853.40
476.13, 346.66, 600.07
474.02, 350.16, 725.01
471.88, 353.65, 849.94
478.33, 471.60, 596.63
476.20, 475.09, 721.55
474.09, 478.58, 846.48
226.60, 350.39, 98.02
229.61, 347.92, 222.96
232.61, 345.46, 347.90
228.60, 475.35, 100.45
231.61, 472.89, 225.39
234.60, 470.41, 350.32
230.60, 600.31, 102.87
233.59, 597.84, 227.80
236.59, 595.38, 352.74
351.56, 348.45, 94.99
354.56, 345.99, 219.93
357.56, 343.52, 344.87
353.55, 473.42, 97.40
356.55, 470.95, 222.35
359.56, 468.49, 347.29
355.54, 598.38, 99.83
358.54, 595.91, 224.77
361.55, 593.45, 349.71
476.51, 346.52, 91.95
479.50, 344.06, 216.88
482.51, 341.59, 341.83
478.49, 471.49, 94.36
481.51, 469.02, 219.30
484.49, 466.55, 344.24
480.49, 596.45, 96.78
483.49, 593.98, 221.72
486.50, 591.51, 346.67
224.88, 350.19, 223.85
221.83, 348.59, 348.80
218.79, 346.98, 473.76
224.33, 475.19, 225.45
221.29, 473.58, 350.39
218.25, 471.98, 475.35
223.78, 600.18, 227.03
220.74, 598.56, 351.99
217.70, 596.96, 476.94
349.83, 350.70, 226.90
346.79, 349.10, 351.85
343.75, 347.50, 476.80
349.29, 475.69, 228.49
346.25, 474.08, 353.45
343.21, 472.48, 478.39
348.75, 600.68, 230.09
345.70, 599.08, 355.04
342.66, 597.47, 479.99
474.80, 351.21, 229.95
471.75, 349.61, 354.90
468.71, 348.00, 479.85
474.25, 476.21, 231.53
471.20, 474.60, 356.49
468.17, 472.99, 481.44
473.70, 601.19, 233.14
470.66, 599.59, 358.08
467.62, 597.98, 483.03
225.96, 350.12, 349.19
224.12, 350.16, 474.18
222.26, 350.19, 599.17
224.70, 475.12, 349.14
222.85, 475.15, 474.13
221.00, 475.19, 599.12
223.44, 600.11, 349.10
221.59, 600.14, 474.08
219.74, 600.17, 599.07
350.94, 351.38, 351.05
349.10, 351.42, 476.03
347.25, 351.45, 601.02
349.68, 476.38, 350.99
347.83, 476.41, 475.98
345.98, 476.45, 600.97
348.43, 601.38, 350.94
346.57, 601.41, 475.93
344.72, 601.44, 600.91
475.92, 352.66, 352.89
474.08, 352.68, 477.88
472.22, 352.72, 602.87
474.66, 477.65, 352.85
472.81, 477.67, 477.83
470.97, 477.71, 602.82
473.40, 602.64, 352.79
471.55, 602.67, 477.78
469.70, 602.70, 602.76
223.27, 349.90, 474.02
221.06, 352.99, 598.96
218.87, 356.09, 723.90
226.77, 474.81, 470.98
224.56, 477.90, 595.93
222.36, 481.01, 720.87
230.27, 599.72, 467.95
228.06, 602.83, 592.89
225.85, 605.92, 717.83
348.20, 346.46, 476.30
346.00, 349.55, 601.24
343.79, 352.65, 726.19
351.70, 471.37, 473.27
349.50, 474.46, 598.21
347.29, 477.57, 723.15
355.19, 596.28, 470.23
352.99, 599.38, 595.17
350.79, 602.48, 720.12
473.14, 343.01, 478.60
470.93, 346.11, 603.53
468.74, 349.21, 728.48
476.63, 467.93, 475.55
474.43, 471.03, 600.50
472.22, 474.13, 725.44
480.13, 592.84, 472.52
477.92, 595.94, 597.46
475.72, 599.04, 722.40
226.28, 351.49, 600.50
223.74, 348.04, 725.43
221.19, 344.59, 850.35
224.59, 476.43, 603.91
222.05, 472.98, 728.84
219.50, 469.54, 853.76
222.91, 601.37, 607.32
220.36, 597.92, 732.25
217.81, 594.48, 857.17
351.25, 353.10, 603.09
348.71, 349.66, 728.02
346.16, 346.22, 852.94
349.56, 478.04, 606.51
347.02, 474.60, 731.43
344.46, 471.16, 856.35
347.87, 602.98, 609.91
345.33, 599.54, 734.84
342.78, 596.11, 859.76
476.21, 354.72, 605.68
473.67, 351.28, 730.61
471.12, 347.83, 855.54
474.52, 479.66, 609.10
471.97, 476.22, 734.01
469.43, 472.78, 858.95
472.83, 604.61, 612.50
470.29, 601.16, 737.42
467.74, 597.73, 862.35
224.10, 473.94, 98.91
224.17, 476.87, 223.88
224.22, 479.79, 348.85
226.47, 598.89, 95.99
226.53, 601.81, 220.95
226.59, 604.74, 345.92
228.86, 723.81, 93.07
228.89, 726.75, 218.02
228.96, 729.68, 342.99
349.09, 471.57, 98.91
349.14, 474.49, 223.88
349.21, 477.42, 348.84
351.45, 596.51, 95.98
351.52, 599.44, 220.95
351.57, 602.36, 345.91
353.81, 721.44, 93.05
353.88, 724.39, 218.02
353.93, 727.31, 342.99
474.05, 469.20, 98.91
474.12, 472.13, 223.87
474.18, 475.06, 348.84
476.44, 594.14, 95.98
476.48, 597.07, 220.94
476.54, 599.99, 345.91
478.79, 719.09, 93.05
478.85, 722.01, 218.01
478.92, 724.95, 342.98
225.42, 474.52, 223.00
228.80, 477.71, 347.92
232.17, 480.91, 472.83
228.30, 599.44, 219.73
231.67, 602.64, 344.64
235.06, 605.84, 469.56
231.16, 724.37, 216.46
234.56, 727.57, 341.38
237.94, 730.75, 466.28
350.32, 471.55, 219.70
353.71, 474.75, 344.61
357.09, 477.94, 469.52
353.22, 596.47, 216.43
356.60, 599.68, 341.34
359.97, 602.87, 466.25
356.10, 721.41, 213.15
359.48, 724.60, 338.06
362.86, 727.79, 462.98
475.26, 468.58, 216.39
478.63, 471.78, 341.31
482.02, 474.98, 466.22
478.13, 593.51, 213.12
481.52, 596.70, 338.03
484.90, 599.90, 462.95
481.01, 718.43, 209.84
484.40, 721.63, 334.76
487.78, 724.83, 459.67
226.99, 474.28, 348.97
228.61, 474.59, 473.97
230.22, 474.90, 598.95
223.91, 599.25, 348.70
225.53, 599.56, 473.68
227.14, 599.87, 598.67
220.85, 724.21, 348.43
222.45, 724.51, 473.41
224.07, 724.84, 598.40
351.95, 477.35, 347.35
353.55, 477.67, 472.34
355.17, 477.97, 597.33
348.87, 602.31, 347.08
350.48, 602.63, 472.07
352.10, 602.94, 597.06
345.79, 727.27, 346.80
347.41, 727.59, 471.80
349.02, 727.90, 596.78
476.89, 480.43, 345.73
478.51, 480.73, 470.72
480.13, 481.05, 595.71
473.82, 605.38, 345.46
475.44, 605.70, 470.45
477.04, 606.01, 595.44
470.75, 730.35, 345.18
472.35, 730.66, 470.17
473.97, 730.97, 595.17
224.09, 474.05, 474.57
226.08, 471.99, 599.54
228.07, 469.93, 724.51
222.18, 599.02, 476.67
224.17, 596.96, 601.63
226.16, 594.89, 726.60
220.27, 723.99, 478.76
222.26, 721.92, 603.73
224.25, 719.86, 728.70
349.05, 476.00, 472.61
351.05, 473.93, 597.58
353.04, 471.86, 722.54
347.15, 600.96, 474.71
349.13, 598.90, 599.68
351.13, 596.83, 724.65
345.24, 725.93, 476.81
347.23, 723.87, 601.78
349.21, 721.80, 726.74
474.03, 477.94, 470.65
476.02, 475.88, 595.63
478.00, 473.81, 720.59
472.12, 602.91, 472.76
474.11, 600.84, 597.72
476.10, 598.78, 722.68
470.21, 727.87, 474.85
472.20, 725.81, 599.81
474.18, 723.74, 724.79
225.86, 473.96, 598.61
224.58, 471.62, 723.59
223.29, 469.26, 848.56
226.66, 598.93, 600.97
225.36, 596.59, 725.94
224.08, 594.24, 850.91
227.44, 723.91, 603.32
226.15, 721.56, 728.29
224.86, 719.21, 853.26
350.86, 473.14, 599.90
349.57, 470.80, 724.86
348.28, 468.45, 849.83
351.64, 598.13, 602.25
350.36, 595.78, 727.21
349.06, 593.43, 852.19
352.43, 723.10, 604.60
351.14, 720.75, 729.57
349.86, 718.40, 854.54
475.85, 472.34, 601.16
474.55, 469.99, 726.14
473.27, 467.65, 851.11
476.64, 597.31, 603.52
475.35, 594.96, 728.49
474.06, 592.62, 853.46
477.43, 722.29, 605.87
476.13, 719.94, 730.85
474.84, 717.59, 855.81
224.18, 598.56, 99.61
226.86, 597.50, 224.57
229.51, 596.45, 349.54
223.42, 723.55, 100.67
226.09, 722.50, 225.64
228.75, 721.45, 350.61
222.68, 848.54, 101.74
225.32, 847.49, 226.71
227.99, 846.43, 351.68
349.16, 599.35, 96.95
351.83, 598.29, 221.91
354.49, 597.24, 346.88
348.39, 724.33, 98.02
351.06, 723.29, 222.99
353.72, 722.23, 347.95
347.63, 849.33, 99.08
350.29, 848.28, 224.05
352.96, 847.22, 349.02
474.13, 600.13, 94.29
476.79, 599.08, 219.25
479.46, 598.03, 344.22
473.35, 725.13, 95.36
476.03, 724.07, 220.33
478.69, 723.02, 345.29
472.60, 850.11, 96.43
475.26, 849.07, 221.39
477.92, 848.01, 346.36
225.63, 599.75, 223.85
223.98, 597.23, 348.82
222.32, 594.70, 473.78
225.04, 724.72, 226.38
223.39, 722.20, 351.34
221.73, 719.67, 476.30
224.45, 849.70, 228.90
222.79, 847.17, 353.86
221.14, 844.65, 478.82
350.62, 600.31, 225.53
348.97, 597.79, 350.49
347.31, 595.26, 475.45
350.03, 725.29, 228.04
348.37, 722.76, 353.01
346.72, 720.23, 477.97
349.43, 850.26, 230.56
347.78, 847.73, 355.53
346.13, 845.21, 480.49
475.61, 600.88, 227.19
473.96, 598.35, 352.15
472.30, 595.82, 477.11
475.01, 725.84, 229.71
473.36, 723.32, 354.67
471.70, 720.79, 479.63
474.42, 850.82, 232.23
472.76, 848.29, 357.19
471.12, 845.77, 482.15
226.07, 598.64, 348.17
225.23, 602.14, 473.12
224.39, 605.65, 598.07
226.11, 723.59, 344.66
225.26, 727.09, 469.61
224.41, 730.59, 594.56
226.13, 848.54, 341.16
225.29, 852.04, 466.11
224.45, 855.55, 591.06
351.07, 598.63, 349.01
350.22, 602.13, 473.97
349.38, 605.64, 598.91
351.10, 723.58, 345.51
350.25, 727.09, 470.46
349.41, 730.59, 595.40
351.13, 848.54, 342.00
350.29, 852.04, 466.95
349.44, 855.54, 591.90
476.06, 598.63, 349.86
475.23, 602.14, 474.80
474.38, 605.64, 599.75
476.10, 723.58, 346.36
475.25, 727.08, 471.30
474.41, 730.58, 596.25
476.13, 848.53, 342.85
475.28, 852.03, 467.80
474.44, 855.54, 592.74
225.90, 598.57, 475.14
224.61, 600.91, 600.11
223.33, 603.26, 725.08
229.49, 723.50, 472.82
228.20, 725.84, 597.80
226.93, 728.18, 722.77
233.08, 848.42, 470.52
231.80, 850.77, 595.49
230.52, 853.12, 720.46
350.84, 595.00, 476.49
349.55, 597.34, 601.46
348.27, 599.70, 726.43
354.43, 719.92, 474.18
353.15, 722.28, 599.15
351.86, 724.62, 724.12
358.02, 844.85, 471.87
356.73, 847.21, 596.84
355.46, 849.55, 721.81
475.78, 591.44, 477.84
474.50, 593.78, 602.81
473.22, 596.13, 727.78
479.36, 716.36, 475.52
478.09, 718.71, 600.50
476.80, 721.06, 725.48
482.96, 841.29, 473.22
481.68, 843.63, 598.19
480.39, 845.98, 723.16
225.79, 599.17, 600.29
224.66, 597.37, 725.27
223.55, 595.58, 850.25
229.01, 724.12, 602.11
227.90, 722.32, 727.09
226.78, 720.52, 852.07
232.25, 849.05, 603.94
231.13, 847.27, 728.92
230.01, 845.47, 853.90
350.74, 595.92, 601.35
349.62, 594.12, 726.34
348.50, 592.32, 851.32
353.97, 720.86, 603.18
352.85, 719.07, 728.16
351.73, 717.27, 853.15
357.20, 845.81, 605.00
356.09, 844.02, 729.99
354.96, 842.21, 854.97
475.69, 592.68, 602.43
474.58, 590.88, 727.41
473.45, 589.08, 852.39
478.92, 717.62, 604.26
477.81, 715.82, 729.23
476.68, 714.02, 854.22
482.16, 842.56, 606.08
481.04, 840.76, 731.06
479.92, 838.96, 856.04
351.81, 100.32, 101.75
353.17, 99.49, 226.74
354.53, 98.64, 351.74
354.47, 225.29, 102.56
355.83, 224.46, 227.55
357.19, 223.61, 352.54
357.13, 350.26, 103.38
358.49, 349.42, 228.37
359.86, 348.58, 353.36
476.77, 97.67, 100.37
478.13, 96.83, 225.36
479.50, 95.99, 350.35
479.44, 222.64, 101.18
480.80, 221.80, 226.17
482.16, 220.96, 351.16
482.09, 347.61, 102.00
483.46, 346.76, 226.99
484.82, 345.93, 351.97
601.74, 95.03, 98.99
603.10, 94.18, 223.98
604.46, 93.34, 348.96
604.39, 219.99, 99.80
605.77, 219.15, 224.79
607.12, 218.31, 349.78
607.06, 344.96, 100.61
608.42, 344.12, 225.61
609.78, 343.28, 350.59
348.54, 101.33, 223.52
347.41, 102.91, 348.51
346.30, 104.49, 473.50
346.13, 226.29, 221.92
345.01, 227.88, 346.91
343.90, 229.46, 471.88
343.72, 351.26, 220.32
342.61, 352.84, 345.30
341.48, 354.43, 470.29
473.51, 103.75, 224.61
472.39, 105.33, 349.59
471.27, 106.91, 474.58
471.10, 228.72, 223.01
469.98, 230.30, 347.99
468.87, 231.88, 472.98
468.69, 353.68, 221.40
467.57, 355.26, 346.38
466.46, 356.85, 471.36
598.48, 106.17, 225.70
597.36, 107.75, 350.69
596.24, 109.34, 475.67
596.07, 231.14, 224.09
594.95, 232.72, 349.08
593.83, 234.30, 474.06
593.66, 356.10, 222.49
592.54, 357.69, 347.47
591.43, 359.27, 472.46
351.08, 99.37, 350.18
348.37, 96.12, 475.11
345.65, 92.87, 600.04
354.68, 224.27, 353.51
351.97, 221.02, 478.44
349.26, 217.77, 603.37
358.27, 349.17, 356.84
355.57, 345.92, 481.77
352.86, 342.68, 606.70
476.00, 95.70, 352.80
473.29, 92.45, 477.73
470.58, 89.20, 602.65
479.60, 220.60, 356.13
476.89, 217.36, 481.05
474.17, 214.11, 605.98
483.20, 345.51, 359.45
480.48, 342.25, 484.38
477.77, 339.01, 609.31
600.92, 92.03, 355.41
598.22, 88.78, 480.35
595.50, 85.53, 605.28
604.52, 216.94, 358.74
601.81, 213.69, 483.67
599.10, 210.44, 608.59
608.12, 341.84, 362.06
605.40, 338.59, 487.00
602.69, 335.34, 611.92
351.48, 99.46, 475.36
354.89, 100.71, 600.31
358.31, 101.97, 725.27
349.24, 224.43, 474.17
352.65, 225.68, 599.13
356.06, 226.94, 724.07
346.99, 349.41, 472.99
350.41, 350.66, 597.94
353.82, 351.91, 722.88
476.41, 101.67, 471.93
479.83, 102.92, 596.87
483.23, 104.17, 721.83
474.18, 226.64, 470.74
477.58, 227.89, 595.69
481.00, 229.14, 720.63
471.93, 351.62, 469.56
475.35, 352.87, 594.50
478.76, 354.12, 719.45
601.35, 103.88, 468.50
604.76, 105.13, 593.45
608.17, 106.37, 718.40
599.10, 228.85, 467.31
602.52, 230.10, 592.26
605.93, 231.35, 717.20
596.87, 353.83, 466.12
600.28, 355.08, 591.07
603.68, 356.32, 716.01
348.41, 101.79, 601.26
348.66, 98.73, 726.22
348.89, 95.67, 851.19
349.15, 226.74, 604.32
349.39, 223.69, 729.28
349.63, 220.62, 854.25
349.88, 351.71, 607.38
350.12, 348.65, 732.34
350.37, 345.59, 857.30
473.41, 101.06, 601.00
473.65, 97.99, 725.96
473.89, 94.94, 850.92
474.14, 226.02, 604.06
474.39, 222.96, 729.02
474.63, 219.90, 853.99
474.88, 350.98, 607.12
475.12, 347.92, 732.08
475.35, 344.85, 857.05
598.40, 100.32, 600.74
598.65, 97.27, 725.70
598.89, 94.21, 850.67
599.14, 225.29, 603.80
599.39, 222.23, 728.77
599.62, 219.17, 853.73
599.88, 350.25, 606.86
600.11, 347.18, 731.82
600.36, 344.13, 856.78
350.63, 223.37, 100.94
354.19, 220.55, 225.86
357.73, 217.73, 350.77
354.13, 348.29, 103.66
357.68, 345.48, 228.58
361.23, 342.65, 353.49
357.63, 473.20, 106.38
361.17, 470.40, 231.30
364.73, 467.57, 356.22
475.53, 219.95, 97.32
479.08, 217.14, 222.23
482.63, 214.32, 347.15
479.03, 344.88, 100.04
482.58, 342.05, 224.96
486.13, 339.23, 349.86
482.52, 469.79, 102.76
486.08, 466.98, 227.67
489.62, 464.16, 352.60
600.43, 216.54, 93.69
604.00, 213.72, 218.60
607.54, 210.90, 343.53
603.93, 341.46, 96.40
607.48, 338.64, 221.33
611.03, 335.82, 346.25
607.42, 466.39, 99.13
610.97, 463.56, 224.04
614.52, 460.74, 348.97
349.08, 224.39, 226.65
346.46, 223.04, 351.62
343.85, 221.70, 476.58
346.75, 349.35, 227.94
344.13, 348.01, 352.91
341.51, 346.68, 477.87
344.42, 474.32, 229.23
341.79, 472.98, 354.20
339.18, 471.64, 479.17
474.04, 226.69, 229.29
471.42, 225.35, 354.26
468.80, 224.00, 479.22
471.70, 351.66, 230.58
469.08, 350.32, 355.55
466.46, 348.98, 480.52
469.37, 476.63, 231.88
466.75, 475.29, 356.84
464.13, 473.95, 481.80
598.99, 229.00, 231.94
596.37, 227.65, 356.91
593.74, 226.32, 481.87
596.65, 353.96, 233.23
594.03, 352.63, 358.20
591.41, 351.29, 483.16
594.32, 478.94, 234.52
591.70, 477.60, 359.49
589.07, 476.26, 484.46
348.94, 225.56, 351.47
347.21, 228.59, 476.42
345.49, 231.60, 601.37
348.12, 350.52, 348.44
346.39, 353.55, 473.39
344.66, 356.56, 598.34
347.30, 475.48, 345.40
345.57, 478.50, 470.36
343.85, 481.52, 595.31
473.92, 226.42, 353.17
472.20, 229.44, 478.12
470.47, 232.47, 603.08
473.10, 351.39, 350.14
471.37, 354.40, 475.10
469.65, 357.42, 600.04
472.28, 476.34, 347.11
470.56, 479.37, 472.06
468.83, 482.38, 597.01
598.90, 227.28, 354.88
597.19, 230.31, 479.82
595.46, 233.33, 604.78
598.08, 352.24, 351.84
596.36, 355.26, 476.80
594.64, 358.29, 601.75
597.27, 477.21, 348.81
595.54, 480.23, 473.77
593.82, 483.25, 598.72
349.32, 226.29, 473.55
347.69, 227.43, 598.52
346.05, 228.57, 723.51
346.42, 351.25, 472.36
344.79, 352.39, 597.35
343.16, 353.53, 722.34
343.54, 476.21, 471.19
341.91, 477.35, 596.18
340.27, 478.49, 721.15
474.28, 229.20, 475.14
472.64, 230.33, 600.13
471.00, 231.47, 725.11
471.38, 354.15, 473.97
469.75, 355.29, 598.95
468.12, 356.44, 723.94
468.49, 479.12, 472.79
466.86, 480.25, 597.78
465.22, 481.40, 722.76
599.23, 232.11, 476.75
597.60, 233.24, 601.74
595.97, 234.38, 726.72
596.33, 357.06, 475.58
594.70, 358.20, 600.56
593.07, 359.34, 725.54
593.44, 482.02, 474.40
591.82, 483.16, 599.38
590.18, 484.30, 724.37
348.06, 223.65, 601.89
346.55, 220.83, 726.85
345.03, 218.01, 851.80
346.07, 348.60, 604.68
344.55, 345.78, 729.63
343.06, 342.97, 854.60
344.08, 473.55, 607.47
342.57, 470.74, 732.43
341.06, 467.92, 857.39
473.03, 225.60, 603.44
471.53, 222.78, 728.40
470.02, 219.97, 853.35
471.04, 350.55, 606.23
469.54, 347.73, 731.20
468.02, 344.92, 856.15
469.05, 475.50, 609.02
467.55, 472.69, 733.98
466.04, 469.87, 858.94
598.01, 227.56, 604.99
596.50, 224.74, 729.95
594.99, 221.91, 854.91
596.02, 352.51, 607.78
594.50, 349.69, 732.74
593.00, 346.87, 857.71
594.03, 477.47, 610.57
592.52, 474.65, 735.53
591.01, 471.83, 860.50
350.78, 350.10, 98.42
349.54, 351.20, 223.41
348.29, 352.30, 348.40
347.81, 475.07, 97.29
346.55, 476.16, 222.28
345.31, 477.27, 347.27
344.81, 600.03, 96.16
343.57, 601.12, 221.14
342.32, 602.22, 346.14
475.74, 353.10, 99.64
474.50, 354.20, 224.63
473.25, 355.30, 349.61
472.76, 478.05, 98.51
471.51, 479.16, 223.50
470.26, 480.26, 348.49
469.77, 603.02, 97.38
468.52, 604.12, 222.37
467.28, 605.22, 347.35
600.70, 356.10, 100.86
599.45, 357.20, 225.86
598.21, 358.30, 350.84
597.72, 481.05, 99.73
596.47, 482.16, 224.72
595.23, 483.26, 349.71
594.73, 606.01, 98.60
593.48, 607.12, 223.58
592.24, 608.22, 348.57
348.28, 348.43, 225.29
348.44, 351.45, 350.26
348.59, 354.47, 475.22
349.22, 473.39, 222.27
349.39, 476.42, 347.23
349.55, 479.44, 472.20
350.19, 598.36, 219.25
350.34, 601.38, 344.21
350.51, 604.40, 469.18
473.27, 347.48, 225.16
473.43, 350.50, 350.12
473.59, 353.52, 475.08
474.23, 472.44, 222.13
474.39, 475.46, 347.10
474.55, 478.48, 472.05
475.17, 597.40, 219.11
475.34, 600.42, 344.07
475.51, 603.44, 469.04
598.27, 346.52, 225.01
598.43, 349.54, 349.98
598.59, 352.57, 474.94
599.22, 471.48, 221.99
599.38, 474.50, 346.96
599.54, 477.52, 471.92
600.18, 596.44, 218.97
600.34, 599.46, 343.93
600.50, 602.48, 468.90
350.12, 348.14, 350.02
349.96, 349.41, 475.02
349.80, 350.68, 600.00
348.40, 473.12, 348.75
348.24, 474.39, 473.74
348.08, 475.66, 598.74
346.69, 598.11, 347.47
346.52, 599.38, 472.48
346.36, 600.64, 597.46
475.11, 349.87, 350.16
474.95, 351.13, 475.15
474.79, 352.40, 600.15
473.39, 474.85, 348.90
473.23, 476.12, 473.89
473.07, 477.39, 598.88
471.67, 599.83, 347.62
471.51, 601.10, 472.62
471.34, 602.37, 597.61
600.10, 351.59, 350.31
599.94, 352.85, 475.30
599.78, 354.13, 600.29
598.38, 476.57, 349.04
598.22, 477.84, 474.03
598.06, 479.11, 599.03
596.66, 601.55, 347.76
596.50, 602.82, 472.76
596.34, 604.08, 597.75
351.26, 351.26, 475.82
354.37, 347.96, 600.74
357.48, 344.67, 725.65
354.68, 476.17, 479.03
357.79, 472.88, 603.94
360.89, 469.59, 728.86
358.10, 601.08, 482.23
361.20, 597.79, 607.15
364.32, 594.50, 732.07
476.18, 347.92, 472.63
479.29, 344.63, 597.54
482.40, 341.35, 722.46
479.60, 472.83, 475.83
482.70, 469.55, 600.74
485.81, 466.26, 725.66
483.01, 597.75, 479.03
486.12, 594.45, 603.95
489.23, 591.17, 728.87
601.09, 344.59, 469.43
604.21, 341.30, 594.35
607.30, 338.01, 719.26
604.51, 469.50, 472.63
607.62, 466.22, 597.55
610.74, 462.92, 722.47
607.93, 594.42, 475.84
611.03, 591.12, 600.75
614.14, 587.84, 725.68
348.47, 348.77, 598.00
345.77, 348.37, 722.98
343.07, 347.97, 847.94
345.15, 473.73, 598.34
342.44, 473.33, 723.31
339.73, 472.92, 848.27
341.81, 598.68, 598.67
339.10, 598.28, 723.63
336.39, 597.87, 848.60
473.40, 352.09, 600.72
470.70, 351.69, 725.69
467.99, 351.29, 850.66
470.07, 477.05, 601.04
467.36, 476.64, 726.02
464.67, 476.25, 850.99
466.73, 602.00, 601.38
464.04, 601.60, 726.35
461.32, 601.20, 851.32
598.33, 355.42, 603.43
595.62, 355.02, 728.40
592.92, 354.62, 853.37
595.00, 480.37, 603.77
592.29, 479.97, 728.73
589.58, 479.58, 853.70
591.66, 605.33, 604.09
588.96, 604.93, 729.06
586.26, 604.53, 854.03
350.40, 474.27, 99.04
347.96, 470.82, 223.97
345.52, 467.37, 348.89
347.23, 599.17, 102.43
344.79, 595.73, 227.35
342.35, 592.28, 352.28
344.07, 724.09, 105.82
341.62, 720.64, 230.74
339.18, 717.19, 355.67
475.33, 477.36, 101.57
472.90, 473.92, 226.49
470.45, 470.47, 351.43
472.17, 602.28, 104.95
469.73, 598.83, 229.89
467.28, 595.38, 354.81
469.02, 727.19, 108.34
466.56, 723.74, 233.27
464.12, 720.29, 358.20
600.27, 480.46, 104.10
597.83, 477.02, 229.02
595.39, 473.57, 353.95
597.10, 605.38, 107.49
594.67, 601.93, 232.40
592.22, 598.48, 357.33
593.94, 730.29, 110.87
591.50, 726.85, 235.79
589.05, 723.39, 360.72
348.85, 473.16, 224.65
349.47, 473.26, 349.64
350.08, 473.37, 474.63
346.12, 598.13, 224.55
346.73, 598.23, 349.55
347.34, 598.34, 474.54
343.38, 723.10, 224.46
343.99, 723.21, 349.46
344.61, 723.31, 474.46
473.83, 475.90, 224.02
474.43, 476.00, 349.02
475.05, 476.11, 474.02
471.09, 600.86, 223.93
471.70, 600.97, 348.93
472.32, 601.08, 473.93
468.35, 725.84, 223.84
468.97, 725.95, 348.85
469.58, 726.05, 473.83
598.79, 478.63, 223.41
599.40, 478.74, 348.40
600.02, 478.85, 473.40
596.05, 603.60, 223.32
596.67, 603.71, 348.31
597.28, 603.81, 473.31
593.31, 728.57, 223.22
593.93, 728.68, 348.23
594.55, 728.78, 473.22
348.09, 474.63, 351.71
350.00, 475.11, 476.69
351.92, 475.58, 601.67
351.70, 599.58, 351.17
353.61, 600.06, 476.16
355.54, 600.53, 601.14
355.31, 724.52, 350.63
357.23, 725.01, 475.62
359.14, 725.48, 600.60
473.02, 471.02, 349.80
474.93, 471.49, 474.78
476.85, 471.96, 599.77
476.63, 595.96, 349.27
478.55, 596.44, 474.25
480.46, 596.92, 599.23
480.25, 720.91, 348.73
482.16, 721.38, 473.72
484.07, 721.86, 598.70
597.96, 467.39, 347.90
599.87, 467.87, 472.88
601.79, 468.35, 597.86
601.56, 592.34, 347.36
603.48, 592.82, 472.36
605.40, 593.29, 597.33
605.17, 717.29, 346.83
607.09, 717.76, 471.81
609.01, 718.24, 596.81
349.86, 475.29, 476.75
353.01, 478.03, 601.68
356.16, 480.77, 726.62
348.59, 600.25, 474.04
351.74, 603.00, 598.97
354.89, 605.74, 723.90
347.32, 725.22, 471.34
350.47, 727.96, 596.26
353.62, 730.70, 721.19
474.82, 476.48, 473.58
477.97, 479.23, 598.51
481.11, 481.98, 723.44
473.55, 601.45, 470.86
476.70, 604.19, 595.79
479.84, 606.94, 720.72
472.28, 726.41, 468.15
475.43, 729.16, 593.09
478.58, 731.90, 718.01
599.77, 477.68, 470.40
602.92, 480.42, 595.33
606.07, 483.17, 720.27
598.50, 602.65, 467.69
601.65, 605.39, 592.62
604.80, 608.14, 717.55
597.24, 727.61, 464.97
600.38, 730.36, 589.91
603.53, 733.09, 714.84
351.41, 476.94, 601.15
355.09, 480.08, 726.05
358.77, 483.23, 850.96
355.06, 601.84, 597.90
358.73, 604.99, 722.81
362.41, 608.14, 847.70
358.70, 726.75, 594.64
362.38, 729.89, 719.55
366.06, 733.05, 844.45
476.31, 473.20, 597.57
479.97, 476.35, 722.47
483.66, 479.50, 847.38
479.95, 598.10, 594.31
483.63, 601.25, 719.22
487.30, 604.40, 844.13
483.60, 723.00, 591.05
487.28, 726.16, 715.97
490.95, 729.31, 840.87
601.20, 469.46, 593.99
604.88, 472.61, 718.89
608.55, 475.76, 843.80
604.84, 594.36, 590.73
608.51, 597.51, 715.63
612.19, 600.67, 840.54
608.49, 719.27, 587.48
612.16, 722.42, 712.38
615.84, 725.57, 837.28
349.65, 600.35, 99.02
346.96, 603.39, 223.95
344.27, 606.43, 348.88
352.53, 725.27, 96.02
349.84, 728.33, 220.96
347.15, 731.37, 345.89
355.43, 850.21, 93.04
352.73, 853.25, 217.97
350.03, 856.30, 342.91
474.60, 597.52, 101.78
471.90, 600.57, 226.72
469.20, 603.61, 351.65
477.48, 722.45, 98.79
474.78, 725.49, 223.73
472.08, 728.55, 348.66
480.37, 847.38, 95.80
477.68, 850.43, 220.74
474.98, 853.47, 345.68
599.52, 594.70, 104.55
596.83, 597.75, 229.48
594.14, 600.80, 354.41
602.41, 719.63, 101.56
599.72, 722.67, 226.49
597.03, 725.72, 351.43
605.30, 844.56, 98.57
602.61, 847.61, 223.51
599.91, 850.65, 348.43
351.96, 599.81, 223.09
353.98, 601.66, 348.06
356.00, 603.51, 473.03
350.48, 724.78, 221.27
352.50, 726.63, 346.23
354.52, 728.48, 471.20
349.00, 849.76, 219.44
351.02, 851.61, 344.41
353.03, 853.46, 469.38
476.94, 601.26, 221.05
478.95, 603.10, 346.01
480.97, 604.95, 470.99
475.46, 726.23, 219.22
477.48, 728.09, 344.19
479.49, 729.93, 469.16
473.98, 851.21, 217.40
475.99, 853.07, 342.37
478.01, 854.91, 467.33
601.91, 602.71, 219.01
603.93, 604.56, 343.98
605.95, 606.41, 468.95
600.44, 727.69, 217.19
602.45, 729.53, 342.16
604.47, 731.38, 467.13
598.94, 852.67, 215.37
600.96, 854.51, 340.33
602.98, 856.37, 465.31
348.68, 598.82, 351.97
347.70, 600.32, 476.95
346.73, 601.80, 601.94
346.45, 723.80, 350.46
345.48, 725.28, 475.45
344.51, 726.77, 600.43
344.22, 848.77, 348.96
343.25, 850.25, 473.94
342.28, 851.74, 598.93
473.66, 601.06, 352.91
472.68, 602.55, 477.90
471.71, 604.04, 602.88
471.42, 726.04, 351.41
470.45, 727.52, 476.39
469.49, 729.02, 601.38
469.19, 851.00, 349.90
468.23, 852.49, 474.89
467.26, 853.98, 599.87
598.63, 603.30, 353.86
597.65, 604.79, 478.85
596.68, 606.28, 603.83
596.41, 728.27, 352.35
595.43, 729.76, 477.34
594.46, 731.25, 602.32
594.18, 853.24, 350.84
593.20, 854.73, 475.84
592.23, 856.22, 600.82
349.48, 599.70, 476.22
347.71, 596.79, 601.18
345.92, 593.88, 726.13
349.88, 724.66, 479.14
348.11, 721.75, 604.09
346.32, 718.84, 729.04
350.29, 849.62, 482.05
348.51, 846.71, 607.01
346.74, 843.80, 731.96
474.47, 599.25, 477.99
472.69, 596.34, 602.94
470.91, 593.43, 727.90
474.87, 724.21, 480.90
473.10, 721.30, 605.86
471.31, 718.40, 730.82
475.28, 849.18, 483.82
473.51, 846.27, 608.78
471.72, 843.36, 733.72
599.46, 598.80, 479.76
597.68, 595.89, 604.71
595.89, 592.98, 729.67
599.86, 723.76, 482.67
598.08, 720.86, 607.63
596.30, 717.94, 732.58
600.27, 848.74, 485.60
598.48, 845.82, 610.55
596.71, 842.91, 735.51
351.23, 601.57, 601.54
350.50, 604.53, 726.51
349.78, 607.48, 851.47
350.67, 726.53, 598.58
349.95, 729.49, 723.55
349.22, 732.45, 848.51
350.11, 851.49, 595.62
349.39, 854.46, 720.58
348.66, 857.41, 845.55
476.23, 602.15, 602.26
475.50, 605.11, 727.23
474.78, 608.06, 852.19
475.67, 727.11, 599.29
474.95, 730.07, 724.26
474.21, 733.03, 849.22
475.11, 852.07, 596.34
474.38, 855.02, 721.30
473.66, 857.99, 846.26
601.22, 602.72, 602.97
600.50, 605.68, 727.94
599.78, 608.64, 852.90
600.67, 727.69, 600.01
599.94, 730.64, 724.97
599.22, 733.60, 849.94
600.11, 852.64, 597.04
599.38, 855.61, 722.01
598.66, 858.56, 846.97
473.06, 99.02, 100.87
475.56, 102.24, 225.80
478.06, 105.46, 350.74
475.29, 223.95, 97.61
477.79, 227.18, 222.54
480.28, 230.39, 347.47
477.52, 348.90, 94.34
480.01, 352.11, 219.28
482.51, 355.33, 344.21
598.02, 96.72, 98.43
600.51, 99.95, 223.37
603.01, 103.17, 348.31
600.24, 221.67, 95.17
602.74, 224.88, 220.10
605.23, 228.10, 345.04
602.47, 346.60, 91.91
604.97, 349.82, 216.85
607.47, 353.04, 341.78
722.97, 94.44, 96.00
725.47, 97.66, 220.93
727.97, 100.87, 345.86
725.22, 219.37, 92.73
727.69, 222.59, 217.67
730.19, 225.81, 342.60
727.43, 344.31, 89.47
729.93, 347.53, 214.40
732.42, 350.75, 339.34
473.92, 99.74, 226.14
472.45, 97.72, 351.12
470.98, 95.69, 476.09
471.32, 224.70, 228.14
469.85, 222.68, 353.11
468.38, 220.65, 478.09
468.72, 349.66, 230.13
467.25, 347.64, 355.11
465.77, 345.61, 480.08
598.88, 102.31, 227.65
597.41, 100.30, 352.63
595.94, 98.27, 477.60
596.29, 227.27, 229.65
594.82, 225.25, 354.62
593.34, 223.23, 479.60
593.69, 352.23, 231.64
592.21, 350.21, 356.61
590.75, 348.18, 481.59
723.84, 104.90, 229.17
722.38, 102.86, 354.14
720.91, 100.84, 479.12
721.25, 229.84, 231.16
719.78, 227.83, 356.14
718.30, 225.80, 481.11
718.65, 354.81, 233.15
717.18, 352.78, 358.13
715.71, 350.76, 483.11
474.74, 101.15, 351.13
471.77, 102.63, 476.10
468.81, 104.11, 601.05
476.67, 226.13, 349.71
473.71, 227.61, 474.66
470.72, 229.09, 599.62
478.59, 351.11, 348.27
475.63, 352.59, 473.23
472.66, 354.07, 598.18
599.70, 99.26, 354.13
596.72, 100.74, 479.09
593.75, 102.22, 604.05
601.63, 224.23, 352.70
598.65, 225.72, 477.65
595.68, 227.20, 602.61
603.55, 349.21, 351.27
600.57, 350.70, 476.22
597.61, 352.17, 601.17
724.64, 97.37, 357.13
721.67, 98.85, 482.08
718.70, 100.33, 607.04
726.57, 222.35, 355.69
723.60, 223.82, 480.65
720.63, 225.31, 605.60
728.50, 347.32, 354.25
725.52, 348.80, 479.21
722.56, 350.28, 604.17
474.71, 98.40, 475.56
473.21, 99.16, 600.54
471.70, 99.89, 725.53
474.73, 223.40, 474.81
473.22, 224.15, 599.80
471.71, 224.89, 724.79
474.74, 348.40, 474.07
473.23, 349.15, 599.05
471.72, 349.89, 724.05
599.70, 98.40, 477.06
598.20, 99.15, 602.05
596.70, 99.89, 727.03
599.71, 223.40, 476.32
598.21, 224.14, 601.31
596.70, 224.89, 726.29
599.73, 348.40, 475.57
598.22, 349.15, 600.56
596.70, 349.89, 725.55
724.70, 98.41, 478.57
723.19, 99.15, 603.56
721.68, 99.89, 728.55
724.71, 223.40, 477.82
723.20, 224.15, 602.82
721.69, 224.89, 727.80
724.71, 348.40, 477.09
723.21, 349.14, 602.07
721.70, 349.89, 727.06
474.99, 101.25, 601.62
477.45, 100.18, 726.59
479.93, 99.11, 851.57
476.70, 226.22, 602.65
479.18, 225.15, 727.62
481.66, 224.10, 852.59
478.44, 351.21, 603.68
480.91, 350.14, 728.66
483.38, 349.07, 853.63
599.94, 99.54, 599.13
602.42, 98.47, 724.10
604.89, 97.40, 849.07
601.68, 224.52, 600.17
604.15, 223.46, 725.14
606.62, 222.38, 850.11
603.40, 349.50, 601.20
605.87, 348.43, 726.17
608.36, 347.37, 851.14
724.91, 97.83, 596.64
727.38, 96.76, 721.61
729.85, 95.69, 846.58
726.64, 222.81, 597.68
729.10, 221.74, 722.65
731.58, 220.68, 847.61
728.37, 347.80, 598.71
730.84, 346.73, 723.68
733.31, 345.65, 848.65
473.29, 223.93, 100.67
470.79, 226.94, 225.61
468.28, 229.97, 350.55
472.09, 348.89, 97.63
469.59, 351.90, 222.57
467.09, 354.92, 347.50
470.90, 473.84, 94.59
468.40, 476.86, 219.53
465.89, 479.88, 344.47
598.26, 225.18, 103.15
595.76, 228.20, 228.08
593.25, 231.22, 353.03
597.07, 350.14, 100.10
594.56, 353.16, 225.05
592.06, 356.18, 349.98
595.87, 475.10, 97.06
593.36, 478.11, 222.00
590.86, 481.14, 346.94
723.23, 226.44, 105.62
720.72, 229.46, 230.56
718.22, 232.49, 355.50
722.03, 351.40, 102.58
719.53, 354.43, 227.51
717.02, 357.43, 352.46
720.84, 476.35, 99.53
718.33, 479.38, 224.48
715.82, 482.40, 349.41
473.88, 225.36, 225.08
476.73, 223.62, 350.03
479.59, 221.88, 474.99
474.31, 350.34, 226.80
477.16, 348.60, 351.76
480.00, 346.86, 476.72
474.73, 475.33, 228.54
477.57, 473.59, 353.49
480.42, 471.84, 478.45
598.86, 224.98, 222.21
601.70, 223.23, 347.17
604.54, 221.49, 472.13
599.27, 349.96, 223.95
602.12, 348.22, 348.91
604.97, 346.48, 473.86
599.69, 474.94, 225.68
602.54, 473.21, 350.64
605.39, 471.47, 475.59
723.82, 224.59, 219.37
726.67, 222.86, 344.31
729.52, 221.11, 469.28
724.24, 349.58, 221.09
727.09, 347.84, 346.06
729.94, 346.10, 471.01
724.65, 474.57, 222.84
727.50, 472.83, 347.78
730.36, 471.09, 472.74
473.42, 224.59, 349.68
474.61, 227.98, 474.63
475.78, 231.36, 599.58
475.61, 349.53, 346.28
476.79, 352.91, 471.23
477.98, 356.29, 596.18
477.81, 474.46, 342.88
479.00, 477.85, 467.83
480.17, 481.23, 592.78
598.40, 222.36, 348.56
599.57, 225.75, 473.51
600.76, 229.13, 598.47
600.59, 347.30, 345.16
601.77, 350.68, 470.11
602.95, 354.07, 595.06
602.79, 472.24, 341.75
603.96, 475.62, 466.70
605.15, 479.00, 591.65
723.37, 220.14, 347.44
724.56, 223.52, 472.39
725.73, 226.91, 597.34
725.56, 345.08, 344.04
726.75, 348.46, 468.99
727.93, 351.84, 593.93
727.76, 470.01, 340.63
728.95, 473.39, 465.58
730.12, 476.77, 590.53
475.67, 226.37, 475.68
476.54, 229.33, 600.64
477.41, 232.30, 725.60
479.18, 351.28, 472.69
480.04, 354.25, 597.65
480.91, 357.22, 722.62
482.68, 476.19, 469.70
483.55, 479.16, 594.66
484.41, 482.13, 719.63
600.61, 222.84, 474.90
601.49, 225.80, 599.86
602.35, 228.77, 724.82
604.13, 347.75, 471.90
604.99, 350.72, 596.87
605.85, 353.68, 721.83
607.63, 472.67, 468.92
608.50, 475.63, 593.88
609.37, 478.60, 718.84
725.57, 219.31, 474.12
726.44, 222.27, 599.08
727.30, 225.24, 724.04
729.07, 344.23, 471.12
729.95, 347.19, 596.09
730.81, 350.16, 721.05
732.58, 469.14, 468.14
733.45, 472.11, 593.10
734.31, 475.07, 718.05
476.46, 226.56, 601.69
478.98, 224.88, 726.66
481.51, 223.22, 851.62
475.53, 351.53, 603.39
478.05, 349.87, 728.35
480.57, 348.20, 853.31
474.59, 476.53, 605.08
477.11, 474.85, 730.04
479.64, 473.18, 855.01
601.43, 227.53, 599.19
603.96, 225.86, 724.15
606.47, 224.18, 849.12
600.50, 352.51, 600.88
603.02, 350.83, 725.84
605.55, 349.17, 850.80
599.57, 477.50, 602.56
602.09, 475.82, 727.53
604.60, 474.15, 852.49
726.41, 228.49, 596.68
728.92, 226.82, 721.65
731.45, 225.15, 846.61
725.48, 353.47, 598.37
727.99, 351.81, 723.33
730.51, 350.13, 848.29
724.53, 478.46, 600.06
727.06, 476.80, 725.02
729.58, 475.13, 849.98
473.75, 351.84, 98.46
476.74, 354.83, 223.39
479.72, 357.83, 348.33
472.26, 476.79, 95.50
475.26, 479.78, 220.43
478.23, 482.78, 345.36
470.78, 601.75, 92.54
473.76, 604.74, 217.47
476.75, 607.74, 342.40
598.71, 353.24, 95.44
601.69, 356.24, 220.37
604.68, 359.24, 345.30
597.23, 478.21, 92.48
600.20, 481.20, 217.41
603.20, 484.20, 342.33
595.75, 603.15, 89.51
598.72, 606.16, 214.45
601.71, 609.15, 339.38
723.65, 354.66, 92.42
726.65, 357.66, 217.35
729.63, 360.66, 342.28
722.16, 479.62, 89.47
725.16, 482.62, 214.39
728.15, 485.61, 339.31
720.69, 604.57, 86.51
723.69, 607.57, 211.42
726.67, 610.57, 336.35
476.38, 349.96, 225.76
478.27, 346.61, 350.70
480.17, 343.25, 475.65
474.98, 474.91, 229.13
476.86, 471.56, 354.08
478.76, 468.21, 479.02
473.57, 599.86, 232.51
475.46, 596.51, 357.45
477.36, 593.16, 482.40
601.35, 351.41, 223.91
603.25, 348.07, 348.85
605.14, 344.71, 473.79
599.95, 476.37, 227.28
601.85, 473.01, 352.22
603.74, 469.65, 477.16
598.55, 601.31, 230.66
600.44, 597.96, 355.60
602.34, 594.60, 480.54
726.34, 352.87, 222.05
728.22, 349.51, 346.99
730.12, 346.17, 471.93
724.93, 477.82, 225.43
726.83, 474.46, 350.37
728.72, 471.11, 475.31
723.53, 602.76, 228.80
725.42, 599.41, 353.75
727.31, 596.05, 478.68
473.08, 350.46, 350.84
470.43, 348.44, 475.80
467.78, 346.42, 600.75
470.23, 475.41, 352.80
467.60, 473.39, 477.75
464.95, 471.37, 602.71
467.40, 600.36, 354.76
464.76, 598.34, 479.72
462.11, 596.32, 604.67
598.02, 353.26, 353.53
595.37, 351.24, 478.48
592.73, 349.21, 603.43
595.18, 478.20, 355.49
592.53, 476.19, 480.44
589.89, 474.17, 605.40
592.34, 603.16, 357.45
589.69, 601.13, 482.40
587.05, 599.11, 607.36
722.95, 356.04, 356.21
720.31, 354.03, 481.16
717.66, 352.01, 606.12
720.11, 481.01, 358.17
717.48, 478.98, 483.13
714.83, 476.96, 608.08
717.28, 605.96, 360.13
714.64, 603.93, 485.09
711.99, 601.91, 610.04
473.04, 350.39, 476.10
472.89, 353.23, 601.07
472.75, 356.08, 726.04
474.99, 475.34, 473.26
474.85, 478.19, 598.23
474.70, 481.04, 723.19
476.95, 600.29, 470.41
476.80, 603.14, 595.39
476.66, 605.99, 720.35
598.02, 348.44, 476.29
597.88, 351.29, 601.26
597.73, 354.13, 726.22
599.97, 473.39, 473.44
599.83, 476.24, 598.41
599.69, 479.08, 723.38
601.93, 598.34, 470.60
601.79, 601.19, 595.57
601.65, 604.03, 720.54
723.01, 346.49, 476.48
722.86, 349.33, 601.44
722.72, 352.18, 726.41
724.96, 471.44, 473.63
724.81, 474.29, 598.60
724.68, 477.14, 723.57
726.91, 596.39, 470.79
726.77, 599.24, 595.76
726.63, 602.09, 720.72
474.63, 350.57, 598.78
471.41, 351.96, 723.73
468.18, 353.35, 848.68
475.17, 475.56, 597.40
471.94, 476.95, 722.34
468.73, 478.34, 847.30
475.71, 600.55, 596.02
472.49, 601.94, 720.97
469.26, 603.33, 845.92
599.59, 350.06, 602.01
596.36, 351.45, 726.96
593.14, 352.85, 851.91
600.13, 475.06, 600.64
596.91, 476.44, 725.58
593.68, 477.84, 850.53
600.67, 600.05, 599.25
597.44, 601.44, 724.20
594.22, 602.83, 849.15
724.55, 349.56, 605.24
721.32, 350.96, 730.19
718.09, 352.35, 855.14
725.09, 474.55, 603.86
721.86, 475.94, 728.81
718.63, 477.34, 853.76
725.63, 599.55, 602.48
722.40, 600.94, 727.43
719.18, 602.33, 852.39
474.70, 476.06, 100.40
476.28, 475.73, 225.38
477.82, 475.39, 350.37
473.43, 601.06, 100.74
474.99, 600.73, 225.73
476.55, 600.39, 350.72
472.15, 726.05, 101.09
473.71, 725.72, 226.08
475.28, 725.39, 351.07
599.68, 477.35, 98.83
601.25, 477.01, 223.82
602.82, 476.68, 348.81
598.41, 602.34, 99.18
599.98, 602.00, 224.17
601.54, 601.67, 349.16
597.14, 727.33, 99.53
598.69, 726.99, 224.52
600.26, 726.67, 349.51
724.67, 478.63, 97.28
726.23, 478.29, 222.26
727.80, 477.95, 347.25
723.39, 603.62, 97.62
724.96, 603.28, 222.61
726.52, 602.96, 347.60
722.12, 728.62, 97.97
723.68, 728.28, 222.96
725.25, 727.94, 347.95
474.57, 476.39, 226.18
477.01, 473.33, 351.12
479.47, 470.26, 476.06
471.78, 601.32, 229.31
474.24, 598.25, 354.25
476.69, 595.19, 479.18
469.00, 726.25, 232.43
471.46, 723.19, 357.37
473.91, 720.12, 482.30
599.51, 479.23, 223.80
601.96, 476.16, 348.73
604.42, 473.10, 473.68
596.73, 604.17, 226.92
599.18, 601.10, 351.85
601.64, 598.03, 476.79
593.95, 729.10, 230.04
596.40, 726.03, 354.98
598.86, 722.95, 479.92
724.45, 482.08, 221.41
726.90, 479.01, 346.34
729.37, 475.95, 471.28
721.67, 607.01, 224.53
724.13, 603.93, 349.47
726.59, 600.87, 474.41
718.89, 731.93, 227.65
721.35, 728.87, 352.59
723.80, 725.80, 477.54
475.08, 474.85, 351.54
476.19, 472.77, 476.52
477.29, 470.69, 601.50
471.87, 599.79, 353.64
472.97, 597.72, 478.62
474.07, 595.63, 603.60
468.65, 724.73, 355.74
469.75, 722.65, 480.72
470.85, 720.58, 605.70
600.04, 478.08, 350.49
601.14, 476.01, 475.47
602.24, 473.94, 600.45
596.82, 603.02, 352.60
597.92, 600.95, 477.57
599.02, 598.87, 602.55
593.60, 727.96, 354.70
594.70, 725.89, 479.67
595.81, 723.82, 604.65
724.99, 481.32, 349.45
726.10, 479.25, 474.42
727.19, 477.17, 599.40
721.77, 606.26, 351.55
722.88, 604.19, 476.52
723.98, 602.11, 601.51
718.56, 731.20, 353.64
719.66, 729.14, 478.62
720.75, 727.06, 603.60
474.36, 474.65, 473.10
477.89, 474.11, 598.05
481.43, 473.57, 723.00
472.61, 599.64, 473.69
476.15, 599.09, 598.64
479.69, 598.55, 723.59
470.86, 724.62, 474.28
474.40, 724.08, 599.23
477.94, 723.54, 724.18
599.29, 476.41, 469.58
602.83, 475.86, 594.53
606.37, 475.33, 719.47
597.55, 601.39, 470.16
601.09, 600.86, 595.11
604.62, 600.32, 720.06
595.81, 726.38, 470.75
599.35, 725.85, 595.70
602.88, 725.30, 720.64
724.24, 478.17, 466.05
727.77, 477.62, 591.00
731.31, 477.09, 715.94
722.48, 603.15, 466.64
726.02, 602.62, 591.58
729.56, 602.08, 716.53
720.74, 728.15, 467.23
724.28, 727.61, 592.16
727.82, 727.07, 717.13
474.95, 473.66, 601.07
474.34, 470.85, 726.04
473.74, 468.05, 851.01
471.29, 598.57, 603.86
470.69, 595.76, 728.83
470.08, 592.96, 853.79
467.64, 723.48, 606.64
467.03, 720.68, 731.60
466.42, 717.88, 856.57
599.89, 477.30, 601.77
599.29, 474.50, 726.73
598.69, 471.70, 851.70
596.23, 602.20, 604.54
595.63, 599.42, 729.51
595.03, 596.61, 854.48
592.58, 727.12, 607.33
591.98, 724.32, 732.29
591.37, 721.53, 857.26
724.84, 480.94, 602.45
724.23, 478.13, 727.41
723.63, 475.33, 852.38
721.18, 605.85, 605.23
720.57, 603.05, 730.19
719.97, 600.26, 855.16
717.52, 730.76, 608.01
716.91, 727.97, 732.98
716.31, 725.17, 857.95
473.51, 601.79, 101.21
474.39, 605.43, 226.15
475.27, 609.07, 351.09
469.87, 726.69, 97.60
470.76, 730.33, 222.54
471.64, 733.97, 347.48
466.24, 851.58, 93.98
467.12, 855.22, 218.92
468.01, 858.87, 343.87
598.45, 605.40, 100.22
599.34, 609.04, 225.16
600.22, 612.68, 350.10
594.81, 730.29, 96.60
595.71, 733.94, 221.55
596.58, 737.57, 346.50
591.19, 855.19, 92.99
592.07, 858.83, 217.93
592.95, 862.47, 342.87
723.39, 609.00, 99.23
724.29, 612.64, 224.17
725.16, 616.28, 349.12
719.77, 733.90, 95.62
720.64, 737.54, 220.56
721.53, 741.18, 345.50
716.13, 858.79, 92.01
717.02, 862.43, 216.93
717.90, 866.08, 341.90
475.57, 601.52, 223.12
476.52, 601.63, 348.12
477.46, 601.76, 473.12
476.37, 726.52, 223.00
477.32, 726.64, 348.00
478.25, 726.75, 473.00
477.18, 851.52, 222.89
478.12, 851.64, 347.88
479.06, 851.75, 472.87
600.57, 600.72, 222.19
601.50, 600.83, 347.19
602.45, 600.95, 472.18
601.37, 725.71, 222.06
602.31, 725.84, 347.07
603.25, 725.95, 472.06
602.18, 850.72, 221.95
603.11, 850.83, 346.94
604.05, 850.95, 471.94
725.57, 599.92, 221.24
726.50, 600.04, 346.24
727.44, 600.15, 471.25
726.36, 724.92, 221.13
727.30, 725.02, 346.13
728.24, 725.15, 471.12
727.16, 849.90, 221.00
728.11, 850.03, 346.01
729.04, 850.14, 471.00
475.36, 598.95, 349.85
474.55, 595.28, 474.79
473.73, 591.61, 599.73
477.57, 723.89, 353.54
476.75, 720.20, 478.48
475.93, 716.53, 603.42
479.77, 848.80, 357.23
478.96, 845.13, 482.17
478.15, 841.46, 607.11
600.34, 596.73, 350.60
599.52, 593.05, 475.54
598.72, 589.38, 600.48
602.54, 721.66, 354.28
601.73, 717.98, 479.23
600.91, 714.31, 604.17
604.75, 846.58, 357.96
603.92, 842.91, 482.92
603.11, 839.23, 607.85
725.32, 594.51, 351.34
724.51, 590.83, 476.28
723.69, 587.15, 601.23
727.52, 719.42, 355.03
726.70, 715.75, 479.98
725.89, 712.08, 604.92
729.72, 844.36, 358.72
728.91, 840.68, 483.66
728.10, 837.01, 608.60
475.08, 600.59, 476.84
477.92, 600.20, 601.81
480.79, 599.82, 726.78
476.56, 725.58, 477.19
479.41, 725.20, 602.16
482.26, 724.82, 727.13
478.04, 850.57, 477.54
480.89, 850.19, 602.51
483.73, 849.81, 727.48
600.03, 599.12, 473.99
602.89, 598.74, 598.95
605.74, 598.36, 723.92
601.52, 724.11, 474.34
604.37, 723.73, 599.31
607.21, 723.34, 724.27
603.00, 849.10, 474.69
605.85, 848.72, 599.65
608.70, 848.34, 724.62
725.00, 597.65, 471.14
727.85, 597.27, 596.10
730.69, 596.88, 721.07
726.48, 722.64, 471.49
729.33, 722.25, 596.45
732.18, 721.87, 721.43
727.96, 847.62, 471.83
730.81, 847.25, 596.81
733.65, 846.86, 721.77
474.50, 601.97, 600.03
475.31, 601.78, 725.02
476.10, 601.61, 850.02
474.06, 726.97, 600.21
474.87, 726.79, 725.21
475.67, 726.61, 850.20
473.62, 851.96, 600.40
474.42, 851.78, 725.38
475.24, 851.61, 850.38
599.50, 602.40, 599.22
600.30, 602.23, 724.22
601.11, 602.04, 849.22
599.06, 727.40, 599.41
599.87, 727.22, 724.40
600.67, 727.05, 849.40
598.62, 852.40, 599.58
599.43, 852.23, 724.59
600.22, 852.05, 849.58
724.50, 602.84, 598.42
725.30, 602.66, 723.42
726.10, 602.49, 848.41
724.05, 727.84, 598.60
724.86, 727.67, 723.60
725.66, 727.49, 848.60
723.62, 852.85, 598.79
724.42, 852.66, 723.77
725.23, 852.49, 848.78
598.98, 99.15, 101.02
599.71, 100.42, 226.01
600.46, 101.69, 351.00
602.66, 224.09, 99.73
603.40, 225.36, 224.72
604.14, 226.62, 349.71
606.35, 349.03, 98.45
607.07, 350.29, 223.44
607.82, 351.56, 348.42
723.92, 95.46, 100.32
724.66, 96.73, 225.30
725.40, 98.00, 350.30
727.61, 220.40, 99.02
728.33, 221.67, 224.02
729.07, 222.94, 349.01
731.28, 345.35, 97.75
732.03, 346.61, 222.73
732.76, 347.87, 347.72
848.87, 91.78, 99.62
849.61, 93.04, 224.61
850.34, 94.31, 349.60
852.54, 216.71, 98.34
853.29, 217.99, 223.32
854.02, 219.25, 348.31
856.23, 341.66, 97.03
856.95, 342.93, 222.04
857.70, 344.18, 347.02
599.10, 99.59, 223.49
599.38, 98.01, 348.48
599.65, 96.42, 473.46
601.47, 224.57, 225.07
601.75, 222.97, 350.06
602.01, 221.38, 475.05
603.84, 349.53, 226.65
604.11, 347.94, 351.65
604.38, 346.35, 476.64
724.09, 97.23, 223.18
724.35, 95.64, 348.18
724.62, 94.05, 473.16
726.44, 222.20, 224.78
726.72, 220.61, 349.75
727.00, 219.02, 474.75
728.82, 347.17, 226.35
729.09, 345.57, 351.35
729.35, 343.99, 476.33
849.06, 94.87, 222.88
849.34, 93.29, 347.87
849.60, 91.69, 472.86
851.44, 219.84, 224.46
851.70, 218.24, 349.46
851.97, 216.66, 474.45
853.78, 344.81, 226.05
854.07, 343.21, 351.04
854.33, 341.62, 476.03
600.05, 98.49, 349.67
602.36, 94.93, 474.59
604.66, 91.36, 599.52
596.57, 223.39, 353.29
598.89, 219.82, 478.22
601.19, 216.25, 603.15
593.11, 348.29, 356.93
595.42, 344.72, 481.85
597.73, 341.16, 606.78
724.98, 102.02, 347.46
727.29, 98.46, 472.38
729.59, 94.89, 597.31
721.51, 226.92, 351.09
723.81, 223.36, 476.01
726.13, 219.79, 600.94
718.04, 351.82, 354.72
720.34, 348.26, 479.64
722.66, 344.69, 604.57
849.90, 105.56, 345.25
852.21, 101.99, 470.17
854.52, 98.42, 595.11
846.44, 230.46, 348.88
848.74, 226.89, 473.80
851.05, 223.33, 598.73
842.97, 355.36, 352.51
845.28, 351.79, 477.43
847.59, 348.22, 602.36
598.95, 98.22, 474.64
598.49, 98.82, 599.65
598.03, 99.43, 724.64
599.30, 223.21, 474.05
598.84, 223.81, 599.05
598.38, 224.43, 724.05
599.64, 348.21, 473.45
599.18, 348.82, 598.45
598.72, 349.42, 723.45
723.95, 97.88, 475.11
723.49, 98.47, 600.11
723.03, 99.08, 725.11
724.30, 222.87, 474.50
723.84, 223.48, 599.51
723.37, 224.07, 724.50
724.64, 347.88, 473.90
724.18, 348.47, 598.91
723.72, 349.07, 723.91
848.95, 97.53, 475.57
848.49, 98.13, 600.57
848.03, 98.74, 725.57
849.29, 222.53, 474.97
848.84, 223.13, 599.97
848.38, 223.73, 724.97
849.65, 347.52, 474.37
849.18, 348.12, 599.38
848.72, 348.73, 724.37
601.56, 101.71, 600.17
600.88, 99.22, 725.14
600.21, 96.72, 850.11
600.01, 226.67, 602.65
599.34, 224.18, 727.63
598.66, 221.69, 852.60
598.47, 351.64, 605.13
597.79, 349.15, 730.10
597.12, 346.66, 855.08
726.54, 103.24, 600.87
725.87, 100.75, 725.85
725.20, 98.26, 850.82
725.00, 228.20, 603.35
724.32, 225.72, 728.33
723.66, 223.23, 853.30
723.45, 353.17, 605.84
722.78, 350.68, 730.81
722.11, 348.20, 855.78
851.54, 104.77, 601.57
850.86, 102.28, 726.55
850.19, 99.79, 851.52
849.99, 229.74, 604.06
849.32, 227.25, 729.03
848.64, 224.76, 854.01
848.44, 354.71, 606.54
847.77, 352.21, 731.51
847.09, 349.73, 856.49
598.44, 224.59, 100.34
595.34, 221.58, 225.26
592.25, 218.57, 350.19
598.71, 349.55, 103.35
595.62, 346.55, 228.28
592.52, 343.54, 353.21
598.97, 474.51, 106.37
595.88, 471.51, 231.29
592.78, 468.50, 356.22
723.40, 224.24, 103.43
720.30, 221.23, 228.35
717.21, 218.23, 353.27
723.67, 349.21, 106.44
720.58, 346.20, 231.36
717.47, 343.19, 356.30
723.96, 474.16, 109.44
720.84, 471.16, 234.39
717.75, 468.15, 359.30
848.36, 223.91, 106.51
845.25, 220.89, 231.44
842.17, 217.88, 356.36
848.63, 348.86, 109.54
845.54, 345.84, 234.46
842.44, 342.85, 359.38
848.90, 473.82, 112.55
845.82, 470.81, 237.46
842.71, 467.81, 362.40
601.92, 223.09, 224.89
601.88, 225.27, 349.87
601.83, 227.47, 474.86
599.56, 348.04, 222.69
599.52, 350.23, 347.68
599.49, 352.43, 472.66
597.22, 473.00, 220.50
597.18, 475.20, 345.48
597.13, 477.40, 470.46
726.89, 225.43, 224.90
726.86, 227.63, 349.88
726.81, 229.82, 474.86
724.55, 350.39, 222.69
724.51, 352.58, 347.68
724.46, 354.78, 472.66
722.19, 475.36, 220.51
722.16, 477.55, 345.48
722.11, 479.74, 470.46
851.88, 227.78, 224.89
851.83, 229.98, 349.88
851.79, 232.17, 474.86
849.52, 352.74, 222.70
849.48, 354.94, 347.68
849.44, 357.13, 472.66
847.18, 477.70, 220.50
847.13, 479.90, 345.48
847.09, 482.09, 470.47
598.41, 223.68, 350.29
600.41, 224.04, 475.27
602.41, 224.37, 600.25
600.48, 348.68, 349.91
602.48, 349.01, 474.90
604.48, 349.35, 599.88
602.55, 473.65, 349.54
604.55, 473.99, 474.52
606.55, 474.33, 599.51
723.38, 221.61, 348.29
725.38, 221.95, 473.28
727.38, 222.30, 598.27
725.45, 346.59, 347.93
727.44, 346.93, 472.91
729.45, 347.28, 597.89
727.52, 471.57, 347.55
729.52, 471.92, 472.53
731.51, 472.26, 597.52
848.34, 219.53, 346.31
850.34, 219.87, 471.29
852.34, 220.22, 596.27
850.42, 344.52, 345.93
852.42, 344.86, 470.91
854.42, 345.21, 595.90
852.48, 469.50, 345.56
854.49, 469.84, 470.54
856.49, 470.18, 595.52
598.49, 223.36, 473.54
597.18, 226.60, 598.49
595.87, 229.87, 723.44
601.52, 348.27, 470.32
600.21, 351.53, 595.27
598.89, 354.78, 720.22
604.55, 473.19, 467.10
603.24, 476.46, 592.05
601.93, 479.70, 717.00
723.45, 220.36, 474.93
722.14, 223.62, 599.88
720.82, 226.86, 724.83
726.48, 345.28, 471.71
725.17, 348.53, 596.66
723.86, 351.80, 721.61
729.51, 470.20, 468.49
728.19, 473.46, 593.44
726.88, 476.71, 718.39
848.40, 217.36, 476.32
847.09, 220.61, 601.27
845.78, 223.87, 726.22
851.43, 342.29, 473.10
850.12, 345.54, 598.05
848.81, 348.79, 723.00
854.46, 467.21, 469.88
853.16, 470.47, 594.83
851.84, 473.72, 719.78
598.69, 224.19, 598.58
598.18, 223.14, 723.57
597.67, 222.07, 848.57
599.37, 349.18, 599.64
598.86, 348.12, 724.63
598.36, 347.08, 849.62
600.06, 474.18, 600.70
599.56, 473.12, 725.69
599.04, 472.06, 850.69
723.68, 223.49, 599.08
723.17, 222.43, 724.08
722.66, 221.39, 849.07
724.37, 348.49, 600.14
723.86, 347.43, 725.14
723.35, 346.38, 850.13
725.06, 473.48, 601.20
724.55, 472.43, 726.19
724.04, 471.37, 851.19
848.67, 222.80, 599.59
848.17, 221.74, 724.59
847.66, 220.69, 849.58
849.37, 347.79, 600.64
848.86, 346.74, 725.64
848.35, 345.68, 850.64
850.06, 472.79, 601.70
849.55, 471.73, 726.70
849.04, 470.68, 851.69
601.17, 350.27, 101.62
600.70, 352.89, 226.59
600.24, 355.51, 351.56
597.70, 475.21, 98.99
597.24, 477.82, 223.96
596.79, 480.44, 348.94
594.25, 600.13, 96.36
593.79, 602.74, 221.34
593.33, 605.35, 346.31
726.11, 353.75, 102.02
725.66, 356.36, 226.98
725.19, 358.98, 351.95
722.67, 478.67, 99.37
722.20, 481.29, 224.36
721.73, 483.91, 349.32
719.20, 603.60, 96.75
718.74, 606.20, 221.72
718.28, 608.83, 346.69
851.07, 357.21, 102.40
850.60, 359.83, 227.37
850.15, 362.44, 352.34
847.60, 482.14, 99.77
847.16, 484.75, 224.74
846.69, 487.37, 349.72
844.16, 607.07, 97.15
843.69, 609.68, 222.11
843.23, 612.29, 347.09
598.59, 351.69, 225.87
597.04, 354.15, 350.84
595.49, 356.60, 475.80
596.94, 476.66, 223.40
595.39, 479.11, 348.36
593.84, 481.56, 473.34
595.29, 601.62, 220.92
593.75, 604.08, 345.89
592.19, 606.53, 470.86
723.57, 353.37, 227.38
722.02, 355.83, 352.36
720.47, 358.28, 477.32
721.91, 478.34, 224.92
720.37, 480.79, 349.88
718.82, 483.24, 474.85
720.27, 603.30, 222.44
718.72, 605.76, 347.41
717.17, 608.21, 472.37
848.55, 355.05, 228.91
847.00, 357.51, 353.88
845.45, 359.96, 478.84
846.92, 480.01, 226.43
845.35, 482.47, 351.40
843.79, 484.93, 476.37
845.25, 604.98, 223.96
843.70, 607.43, 348.93
842.15, 609.89, 473.89
598.65, 349.10, 350.52
599.07, 352.39, 475.48
599.48, 355.68, 600.44
595.96, 474.03, 347.24
596.38, 477.32, 472.20
596.80, 480.61, 597.15
593.27, 598.95, 343.96
593.69, 602.24, 468.91
594.12, 605.54, 593.87
723.61, 351.77, 350.04
724.04, 355.06, 474.99
724.46, 358.36, 599.95
720.93, 476.70, 346.76
721.35, 479.99, 471.71
721.77, 483.29, 596.66
718.25, 601.63, 343.47
718.66, 604.92, 468.42
719.08, 608.22, 593.38
848.59, 354.45, 349.55
849.01, 357.74, 474.50
849.43, 361.03, 599.46
845.90, 479.37, 346.26
846.32, 482.67, 471.22
846.74, 485.96, 596.17
843.22, 604.30, 342.98
843.64, 607.60, 467.94
844.05, 610.89, 592.90
599.84, 348.22, 475.42
600.65, 345.38, 600.39
601.45, 342.53, 725.36
599.33, 473.18, 478.27
600.14, 470.34, 603.23
600.95, 467.50, 728.20
598.83, 598.15, 481.12
599.63, 595.31, 606.08
600.44, 592.47, 731.05
724.82, 348.74, 474.62
725.64, 345.90, 599.59
726.45, 343.05, 724.56
724.33, 473.71, 477.47
725.13, 470.86, 602.44
725.94, 468.02, 727.40
723.83, 598.67, 480.32
724.63, 595.83, 605.28
725.44, 592.98, 730.24
849.82, 349.25, 473.83
850.63, 346.42, 598.79
851.44, 343.58, 723.76
849.32, 474.22, 476.68
850.13, 471.39, 601.64
850.94, 468.54, 726.61
848.82, 599.19, 479.52
849.63, 596.35, 604.49
850.43, 593.50, 729.45
601.10, 349.98, 601.08
603.91, 351.62, 726.03
606.73, 353.27, 851.00
600.95, 474.97, 599.45
603.77, 476.61, 724.40
606.57, 478.25, 849.35
600.79, 599.96, 597.80
603.60, 601.60, 722.76
606.41, 603.25, 847.71
726.08, 350.10, 598.27
728.89, 351.75, 723.23
731.70, 353.38, 848.19
725.91, 475.09, 596.63
728.73, 476.73, 721.58
731.54, 478.38, 846.54
725.77, 600.09, 594.99
728.58, 601.72, 719.95
731.38, 603.36, 844.91
851.04, 350.22, 595.46
853.85, 351.87, 720.41
856.67, 353.51, 845.38
850.88, 475.21, 593.82
853.70, 476.85, 718.77
856.51, 478.50, 843.73
850.73, 600.20, 592.18
853.54, 601.84, 717.13
856.35, 603.48, 842.09
601.11, 474.66, 98.15
599.78, 478.05, 223.11
598.45, 481.44, 348.05
599.52, 599.60, 94.75
598.18, 602.99, 219.69
596.86, 606.38, 344.64
597.91, 724.55, 91.34
596.60, 727.94, 216.29
595.26, 731.32, 341.23
726.09, 476.29, 99.44
724.76, 479.68, 224.38
723.43, 483.07, 349.33
724.50, 601.23, 96.03
723.17, 604.62, 220.97
721.84, 608.01, 345.92
722.91, 726.17, 92.61
721.57, 729.57, 217.57
720.25, 732.95, 342.51
851.07, 477.92, 100.72
849.75, 481.31, 225.67
848.42, 484.70, 350.61
849.48, 602.86, 97.32
848.15, 606.25, 222.26
846.83, 609.64, 347.20
847.89, 727.81, 93.91
846.55, 731.19, 218.86
845.23, 734.58, 343.81
600.70, 475.45, 225.12
604.04, 477.18, 350.06
607.36, 478.91, 475.00
604.35, 600.38, 223.29
607.69, 602.11, 348.23
611.01, 603.85, 473.17
608.01, 725.31, 221.45
611.34, 727.05, 346.39
614.67, 728.79, 471.34
725.59, 471.75, 221.84
728.93, 473.48, 346.78
732.27, 475.22, 471.73
729.26, 596.67, 220.01
732.58, 598.41, 344.95
735.92, 600.14, 469.89
732.90, 721.61, 218.18
736.24, 723.35, 343.11
739.57, 725.08, 468.06
850.50, 468.04, 218.57
853.82, 469.78, 343.50
857.17, 471.51, 468.44
854.15, 592.97, 216.74
857.48, 594.71, 341.68
860.83, 596.45, 466.61
857.83, 717.90, 214.89
861.15, 719.64, 339.84
864.48, 721.38, 464.79
600.98, 476.57, 348.91
604.08, 476.32, 473.87
607.17, 476.06, 598.84
597.95, 601.54, 349.24
601.05, 601.28, 474.20
604.15, 601.03, 599.15
594.92, 726.50, 349.57
598.02, 726.24, 474.53
601.12, 725.99, 599.50
725.90, 479.61, 345.82
729.00, 479.35, 470.77
732.10, 479.10, 595.74
722.87, 604.57, 346.14
725.97, 604.32, 471.11
729.08, 604.06, 596.07
719.84, 729.53, 346.48
722.94, 729.28, 471.44
726.05, 729.02, 596.39
850.82, 482.64, 342.72
853.93, 482.38, 467.68
857.03, 482.13, 592.64
847.80, 607.60, 343.05
850.90, 607.35, 468.01
854.00, 607.09, 592.97
844.77, 732.56, 343.38
847.87, 732.31, 468.35
850.97, 732.06, 593.31
598.56, 473.32, 473.57
596.49, 471.55, 598.54
594.44, 469.78, 723.51
598.39, 598.31, 475.34
596.33, 596.53, 600.31
594.26, 594.76, 725.28
598.22, 723.29, 477.11
596.15, 721.53, 602.08
594.09, 719.75, 727.05
723.55, 473.47, 475.64
721.48, 471.69, 600.61
719.41, 469.92, 725.57
723.37, 598.44, 477.41
721.31, 596.67, 602.38
719.24, 594.90, 727.35
723.21, 723.44, 479.18
721.14, 721.67, 604.14
719.08, 719.89, 729.11
848.53, 473.60, 477.70
846.46, 471.83, 602.67
844.40, 470.05, 727.65
848.35, 598.59, 479.47
846.29, 596.82, 604.44
844.23, 595.05, 729.41
848.19, 723.58, 481.24
846.12, 721.80, 606.21
844.05, 720.03, 731.18
599.29, 475.31, 598.05
602.37, 476.56, 723.01
605.44, 477.81, 847.96
595.77, 600.26, 596.90
598.85, 601.51, 721.85
601.93, 602.76, 846.81
592.26, 725.21, 595.73
595.34, 726.45, 720.68
598.43, 727.70, 845.64
724.19, 478.80, 594.94
727.28, 480.04, 719.89
730.36, 481.29, 844.86
720.68, 603.74, 593.78
723.77, 604.99, 718.73
726.85, 606.24, 843.68
717.17, 728.68, 592.61
720.26, 729.94, 717.57
723.33, 731.18, 842.52
849.11, 482.27, 591.82
852.19, 483.52, 716.78
855.27, 484.77, 841.73
845.60, 607.22, 590.66
848.68, 608.47, 715.61
851.77, 609.72, 840.58
842.10, 732.17, 589.50
845.16, 733.42, 714.46
848.25, 734.66, 839.41
599.76, 598.87, 100.53
600.36, 600.30, 225.52
600.97, 601.75, 350.51
602.49, 723.83, 99.07
603.10, 725.26, 224.06
603.70, 726.70, 349.06
605.23, 848.79, 97.62
605.84, 850.23, 222.61
606.44, 851.66, 347.61
724.72, 596.13, 99.95
725.34, 597.56, 224.93
725.93, 599.00, 349.93
727.46, 721.08, 98.50
728.07, 722.52, 223.49
728.68, 723.96, 348.47
730.20, 846.05, 97.04
730.80, 847.48, 222.04
731.42, 848.93, 347.03
849.70, 593.37, 99.36
850.29, 594.82, 224.36
850.91, 596.25, 349.35
852.42, 718.34, 97.91
853.04, 719.78, 222.91
853.64, 721.22, 347.90
855.17, 843.30, 96.47
855.77, 844.74, 221.46
856.38, 846.18, 346.45
598.53, 598.11, 223.44
596.99, 597.83, 348.44
595.46, 597.56, 473.43
601.18, 723.08, 223.75
599.64, 722.81, 348.74
598.11, 722.53, 473.73
603.82, 848.06, 224.06
602.29, 847.78, 349.04
600.76, 847.51, 474.04
723.49, 595.46, 224.98
721.95, 595.19, 349.97
720.42, 594.92, 474.96
726.14, 720.43, 225.28
724.60, 720.16, 350.26
723.07, 719.89, 475.26
728.78, 845.40, 225.58
727.25, 845.13, 350.58
725.71, 844.85, 475.56
848.45, 592.81, 226.50
846.92, 592.54, 351.49
845.38, 592.26, 476.48
851.10, 717.78, 226.81
849.56, 717.51, 351.80
848.03, 717.23, 476.79
853.75, 842.75, 227.11
852.22, 842.47, 352.10
850.68, 842.21, 477.09
600.42, 601.96, 350.49
596.73, 601.97, 475.43
593.05, 601.99, 600.38
598.78, 726.94, 350.43
595.10, 726.96, 475.37
591.41, 726.98, 600.32
597.15, 851.93, 350.36
593.47, 851.96, 475.31
589.78, 851.96, 600.24
725.35, 603.59, 354.18
721.67, 603.60, 479.11
717.98, 603.62, 604.06
723.72, 728.58, 354.11
720.03, 728.60, 479.06
716.35, 728.60, 604.00
722.08, 853.57, 354.05
718.40, 853.57, 478.98
714.71, 853.60, 603.94
850.29, 605.22, 357.86
846.60, 605.23, 482.80
842.92, 605.25, 607.75
848.65, 730.21, 357.79
844.97, 730.23, 482.74
841.29, 730.24, 607.68
847.02, 855.20, 357.73
843.33, 855.22, 482.68
839.65, 855.23, 607.63
599.71, 599.05, 474.79
600.35, 596.12, 599.74
600.97, 593.18, 724.71
602.09, 724.00, 477.70
602.73, 721.06, 602.68
603.36, 718.12, 727.64
604.48, 848.94, 480.64
605.11, 846.00, 605.59
605.75, 843.07, 730.56
724.69, 596.68, 474.09
725.32, 593.75, 599.06
725.96, 590.81, 724.02
727.07, 721.63, 477.02
727.70, 718.69, 601.98
728.34, 715.75, 726.95
729.46, 846.57, 479.94
730.08, 843.64, 604.91
730.72, 840.70, 729.88
849.66, 594.33, 473.41
850.30, 591.38, 598.36
850.93, 588.44, 723.33
852.05, 719.26, 476.33
852.67, 716.33, 601.29
853.31, 713.38, 726.25
854.43, 844.21, 479.25
855.05, 841.26, 604.21
855.70, 838.33, 729.19
600.43, 601.11, 598.99
596.94, 602.90, 723.94
593.47, 604.69, 848.87
598.61, 726.08, 597.15
595.13, 727.87, 722.08
591.66, 729.67, 847.03
596.79, 851.05, 595.31
593.32, 852.85, 720.25
589.83, 854.63, 845.18
725.37, 602.98, 602.44
721.88, 604.77, 727.38
718.41, 606.56, 852.32
723.54, 727.95, 600.60
720.07, 729.74, 725.54
716.59, 731.53, 850.47
721.74, 852.93, 598.77
718.25, 854.71, 723.69
714.77, 856.51, 848.64
850.30, 604.84, 605.89
846.83, 606.64, 730.83
843.34, 608.43, 855.77
848.48, 729.82, 604.06
845.01, 731.61, 728.99
841.53, 733.40, 853.93
846.66, 854.79, 602.21
843.19, 856.58, 727.14
839.71, 858.37, 852.09
