27, 125, pa2-debug-e-output1.txt
205.24, 198.70, 194.25
405.30, 390.15, 201.36
101.61, 99.22, 98.89
104.77, 101.60, 223.83
107.93, 103.98, 348.77
98.50, 224.16, 96.59
101.66, 226.54, 221.53
104.82, 228.92, 346.47
95.39, 349.10, 94.29
98.55, 351.48, 219.23
101.71, 353.86, 344.16
226.53, 102.27, 95.68
229.69, 104.65, 220.61
232.85, 107.03, 345.55
223.42, 227.21, 93.37
226.58, 229.59, 218.31
229.74, 231.97, 343.25
220.31, 352.15, 91.07
223.47, 354.53, 216.01
226.63, 356.91, 340.95
351.45, 105.32, 92.46
354.61, 107.70, 217.40
357.77, 110.08, 342.33
348.34, 230.26, 90.16
351.50, 232.64, 215.09
354.66, 235.02, 340.03
345.23, 355.20, 87.85
348.39, 357.58, 212.79
351.55, 359.96, 337.73
98.73, 98.52, 225.48
98.15, 97.05, 350.47
97.56, 95.59, 475.46
97.70, 223.50, 226.94
97.12, 222.04, 351.93
96.53, 220.58, 476.92
96.67, 348.49, 228.40
96.09, 347.03, 353.39
95.50, 345.56, 478.38
223.73, 99.54, 226.08
223.14, 98.08, 351.07
222.56, 96.61, 476.06
222.70, 224.53, 227.54
222.11, 223.07, 352.53
221.53, 221.60, 477.52
221.67, 349.52, 228.99
221.08, 348.05, 353.98
220.50, 346.59, 478.97
348.72, 100.57, 226.67
348.14, 99.10, 351.66
347.55, 97.64, 476.65
347.69, 225.55, 228.13
347.11, 224.09, 353.12
346.52, 222.63, 478.11
346.66, 350.54, 229.59
346.08, 349.08, 354.58
345.49, 347.61, 479.57
99.98, 100.93, 349.40
103.36, 102.51, 474.34
106.73, 104.09, 599.29
100.00, 225.92, 347.82
103.37, 227.50, 472.76
106.74, 229.08, 597.70
100.01, 350.91, 346.23
103.38, 352.49, 471.18
106.75, 354.07, 596.12
224.94, 100.87, 346.02
228.31, 102.45, 470.97
231.68, 104.03, 595.91
224.95, 225.86, 344.44
228.32, 227.44, 469.39
231.70, 229.02, 594.33
224.96, 350.85, 342.86
228.33, 352.43, 467.81
231.71, 354.01, 592.75
349.89, 100.82, 342.65
353.27, 102.40, 467.60
356.64, 103.98, 592.54
349.90, 225.81, 341.07
353.28, 227.39, 466.01
356.65, 228.97, 590.96
349.92, 350.80, 339.49
353.29, 352.38, 464.43
356.66, 353.96, 589.38
98.16, 98.26, 473.85
100.72, 97.77, 598.82
103.27, 97.29, 723.80
97.60, 223.26, 474.35
100.16, 222.77, 599.32
102.71, 222.29, 724.29
97.04, 348.25, 474.84
99.59, 347.77, 599.81
102.15, 347.29, 724.79
223.14, 98.83, 471.30
225.69, 98.35, 596.27
228.24, 97.86, 721.25
222.58, 223.83, 471.79
225.13, 223.34, 596.77
227.68, 222.86, 721.74
222.01, 348.82, 472.29
224.57, 348.34, 597.26
227.12, 347.86, 722.24
348.11, 99.40, 468.75
350.66, 98.92, 593.72
353.22, 98.43, 718.70
347.55, 224.40, 469.24
350.10, 223.92, 594.22
352.65, 223.43, 719.19
346.99, 349.40, 469.74
349.54, 348.91, 594.71
352.09, 348.43, 719.68
98.19, 100.29, 600.25
96.90, 100.60, 725.24
95.62, 100.91, 850.23
97.72, 225.29, 599.93
96.43, 225.60, 724.92
95.15, 225.91, 849.91
97.25, 350.29, 599.61
95.96, 350.60, 724.60
94.68, 350.91, 849.60
223.18, 100.76, 601.53
221.90, 101.08, 726.52
220.61, 101.39, 851.52
222.71, 225.76, 601.21
221.43, 226.08, 726.21
220.14, 226.39, 851.20
222.24, 350.76, 600.89
220.95, 351.07, 725.89
219.67, 351.39, 850.88
348.17, 101.24, 602.81
346.89, 101.55, 727.81
345.60, 101.86, 852.80
347.70, 226.24, 602.50
346.42, 226.55, 727.49
345.13, 226.86, 852.48
347.23, 351.24, 602.18
345.95, 351.55, 727.17
344.66, 351.86, 852.16
101.59, 224.58, 99.36
98.38, 221.01, 224.27
95.17, 217.44, 349.18
99.28, 349.51, 102.87
96.08, 345.94, 227.78
92.87, 342.37, 352.69
96.98, 474.44, 106.38
93.77, 470.87, 231.29
90.56, 467.30, 356.20
226.53, 226.79, 102.63
223.32, 223.22, 227.54
220.11, 219.65, 352.45
224.22, 351.72, 106.14
221.01, 348.15, 231.05
217.81, 344.58, 355.96
221.92, 476.65, 109.65
218.71, 473.08, 234.56
215.50, 469.51, 359.47
351.46, 229.00, 105.91
348.26, 225.44, 230.81
345.05, 221.87, 355.72
349.16, 353.93, 109.42
345.95, 350.36, 234.32
342.74, 346.80, 359.23
346.86, 478.86, 112.93
343.65, 475.29, 237.83
340.44, 471.73, 362.74
101.73, 226.53, 226.52
103.82, 227.30, 351.50
105.91, 228.07, 476.48
100.79, 351.52, 225.76
102.88, 352.29, 350.74
104.97, 353.07, 475.72
99.84, 476.51, 225.00
101.93, 477.29, 349.98
104.03, 478.06, 474.96
226.71, 227.46, 224.42
228.80, 228.23, 349.40
230.89, 229.01, 474.38
225.77, 352.45, 223.66
227.86, 353.23, 348.64
229.95, 354.00, 473.62
224.82, 477.45, 222.90
226.91, 478.22, 347.88
229.00, 478.99, 472.87
351.69, 228.39, 222.32
353.78, 229.16, 347.30
355.87, 229.94, 472.29
350.75, 353.38, 221.57
352.84, 354.16, 346.55
354.93, 354.93, 471.53
349.80, 478.38, 220.81
351.89, 479.15, 345.79
353.98, 479.93, 470.77
101.36, 225.91, 348.01
99.44, 226.95, 472.99
97.51, 227.99, 597.97
104.83, 350.86, 347.02
102.90, 351.90, 472.00
100.97, 352.94, 596.98
108.29, 475.81, 346.04
106.36, 476.85, 471.02
104.44, 477.88, 596.00
226.30, 222.47, 349.96
224.37, 223.50, 474.94
222.45, 224.54, 599.92
229.76, 347.41, 348.98
227.84, 348.45, 473.96
225.91, 349.49, 598.94
233.23, 472.36, 347.99
231.30, 473.40, 472.98
229.37, 474.44, 597.96
351.24, 219.02, 351.92
349.31, 220.06, 476.90
347.38, 221.09, 601.88
354.70, 343.97, 350.93
352.77, 345.00, 475.91
350.85, 346.04, 600.89
358.16, 468.92, 349.95
356.24, 469.95, 474.93
354.31, 470.99, 599.91
99.81, 224.60, 475.94
96.22, 225.01, 600.89
92.64, 225.41, 725.84
96.87, 349.56, 475.45
93.28, 349.97, 600.39
89.69, 350.38, 725.34
93.93, 474.53, 474.95
90.34, 474.93, 599.90
86.75, 475.34, 724.85
224.72, 227.55, 479.52
221.14, 227.96, 604.46
217.55, 228.37, 729.41
221.78, 352.52, 479.02
218.19, 352.92, 603.97
214.61, 353.33, 728.92
218.84, 477.48, 478.53
215.25, 477.89, 603.48
211.67, 478.30, 728.43
349.64, 230.50, 483.09
346.05, 230.91, 608.04
342.46, 231.32, 732.99
346.70, 355.47, 482.60
343.11, 355.88, 607.55
339.52, 356.29, 732.50
343.75, 480.43, 482.11
340.17, 480.84, 607.05
336.58, 481.25, 732.00
99.08, 224.69, 599.80
97.48, 225.02, 724.79
95.88, 225.36, 849.78
101.48, 349.67, 599.49
99.88, 350.00, 724.48
98.29, 350.33, 849.47
103.88, 474.64, 599.19
102.29, 474.98, 724.18
100.69, 475.31, 849.17
224.04, 222.29, 601.40
222.45, 222.63, 726.39
220.85, 222.96, 851.38
226.45, 347.27, 601.10
224.85, 347.60, 726.09
223.25, 347.94, 851.08
228.85, 472.25, 600.80
227.25, 472.58, 725.78
225.65, 472.91, 850.77
349.01, 219.89, 603.00
347.41, 220.23, 727.99
345.82, 220.56, 852.98
351.41, 344.87, 602.70
349.82, 345.20, 727.69
348.22, 345.54, 852.68
353.82, 469.85, 602.40
352.22, 470.18, 727.39
350.62, 470.51, 852.38
98.93, 348.71, 98.80
95.33, 348.33, 223.75
91.73, 347.96, 348.70
101.28, 473.68, 99.24
97.68, 473.31, 224.19
94.09, 472.94, 349.14
103.64, 598.66, 99.69
100.04, 598.29, 224.63
96.44, 597.91, 349.58
223.85, 346.34, 102.39
220.26, 345.97, 227.34
216.66, 345.59, 352.29
226.21, 471.32, 102.83
222.61, 470.94, 227.78
219.01, 470.57, 352.73
228.56, 596.30, 103.27
224.96, 595.92, 228.22
221.37, 595.55, 353.17
348.78, 343.97, 105.98
345.18, 343.60, 230.93
341.58, 343.23, 355.88
351.13, 468.95, 106.42
347.54, 468.58, 231.37
343.94, 468.20, 356.32
353.49, 593.93, 106.86
349.89, 593.55, 231.81
346.29, 593.18, 356.76
100.26, 351.34, 223.15
98.30, 348.28, 348.09
96.34, 345.23, 473.04
99.42, 476.30, 226.19
97.46, 473.24, 351.14
95.50, 470.19, 476.08
98.58, 601.26, 229.23
96.62, 598.20, 354.18
94.66, 595.15, 479.13
225.24, 352.13, 225.13
223.28, 349.07, 350.07
221.32, 346.02, 475.02
224.40, 477.09, 228.17
222.44, 474.03, 353.12
220.48, 470.98, 478.06
223.57, 602.05, 231.21
221.60, 598.99, 356.16
219.64, 595.94, 481.11
350.22, 352.92, 227.11
348.26, 349.86, 352.05
346.30, 346.81, 477.00
349.39, 477.88, 230.15
347.42, 474.82, 355.10
345.46, 471.77, 480.04
348.55, 602.84, 233.19
346.59, 599.78, 358.14
344.62, 596.73, 483.09
98.85, 350.25, 350.81
100.25, 352.83, 475.78
101.64, 355.41, 600.74
95.56, 475.18, 348.27
96.96, 477.76, 473.24
98.35, 480.34, 598.20
92.27, 600.11, 345.73
93.67, 602.69, 470.70
95.06, 605.27, 595.66
223.80, 353.51, 349.35
225.20, 356.09, 474.32
226.59, 358.67, 599.28
220.51, 478.44, 346.81
221.91, 481.02, 471.78
223.30, 483.60, 596.74
217.22, 603.37, 344.27
218.62, 605.95, 469.24
220.01, 608.53, 594.20
348.75, 356.77, 347.89
350.14, 359.35, 472.86
351.54, 361.93, 597.82
345.46, 481.70, 345.35
346.86, 484.28, 470.32
348.25, 486.86, 595.28
342.17, 606.63, 342.81
343.57, 609.21, 467.78
344.96, 611.79, 592.74
98.74, 350.23, 475.22
100.39, 353.80, 600.16
102.05, 357.36, 725.10
101.38, 475.15, 471.62
103.04, 478.72, 596.56
104.70, 482.28, 721.50
104.03, 600.07, 468.02
105.69, 603.64, 592.96
107.35, 607.20, 717.90
223.70, 347.53, 473.64
225.35, 351.10, 598.58
227.01, 354.67, 723.52
226.35, 472.45, 470.04
228.00, 476.02, 594.98
229.66, 479.59, 719.92
228.99, 597.37, 466.44
230.65, 600.94, 591.38
232.31, 604.51, 716.31
348.66, 344.84, 472.06
350.32, 348.41, 597.00
351.97, 351.97, 721.94
351.31, 469.76, 468.46
352.96, 473.33, 593.40
354.62, 476.89, 718.34
353.95, 594.68, 464.86
355.61, 598.25, 589.80
357.27, 601.81, 714.73
98.06, 348.58, 600.04
100.89, 350.55, 724.99
103.72, 352.52, 849.94
95.79, 473.55, 598.12
98.62, 475.51, 723.07
101.45, 477.48, 848.02
93.52, 598.51, 596.20
96.35, 600.48, 721.16
99.18, 602.44, 846.11
223.01, 350.81, 597.17
225.84, 352.78, 722.12
228.67, 354.74, 847.08
220.74, 475.77, 595.26
223.57, 477.74, 720.21
226.40, 479.71, 845.16
218.46, 600.74, 593.34
221.29, 602.71, 718.29
224.12, 604.67, 843.24
347.96, 353.04, 594.31
350.79, 355.01, 719.26
353.62, 356.97, 844.21
345.68, 478.00, 592.39
348.51, 479.97, 717.34
351.34, 481.94, 842.30
343.41, 602.97, 590.48
346.24, 604.94, 715.43
349.07, 606.90, 840.38
100.30, 474.67, 99.19
97.74, 476.09, 224.15
95.17, 477.52, 349.12
103.16, 599.63, 97.82
100.59, 601.05, 222.79
98.03, 602.48, 347.75
106.01, 724.59, 96.45
103.45, 726.01, 221.42
100.89, 727.44, 346.38
225.24, 471.84, 101.78
222.68, 473.26, 226.75
220.11, 474.69, 351.71
228.10, 596.80, 100.42
225.53, 598.22, 225.38
222.97, 599.65, 350.35
230.95, 721.76, 99.05
228.39, 723.18, 224.01
225.83, 724.61, 348.98
350.18, 469.01, 104.38
347.62, 470.44, 229.34
345.06, 471.86, 354.31
353.04, 593.97, 103.01
350.48, 595.40, 227.98
347.91, 596.82, 352.94
355.90, 718.93, 101.64
353.33, 720.36, 226.61
350.77, 721.78, 351.57
100.96, 475.63, 224.04
99.71, 471.93, 348.98
98.46, 468.23, 473.92
104.66, 600.52, 227.78
103.41, 596.82, 352.72
102.17, 593.12, 477.65
108.37, 725.40, 231.51
107.12, 721.71, 356.45
105.87, 718.01, 481.39
225.90, 471.89, 225.18
224.65, 468.19, 350.12
223.40, 464.49, 475.06
229.60, 596.78, 228.92
228.35, 593.08, 353.85
227.10, 589.38, 478.79
233.31, 721.67, 232.65
232.06, 717.97, 357.59
230.81, 714.27, 482.53
350.84, 468.15, 226.32
349.59, 464.45, 351.26
348.34, 460.75, 476.20
354.54, 593.04, 230.05
353.29, 589.34, 354.99
352.04, 585.64, 479.93
358.25, 717.93, 233.79
357.00, 714.23, 358.73
355.75, 710.53, 483.67
100.63, 475.53, 351.94
97.94, 475.78, 476.91
95.24, 476.03, 601.88
103.02, 600.51, 351.74
100.33, 600.76, 476.71
97.63, 601.01, 601.68
105.41, 725.48, 351.54
102.71, 725.74, 476.51
100.02, 725.99, 601.48
225.58, 473.15, 354.64
222.89, 473.40, 479.61
220.19, 473.65, 604.58
227.97, 598.12, 354.44
225.27, 598.38, 479.41
222.58, 598.63, 604.38
230.36, 723.10, 354.24
227.66, 723.35, 479.21
224.97, 723.60, 604.18
350.53, 470.76, 357.34
347.83, 471.01, 482.31
345.14, 471.27, 607.28
352.92, 595.74, 357.14
350.22, 595.99, 482.11
347.53, 596.24, 607.08
355.30, 720.72, 356.94
352.61, 720.97, 481.91
349.91, 721.22, 606.88
100.82, 475.11, 473.78
103.43, 472.32, 598.73
106.04, 469.53, 723.67
98.84, 600.07, 476.62
101.45, 597.27, 601.56
104.06, 594.48, 726.50
96.86, 725.02, 479.45
99.47, 722.23, 604.40
102.08, 719.43, 729.34
225.77, 477.15, 471.22
228.38, 474.36, 596.16
230.99, 471.57, 721.10
223.79, 602.10, 474.05
226.40, 599.31, 599.00
229.02, 596.52, 723.94
221.82, 727.06, 476.89
224.43, 724.26, 601.83
227.04, 721.47, 726.77
350.73, 479.19, 468.65
353.34, 476.40, 593.60
355.95, 473.60, 718.54
348.75, 604.14, 471.49
351.36, 601.35, 596.43
353.97, 598.55, 721.37
346.77, 729.09, 474.32
349.38, 726.30, 599.26
351.99, 723.51, 724.21
100.87, 473.73, 600.69
103.58, 471.69, 725.65
106.30, 469.65, 850.60
97.19, 598.66, 602.81
99.91, 596.62, 727.77
102.62, 594.58, 852.72
93.51, 723.59, 604.93
96.23, 721.55, 729.89
98.94, 719.50, 854.84
225.79, 477.45, 598.04
228.50, 475.41, 722.99
231.21, 473.37, 847.95
222.11, 602.38, 600.16
224.82, 600.34, 725.11
227.54, 598.30, 850.07
218.43, 727.31, 602.28
221.15, 725.27, 727.23
223.86, 723.23, 852.19
350.70, 481.17, 595.39
353.42, 479.13, 720.34
356.13, 477.09, 845.29
347.02, 606.10, 597.51
349.74, 604.06, 722.46
352.45, 602.02, 847.41
343.35, 731.03, 599.63
346.06, 728.99, 724.58
348.78, 726.95, 849.53
98.02, 601.02, 98.70
101.31, 601.59, 223.66
104.61, 602.15, 348.61
99.69, 726.01, 98.09
102.99, 726.57, 223.05
106.29, 727.14, 348.00
101.36, 851.00, 97.48
104.66, 851.56, 222.44
107.96, 852.12, 347.40
222.96, 599.33, 95.41
226.26, 599.90, 220.37
229.56, 600.46, 345.32
224.63, 724.32, 94.80
227.93, 724.88, 219.76
231.23, 725.45, 344.71
226.31, 849.31, 94.19
229.61, 849.87, 219.15
232.91, 850.44, 344.10
347.91, 597.64, 92.12
351.20, 598.21, 217.08
354.50, 598.77, 342.03
349.58, 722.63, 91.51
352.88, 723.19, 216.47
356.18, 723.76, 341.42
351.25, 847.62, 90.90
354.55, 848.18, 215.86
357.85, 848.75, 340.81
98.69, 601.86, 225.52
101.91, 603.45, 350.47
105.13, 605.05, 475.42
99.19, 726.85, 223.92
102.40, 728.44, 348.86
105.62, 730.04, 473.81
99.68, 851.83, 222.31
102.90, 853.43, 347.26
106.11, 855.02, 472.20
223.65, 601.32, 222.31
226.87, 602.92, 347.26
230.08, 604.51, 472.21
224.14, 726.31, 220.70
227.36, 727.90, 345.65
230.58, 729.50, 470.60
224.64, 851.30, 219.10
227.86, 852.89, 344.04
231.07, 854.49, 468.99
348.61, 600.79, 219.10
351.82, 602.38, 344.05
355.04, 603.98, 469.00
349.10, 725.77, 217.49
352.32, 727.37, 342.44
355.54, 728.96, 467.39
349.60, 850.76, 215.89
352.81, 852.36, 340.83
356.03, 853.95, 465.78
100.58, 601.37, 348.15
98.25, 601.85, 473.12
95.92, 602.33, 598.10
98.17, 726.34, 347.62
95.84, 726.83, 472.60
93.51, 727.31, 597.57
95.76, 851.32, 347.09
93.43, 851.80, 472.07
91.10, 852.28, 597.05
225.54, 603.79, 350.47
223.21, 604.27, 475.44
220.88, 604.75, 600.42
223.13, 728.76, 349.94
220.80, 729.24, 474.92
218.47, 729.73, 599.89
220.72, 853.74, 349.41
218.39, 854.22, 474.39
216.06, 854.70, 599.37
350.49, 606.21, 352.79
348.16, 606.69, 477.76
345.83, 607.17, 602.74
348.08, 731.18, 352.26
345.75, 731.66, 477.24
343.42, 732.15, 602.22
345.67, 856.16, 351.73
343.34, 856.64, 476.71
341.01, 857.12, 601.69
98.26, 601.02, 476.33
98.22, 602.93, 601.32
98.18, 604.85, 726.30
99.10, 726.00, 474.42
99.06, 727.92, 599.40
99.02, 729.83, 724.39
99.95, 850.98, 472.50
99.91, 852.90, 597.49
99.87, 854.82, 722.47
223.26, 600.18, 476.39
223.22, 602.09, 601.37
223.18, 604.01, 726.36
224.10, 725.16, 474.47
224.06, 727.07, 599.46
224.02, 728.99, 724.44
224.94, 850.14, 472.56
224.90, 852.06, 597.54
224.86, 853.97, 722.53
348.25, 599.33, 476.44
348.21, 601.25, 601.43
348.17, 603.17, 726.41
349.10, 724.32, 474.53
349.06, 726.23, 599.51
349.02, 728.15, 724.50
349.94, 849.30, 472.61
349.90, 851.22, 597.59
349.86, 853.13, 722.58
98.37, 599.68, 598.30
96.27, 596.20, 723.23
94.18, 592.72, 848.16
99.55, 724.62, 601.79
97.46, 721.14, 726.73
95.37, 717.67, 851.66
100.74, 849.57, 605.29
98.65, 846.09, 730.23
96.56, 842.61, 855.16
223.34, 598.43, 600.36
221.25, 594.95, 725.29
219.15, 591.47, 850.22
224.53, 723.38, 603.85
222.44, 719.90, 728.79
220.34, 716.42, 853.72
225.72, 848.32, 607.35
223.63, 844.84, 732.29
221.53, 841.36, 857.22
348.32, 597.18, 602.42
346.23, 593.70, 727.35
344.13, 590.23, 852.28
349.51, 722.13, 605.91
347.41, 718.65, 730.85
345.32, 715.17, 855.78
350.70, 847.07, 609.41
348.60, 843.60, 734.35
346.51, 840.12, 859.28
225.46, 99.51, 98.38
225.54, 96.17, 223.33
225.62, 92.83, 348.29
223.90, 224.45, 101.72
223.98, 221.11, 226.67
224.06, 217.78, 351.63
222.35, 349.40, 105.05
222.43, 346.06, 230.01
222.51, 342.72, 354.97
350.45, 101.06, 98.34
350.53, 97.73, 223.30
350.61, 94.39, 348.25
348.89, 226.01, 101.68
348.97, 222.67, 226.63
349.05, 219.33, 351.59
347.34, 350.95, 105.02
347.42, 347.62, 229.97
347.50, 344.28, 354.93
475.44, 102.62, 98.30
475.52, 99.28, 223.26
475.60, 95.95, 348.21
473.88, 227.57, 101.64
473.96, 224.23, 226.60
474.04, 220.89, 351.55
472.33, 352.51, 104.98
472.41, 349.18, 229.94
472.49, 345.84, 354.89
226.65, 101.94, 226.86
227.32, 104.77, 351.82
227.99, 107.60, 476.79
227.66, 226.90, 224.02
228.33, 229.73, 348.99
229.00, 232.57, 473.95
228.67, 351.87, 221.18
229.34, 354.70, 346.15
230.01, 357.53, 471.12
351.65, 100.91, 226.21
352.31, 103.75, 351.18
352.98, 106.58, 476.14
352.66, 225.88, 223.37
353.32, 228.71, 348.34
353.99, 231.54, 473.31
353.67, 350.84, 220.54
354.34, 353.67, 345.50
355.00, 356.50, 470.47
476.64, 99.89, 225.57
477.31, 102.72, 350.53
477.98, 105.55, 475.50
477.65, 224.85, 222.73
478.32, 227.68, 347.70
478.99, 230.52, 472.66
478.66, 349.81, 219.89
479.33, 352.65, 344.86
480.00, 355.48, 469.82
223.55, 98.64, 351.85
226.40, 101.33, 476.79
229.26, 104.02, 601.73
224.56, 223.60, 349.14
227.41, 226.30, 474.07
230.26, 228.99, 599.01
225.56, 348.57, 346.42
228.42, 351.26, 471.36
231.27, 353.96, 596.30
348.51, 97.57, 349.02
351.37, 100.26, 473.96
354.22, 102.96, 598.90
349.52, 222.54, 346.31
352.37, 225.23, 471.24
355.23, 227.92, 596.18
350.53, 347.50, 343.59
353.38, 350.20, 468.53
356.23, 352.89, 593.46
473.48, 96.50, 346.19
476.33, 99.19, 471.13
479.19, 101.89, 596.07
474.48, 221.47, 343.47
477.34, 224.16, 468.41
480.19, 226.85, 593.35
475.49, 346.43, 340.76
478.34, 349.13, 465.70
481.20, 351.82, 590.63
223.87, 101.50, 473.20
224.44, 102.87, 598.19
225.00, 104.25, 723.18
226.41, 226.46, 471.81
226.98, 227.84, 596.80
227.54, 229.21, 721.79
228.95, 351.43, 470.42
229.51, 352.81, 595.41
230.08, 354.18, 720.40
348.85, 98.95, 472.66
349.41, 100.33, 597.65
349.97, 101.70, 722.64
351.39, 223.92, 471.27
351.95, 225.29, 596.26
352.51, 226.67, 721.25
353.92, 348.88, 469.88
354.49, 350.26, 594.88
355.05, 351.64, 719.87
473.82, 96.41, 472.12
474.38, 97.78, 597.12
474.95, 99.16, 722.11
476.36, 221.37, 470.74
476.92, 222.75, 595.73
477.49, 224.13, 720.72
478.90, 346.34, 469.35
479.46, 347.72, 594.34
480.02, 349.09, 719.33
224.18, 100.25, 600.38
227.55, 100.59, 725.33
230.92, 100.93, 850.29
226.51, 225.22, 599.98
229.88, 225.57, 724.93
233.25, 225.91, 849.88
228.84, 350.20, 599.57
232.21, 350.54, 724.53
235.58, 350.88, 849.48
349.12, 97.91, 597.02
352.49, 98.25, 721.97
355.85, 98.59, 846.93
351.44, 222.89, 596.61
354.81, 223.23, 721.57
358.18, 223.57, 846.52
353.77, 347.86, 596.21
357.14, 348.21, 721.16
360.51, 348.55, 846.12
474.05, 95.57, 593.66
477.42, 95.91, 718.61
480.79, 96.26, 843.57
476.38, 220.55, 593.25
479.75, 220.89, 718.21
483.11, 221.23, 843.16
478.70, 345.53, 592.85
482.07, 345.87, 717.80
485.44, 346.21, 842.76
223.92, 226.47, 100.22
220.45, 223.39, 225.13
216.99, 220.31, 350.05
225.17, 351.43, 103.34
221.71, 348.35, 228.25
218.24, 345.27, 353.17
226.42, 476.38, 106.46
222.96, 473.30, 231.37
219.50, 470.22, 356.28
348.86, 225.14, 103.65
345.40, 222.05, 228.56
341.94, 218.97, 353.48
350.11, 350.09, 106.77
346.65, 347.01, 231.68
343.19, 343.93, 356.60
351.37, 475.05, 109.88
347.90, 471.96, 234.80
344.44, 468.88, 359.71
473.81, 223.80, 107.08
470.35, 220.72, 231.99
466.88, 217.64, 356.91
475.06, 348.75, 110.20
471.60, 345.67, 235.11
468.14, 342.59, 360.02
476.31, 473.71, 113.31
472.85, 470.63, 238.23
469.39, 467.55, 363.14
226.60, 225.92, 226.01
230.21, 229.68, 350.90
233.82, 233.43, 475.79
224.73, 350.85, 222.31
228.34, 354.61, 347.20
231.95, 358.36, 472.09
222.86, 475.78, 218.61
226.47, 479.54, 343.50
230.08, 483.29, 468.39
351.53, 227.68, 222.35
355.14, 231.43, 347.24
358.75, 235.19, 472.13
349.67, 352.61, 218.65
353.28, 356.37, 343.54
356.89, 360.12, 468.43
347.80, 477.54, 214.95
351.41, 481.30, 339.84
355.02, 485.05, 464.73
476.47, 229.44, 218.68
480.08, 233.19, 343.58
483.69, 236.95, 468.47
474.60, 354.37, 214.98
478.21, 358.13, 339.87
481.82, 361.88, 464.77
472.73, 479.30, 211.28
476.34, 483.06, 336.17
479.95, 486.81, 461.06
223.16, 225.41, 349.36
219.57, 225.06, 474.31
215.97, 224.71, 599.25
225.00, 350.39, 349.76
221.40, 350.04, 474.71
217.81, 349.69, 599.66
226.83, 475.38, 350.16
223.24, 475.03, 475.11
219.65, 474.68, 600.06
348.10, 223.56, 352.95
344.50, 223.21, 477.89
340.91, 222.86, 602.84
349.93, 348.54, 353.35
346.34, 348.19, 478.30
342.74, 347.85, 603.24
351.77, 473.53, 353.75
348.17, 473.18, 478.70
344.58, 472.83, 603.65
473.03, 221.71, 356.54
469.44, 221.36, 481.48
465.84, 221.01, 606.43
474.87, 346.70, 356.94
471.27, 346.35, 481.89
467.68, 346.00, 606.83
476.70, 471.68, 357.34
473.11, 471.33, 482.29
469.52, 470.98, 607.24
225.58, 226.30, 476.37
228.14, 227.56, 601.33
230.70, 228.81, 726.30
224.93, 351.30, 475.12
227.49, 352.55, 600.09
230.05, 353.81, 725.06
224.28, 476.29, 473.88
226.84, 477.54, 598.85
229.40, 478.80, 723.82
350.55, 226.93, 473.80
353.11, 228.18, 598.77
355.67, 229.44, 723.73
349.90, 351.92, 472.56
352.46, 353.18, 597.52
355.02, 354.43, 722.49
349.25, 476.91, 471.32
351.81, 478.17, 596.28
354.37, 479.42, 721.25
475.52, 227.55, 471.23
478.08, 228.81, 596.20
480.64, 230.06, 721.17
474.87, 352.54, 469.99
477.43, 353.80, 594.96
479.99, 355.05, 719.93
474.22, 477.54, 468.75
476.78, 478.79, 593.72
479.34, 480.05, 718.68
224.76, 223.25, 599.11
221.40, 223.43, 724.07
218.03, 223.60, 849.02
226.66, 348.24, 598.99
223.29, 348.41, 723.94
219.92, 348.59, 848.90
228.55, 473.22, 598.86
225.18, 473.40, 723.82
221.81, 473.57, 848.77
349.71, 221.36, 602.48
346.34, 221.54, 727.44
342.97, 221.71, 852.39
351.60, 346.35, 602.36
348.23, 346.52, 727.31
344.86, 346.70, 852.27
353.49, 471.33, 602.23
350.12, 471.51, 727.19
346.75, 471.69, 852.14
474.65, 219.47, 605.85
471.28, 219.65, 730.81
467.91, 219.82, 855.76
476.54, 344.46, 605.73
473.17, 344.63, 730.68
469.80, 344.81, 855.64
478.43, 469.44, 605.60
475.06, 469.62, 730.56
471.70, 469.80, 855.51
226.47, 350.42, 99.70
228.38, 353.44, 224.65
230.28, 356.46, 349.60
228.10, 475.37, 96.66
230.00, 478.39, 221.60
231.91, 481.42, 346.55
229.73, 600.33, 93.61
231.63, 603.35, 218.56
233.54, 606.37, 343.51
351.45, 348.75, 97.84
353.35, 351.77, 222.79
355.25, 354.79, 347.74
353.08, 473.70, 94.79
354.98, 476.72, 219.74
356.88, 479.74, 344.69
354.71, 598.65, 91.75
356.61, 601.67, 216.70
358.51, 604.69, 341.64
476.42, 347.07, 95.98
478.32, 350.09, 220.92
480.23, 353.11, 345.87
478.05, 472.02, 92.93
479.95, 475.04, 217.88
481.86, 478.07, 342.83
479.68, 596.98, 89.88
481.58, 600.00, 214.83
483.49, 603.02, 339.78
224.36, 350.49, 225.13
221.38, 351.34, 350.09
218.40, 352.18, 475.05
221.32, 475.45, 224.21
218.34, 476.30, 349.17
215.35, 477.14, 474.13
218.28, 600.41, 223.29
215.30, 601.26, 348.25
212.31, 602.10, 473.21
349.29, 353.55, 228.09
346.31, 354.40, 353.05
343.32, 355.25, 478.01
346.25, 478.51, 227.17
343.27, 479.36, 352.13
340.28, 480.21, 477.09
343.21, 603.47, 226.25
340.22, 604.32, 351.21
337.24, 605.17, 476.17
474.22, 356.61, 231.05
471.23, 357.46, 356.01
468.25, 358.31, 480.98
471.18, 481.57, 230.13
468.19, 482.42, 355.09
465.21, 483.27, 480.06
468.14, 606.53, 229.21
465.15, 607.38, 354.17
462.17, 608.23, 479.13
225.39, 349.61, 348.90
224.43, 351.04, 473.89
223.47, 352.46, 598.88
228.51, 474.56, 347.50
227.55, 475.99, 472.49
226.59, 477.41, 597.48
231.63, 599.52, 346.10
230.67, 600.94, 471.09
229.72, 602.37, 596.08
350.34, 346.50, 349.89
349.39, 347.92, 474.88
348.43, 349.35, 599.87
353.46, 471.45, 348.49
352.51, 472.88, 473.48
351.55, 474.30, 598.47
356.59, 596.41, 347.09
355.63, 597.83, 472.08
354.67, 599.26, 597.07
475.30, 343.39, 350.88
474.34, 344.81, 475.87
473.39, 346.24, 600.86
478.42, 468.34, 349.48
477.47, 469.77, 474.47
476.51, 471.19, 599.46
481.54, 593.29, 348.08
480.59, 594.72, 473.07
479.63, 596.14, 598.06
223.75, 349.61, 475.54
221.43, 350.14, 600.52
219.11, 350.67, 725.50
225.62, 474.60, 475.05
223.30, 475.13, 600.03
220.98, 475.65, 725.00
227.49, 599.58, 474.56
225.17, 600.11, 599.53
222.85, 600.64, 724.51
348.72, 347.75, 477.87
346.39, 348.28, 602.85
344.07, 348.81, 727.83
350.59, 472.74, 477.38
348.27, 473.27, 602.36
345.94, 473.79, 727.33
352.46, 597.72, 476.89
350.14, 598.25, 601.86
347.81, 598.78, 726.84
473.68, 345.89, 480.20
471.36, 346.42, 605.18
469.04, 346.95, 730.16
475.55, 470.88, 479.71
473.23, 471.40, 604.69
470.91, 471.93, 729.66
477.42, 595.86, 479.22
475.10, 596.39, 604.19
472.78, 596.92, 729.17
226.59, 348.56, 601.12
227.56, 348.07, 726.12
228.52, 347.59, 851.11
228.45, 473.54, 601.59
229.42, 473.06, 726.59
230.39, 472.57, 851.58
230.32, 598.53, 602.07
231.28, 598.04, 727.06
232.25, 597.56, 852.06
351.57, 346.70, 600.15
352.54, 346.21, 725.14
353.51, 345.73, 850.14
353.44, 471.68, 600.62
354.40, 471.20, 725.62
355.37, 470.71, 850.61
355.30, 596.67, 601.09
356.27, 596.18, 726.09
357.23, 595.70, 851.08
476.56, 344.84, 599.18
477.52, 344.35, 724.17
478.49, 343.87, 849.17
478.42, 469.82, 599.65
479.39, 469.34, 724.64
480.35, 468.85, 849.64
480.28, 594.81, 600.12
481.25, 594.32, 725.12
482.21, 593.84, 850.11
225.36, 473.95, 100.76
227.95, 477.68, 225.67
230.54, 481.41, 350.59
221.75, 598.84, 97.10
224.34, 602.57, 222.02
226.94, 606.30, 346.93
218.14, 723.74, 93.44
220.73, 727.47, 218.36
223.33, 731.20, 343.28
350.28, 477.48, 98.06
352.87, 481.21, 222.97
355.47, 484.94, 347.89
346.67, 602.37, 94.40
349.26, 606.10, 219.32
351.86, 609.83, 344.23
343.06, 727.27, 90.74
345.65, 731.00, 215.66
348.25, 734.73, 340.58
475.20, 481.01, 95.35
477.79, 484.74, 220.27
480.39, 488.47, 345.19
471.59, 605.90, 91.70
474.18, 609.63, 216.62
476.78, 613.37, 341.53
467.98, 730.80, 88.04
470.57, 734.53, 212.96
473.17, 738.26, 337.88
226.69, 474.77, 224.78
227.63, 475.21, 349.78
228.57, 475.65, 474.77
224.43, 599.74, 224.35
225.37, 600.19, 349.35
226.30, 600.63, 474.35
222.17, 724.72, 223.93
223.10, 725.17, 348.92
224.04, 725.61, 473.92
351.67, 477.03, 223.84
352.61, 477.47, 348.83
353.54, 477.91, 473.83
349.41, 602.00, 223.41
350.34, 602.45, 348.41
351.28, 602.89, 473.40
347.14, 726.98, 222.98
348.08, 727.43, 347.98
349.02, 727.87, 472.98
476.65, 479.29, 222.89
477.58, 479.73, 347.89
478.52, 480.17, 472.88
474.38, 604.26, 222.47
475.32, 604.71, 347.46
476.26, 605.15, 472.46
472.12, 729.24, 222.04
473.06, 729.69, 347.04
473.99, 730.13, 472.03
224.43, 475.35, 349.99
221.02, 477.93, 474.91
217.61, 480.51, 599.84
221.76, 600.29, 347.33
218.35, 602.87, 472.26
214.94, 605.45, 597.19
219.08, 725.23, 344.68
215.67, 727.81, 469.61
212.26, 730.39, 594.53
349.36, 478.09, 353.34
345.95, 480.67, 478.27
342.54, 483.25, 603.19
346.68, 603.04, 350.69
343.27, 605.62, 475.61
339.86, 608.20, 600.54
344.01, 727.98, 348.03
340.60, 730.56, 472.96
337.19, 733.14, 597.89
474.28, 480.84, 356.69
470.87, 483.42, 481.62
467.46, 486.00, 606.54
471.61, 605.78, 354.04
468.20, 608.36, 478.96
464.79, 610.94, 603.89
468.93, 730.73, 351.38
465.52, 733.31, 476.31
462.11, 735.89, 601.24
225.82, 475.33, 474.93
225.94, 478.56, 599.89
226.05, 481.80, 724.85
223.90, 600.27, 471.70
224.01, 603.51, 596.66
224.12, 606.74, 721.62
221.97, 725.21, 468.47
222.08, 728.45, 593.43
222.19, 731.68, 718.39
350.81, 477.25, 474.77
350.92, 480.49, 599.73
351.03, 483.72, 724.69
348.88, 602.20, 471.54
348.99, 605.43, 596.50
349.10, 608.67, 721.46
346.95, 727.14, 468.31
347.06, 730.37, 593.27
347.17, 733.61, 718.22
475.79, 479.18, 474.61
475.91, 482.41, 599.57
476.02, 485.65, 724.53
473.87, 604.12, 471.38
473.98, 607.36, 596.34
474.09, 610.59, 721.30
471.94, 729.06, 468.15
472.05, 732.30, 593.10
472.16, 735.53, 718.06
223.64, 476.96, 599.68
223.74, 478.40, 724.67
223.85, 479.83, 849.66
223.60, 601.95, 598.24
223.70, 603.39, 723.24
223.81, 604.82, 848.23
223.56, 726.95, 596.81
223.66, 728.38, 721.80
223.77, 729.82, 846.79
348.64, 477.00, 599.57
348.74, 478.44, 724.56
348.85, 479.87, 849.56
348.60, 601.99, 598.14
348.70, 603.43, 723.13
348.81, 604.86, 848.12
348.56, 726.98, 596.70
348.66, 728.42, 721.70
348.77, 729.85, 846.69
473.64, 477.04, 599.47
473.74, 478.47, 724.46
473.85, 479.91, 849.45
473.60, 602.03, 598.03
473.70, 603.47, 723.02
473.81, 604.90, 848.02
473.56, 727.02, 596.60
473.66, 728.46, 721.59
473.77, 729.89, 846.58
224.37, 599.73, 98.31
226.33, 597.47, 223.28
228.28, 595.22, 348.24
224.10, 724.70, 100.57
226.06, 722.45, 225.54
228.02, 720.20, 350.50
223.84, 849.68, 102.83
225.79, 847.43, 227.80
227.75, 845.17, 352.76
349.35, 600.03, 96.36
351.31, 597.77, 221.32
353.27, 595.52, 346.29
349.09, 725.01, 98.62
351.04, 722.75, 223.58
353.00, 720.50, 348.55
348.82, 849.99, 100.88
350.78, 847.73, 225.84
352.74, 845.48, 350.81
474.34, 600.33, 94.41
476.29, 598.07, 219.37
478.25, 595.82, 344.33
474.07, 725.31, 96.67
476.03, 723.05, 221.63
477.99, 720.80, 346.59
473.80, 850.29, 98.92
475.76, 848.03, 223.89
477.72, 845.78, 348.85
225.42, 601.74, 223.83
222.60, 602.07, 348.80
219.78, 602.41, 473.76
228.83, 726.69, 223.57
226.01, 727.03, 348.54
223.19, 727.36, 473.51
232.25, 851.64, 223.31
229.43, 851.98, 348.28
226.61, 852.31, 473.25
350.34, 598.32, 226.66
347.52, 598.66, 351.62
344.70, 599.00, 476.59
353.76, 723.28, 226.40
350.94, 723.61, 351.37
348.12, 723.95, 476.33
357.17, 848.23, 226.14
354.36, 848.57, 351.11
351.54, 848.90, 476.07
475.26, 594.91, 229.48
472.44, 595.25, 354.45
469.62, 595.58, 479.42
478.68, 719.87, 229.23
475.86, 720.20, 354.19
473.04, 720.54, 479.16
482.10, 844.82, 228.97
479.28, 845.15, 353.93
476.46, 845.49, 478.90
225.26, 600.07, 351.55
221.77, 599.66, 476.50
218.28, 599.26, 601.45
225.75, 725.07, 351.97
222.26, 724.66, 476.92
218.77, 724.25, 601.87
226.24, 850.07, 352.39
222.75, 849.66, 477.34
219.26, 849.25, 602.29
350.21, 599.57, 355.04
346.72, 599.16, 479.99
343.23, 598.75, 604.94
350.70, 724.56, 355.46
347.21, 724.16, 480.41
343.72, 723.75, 605.36
351.20, 849.56, 355.88
347.70, 849.16, 480.83
344.21, 848.75, 605.78
475.16, 599.06, 358.53
471.67, 598.65, 483.48
468.18, 598.25, 608.43
475.65, 724.06, 358.95
472.16, 723.65, 483.90
468.67, 723.24, 608.85
476.15, 849.06, 359.37
472.65, 848.65, 484.32
469.16, 848.24, 609.27
226.84, 600.37, 473.42
228.00, 600.92, 598.41
229.16, 601.47, 723.40
227.47, 725.37, 472.86
228.63, 725.92, 597.85
229.79, 726.47, 722.85
228.10, 850.37, 472.31
229.26, 850.91, 597.30
230.42, 851.46, 722.29
351.83, 599.74, 472.26
352.99, 600.29, 597.25
354.15, 600.83, 722.24
352.46, 724.74, 471.70
353.62, 725.28, 596.70
354.78, 725.83, 721.69
353.09, 849.73, 471.15
354.25, 850.28, 596.14
355.41, 850.83, 721.14
476.83, 599.11, 471.10
477.99, 599.65, 596.09
479.15, 600.20, 721.09
477.46, 724.10, 470.55
478.62, 724.65, 595.54
479.78, 725.20, 720.53
478.08, 849.10, 469.99
479.24, 849.65, 594.99
480.40, 850.20, 719.98
224.20, 599.71, 600.46
221.39, 597.28, 725.40
218.57, 594.85, 850.35
227.20, 724.65, 602.95
224.38, 722.21, 727.90
221.57, 719.78, 852.84
230.19, 849.58, 605.45
227.38, 847.15, 730.40
224.56, 844.72, 855.34
349.14, 596.66, 603.21
346.32, 594.23, 728.16
343.51, 591.80, 853.10
352.13, 721.59, 605.71
349.32, 719.16, 730.65
346.50, 716.73, 855.60
355.13, 846.53, 608.21
352.31, 844.10, 733.15
349.50, 841.67, 858.10
474.07, 593.61, 605.97
471.25, 591.18, 730.91
468.44, 588.75, 855.86
477.06, 718.54, 608.46
474.25, 716.11, 733.41
471.43, 713.68, 858.35
480.06, 843.48, 610.96
477.24, 841.05, 735.91
474.43, 838.62, 860.85
348.46, 101.13, 99.63
346.90, 104.68, 224.57
345.34, 108.23, 349.51
345.82, 226.05, 96.04
344.26, 229.60, 220.98
342.69, 233.16, 345.92
343.17, 350.97, 92.46
341.61, 354.52, 217.40
340.05, 358.08, 342.34
473.42, 103.81, 101.12
471.86, 107.37, 226.06
470.30, 110.92, 351.00
470.78, 228.73, 97.53
469.22, 232.29, 222.47
467.66, 235.84, 347.41
468.14, 353.65, 93.94
466.57, 357.21, 218.88
465.01, 360.76, 343.82
598.39, 106.50, 102.60
596.82, 110.05, 227.54
595.26, 113.61, 352.48
595.74, 231.42, 99.02
594.18, 234.98, 223.96
592.62, 238.53, 348.90
593.10, 356.34, 95.43
591.54, 359.90, 220.37
589.97, 363.45, 345.31
348.88, 100.84, 223.98
348.25, 100.82, 348.98
347.62, 100.79, 473.97
351.58, 225.82, 224.02
350.95, 225.79, 349.02
350.32, 225.76, 474.02
354.28, 350.79, 224.06
353.65, 350.76, 349.06
353.03, 350.73, 474.06
473.85, 98.14, 224.60
473.22, 98.11, 349.60
472.59, 98.08, 474.60
476.55, 223.11, 224.65
475.92, 223.08, 349.65
475.29, 223.05, 474.64
479.25, 348.08, 224.69
478.62, 348.05, 349.69
478.00, 348.03, 474.69
598.82, 95.44, 225.23
598.19, 95.41, 350.23
597.56, 95.38, 475.23
601.52, 220.41, 225.28
600.89, 220.38, 350.27
600.26, 220.35, 475.27
604.22, 345.38, 225.32
603.59, 345.35, 350.32
602.96, 345.32, 475.32
352.00, 99.19, 350.37
349.56, 100.50, 475.34
347.13, 101.81, 600.31
354.53, 224.16, 349.11
352.09, 225.47, 474.08
349.66, 226.78, 599.05
357.05, 349.13, 347.85
354.62, 350.44, 472.82
352.18, 351.75, 597.79
476.95, 96.69, 352.83
474.52, 98.00, 477.80
472.08, 99.31, 602.77
479.48, 221.66, 351.57
477.04, 222.97, 476.54
474.61, 224.28, 601.51
482.01, 346.63, 350.31
479.57, 347.93, 475.28
477.14, 349.24, 600.25
601.90, 94.19, 355.29
599.47, 95.50, 480.26
597.03, 96.81, 605.23
604.43, 219.15, 354.03
601.99, 220.46, 479.00
599.56, 221.77, 603.97
606.96, 344.12, 352.77
604.52, 345.43, 477.74
602.09, 346.74, 602.71
349.55, 99.35, 474.23
351.07, 100.83, 599.21
352.59, 102.31, 724.19
346.37, 224.30, 472.79
347.89, 225.78, 597.77
349.41, 227.26, 722.75
343.19, 349.25, 471.35
344.71, 350.73, 596.33
346.23, 352.21, 721.31
474.50, 102.51, 472.67
476.02, 103.99, 597.65
477.54, 105.47, 722.64
471.32, 227.47, 471.23
472.84, 228.94, 596.21
474.36, 230.42, 721.20
468.14, 352.42, 469.79
469.66, 353.90, 594.77
471.18, 355.38, 719.76
599.45, 105.68, 471.11
600.97, 107.16, 596.10
602.49, 108.64, 721.08
596.27, 230.63, 469.67
597.79, 232.11, 594.66
599.31, 233.59, 719.64
593.09, 355.58, 468.23
594.61, 357.06, 593.22
596.13, 358.54, 718.20
350.69, 101.56, 601.17
353.37, 104.55, 726.10
356.05, 107.54, 851.04
351.89, 226.52, 598.15
354.57, 229.51, 723.09
357.25, 232.49, 848.02
353.10, 351.48, 595.14
355.77, 354.46, 720.07
358.45, 357.45, 845.01
475.66, 100.29, 598.52
478.34, 103.28, 723.45
481.01, 106.27, 848.39
476.86, 225.25, 595.50
479.54, 228.24, 720.44
482.22, 231.23, 845.37
478.06, 350.21, 592.49
480.74, 353.20, 717.42
483.42, 356.18, 842.36
600.62, 99.03, 595.87
603.30, 102.02, 720.80
605.98, 105.00, 845.74
601.82, 223.99, 592.85
604.50, 226.97, 717.79
607.18, 229.96, 842.72
603.03, 348.94, 589.84
605.71, 351.93, 714.77
608.38, 354.92, 839.71
349.04, 226.74, 99.74
351.56, 227.93, 224.71
354.08, 229.13, 349.67
349.09, 351.73, 98.54
351.61, 352.92, 223.51
354.13, 354.12, 348.48
349.14, 476.72, 97.34
351.66, 477.92, 222.31
354.18, 479.11, 347.28
474.01, 226.66, 97.22
476.53, 227.86, 222.19
479.05, 229.05, 347.15
474.06, 351.65, 96.02
476.58, 352.85, 220.99
479.10, 354.05, 345.96
474.11, 476.65, 94.82
476.63, 477.84, 219.79
479.15, 479.04, 344.76
598.99, 226.59, 94.70
601.51, 227.78, 219.67
604.03, 228.98, 344.63
599.04, 351.58, 93.50
601.56, 352.77, 218.47
604.08, 353.97, 343.44
599.09, 476.57, 92.30
601.61, 477.77, 217.27
604.13, 478.96, 342.24
349.38, 224.40, 226.03
351.81, 226.25, 350.99
354.24, 228.09, 475.95
345.62, 349.33, 224.26
348.06, 351.18, 349.22
350.49, 353.02, 474.19
341.87, 474.27, 222.49
344.30, 476.11, 347.45
346.73, 477.95, 472.42
474.30, 228.13, 223.54
476.73, 229.97, 348.51
479.16, 231.81, 473.47
470.54, 353.06, 221.78
472.98, 354.90, 346.74
475.41, 356.74, 471.70
466.79, 477.99, 220.01
469.22, 479.83, 344.97
471.65, 481.67, 469.93
599.22, 231.85, 221.06
601.65, 233.69, 346.02
604.08, 235.53, 470.98
595.46, 356.78, 219.29
597.90, 358.62, 344.25
600.33, 360.46, 469.22
591.71, 481.71, 217.52
594.14, 483.55, 342.48
596.57, 485.39, 467.45
351.80, 225.75, 350.34
352.38, 222.58, 475.30
352.96, 219.40, 600.26
351.03, 350.71, 353.52
351.61, 347.53, 478.47
352.19, 344.36, 603.43
350.25, 475.66, 356.69
350.83, 472.49, 481.65
351.41, 469.32, 606.61
476.80, 226.54, 349.78
477.38, 223.36, 474.74
477.96, 220.19, 599.70
476.02, 351.50, 352.96
476.60, 348.32, 477.92
477.18, 345.15, 602.87
475.25, 476.45, 356.13
475.83, 473.28, 481.09
476.41, 470.11, 606.05
601.80, 227.33, 349.22
602.37, 224.15, 474.18
602.95, 220.98, 599.14
601.02, 352.28, 352.40
601.60, 349.11, 477.36
602.18, 345.94, 602.32
600.25, 477.24, 355.58
600.83, 474.07, 480.53
601.40, 470.89, 605.49
349.95, 223.29, 474.35
350.80, 225.92, 599.31
351.66, 228.55, 724.28
346.30, 348.21, 471.74
347.16, 350.84, 596.71
348.01, 353.47, 721.68
342.65, 473.13, 469.14
343.51, 475.76, 594.11
344.37, 478.39, 719.08
474.89, 226.92, 473.41
475.75, 229.55, 598.38
476.60, 232.18, 723.35
471.24, 351.84, 470.81
472.10, 354.47, 595.78
472.96, 357.10, 720.75
467.60, 476.76, 468.21
468.45, 479.39, 593.18
469.31, 482.01, 718.15
599.83, 230.55, 472.48
600.69, 233.17, 597.45
601.55, 235.80, 722.42
596.19, 355.47, 469.88
597.04, 358.09, 594.85
597.90, 360.72, 719.82
592.54, 480.39, 467.28
593.40, 483.01, 592.25
594.25, 485.64, 717.21
350.96, 225.08, 600.49
350.77, 222.69, 725.46
350.57, 220.30, 850.44
348.14, 350.03, 602.87
347.94, 347.64, 727.85
347.74, 345.24, 852.83
345.31, 474.98, 605.26
345.12, 472.58, 730.24
344.92, 470.19, 855.22
475.93, 227.91, 600.74
475.73, 225.51, 725.72
475.54, 223.12, 850.69
473.11, 352.85, 603.13
472.91, 350.46, 728.10
472.71, 348.06, 853.08
470.28, 477.80, 605.52
470.08, 475.40, 730.49
469.89, 473.01, 855.47
600.90, 230.73, 600.99
600.70, 228.33, 725.97
600.50, 225.94, 850.94
598.08, 355.67, 603.38
597.88, 353.28, 728.36
597.68, 350.88, 853.33
595.25, 480.62, 605.77
595.05, 478.22, 730.75
594.85, 475.83, 855.72
351.15, 349.95, 99.61
353.72, 347.65, 224.56
356.30, 345.36, 349.52
354.57, 474.89, 101.84
357.14, 472.59, 226.79
359.71, 470.29, 351.74
357.98, 599.82, 104.07
360.55, 597.52, 229.02
363.12, 595.22, 353.97
476.08, 346.59, 96.98
478.65, 344.29, 221.93
481.22, 341.99, 346.88
479.49, 471.52, 99.21
482.06, 469.22, 224.16
484.64, 466.92, 349.11
482.91, 596.45, 101.43
485.48, 594.16, 226.39
488.05, 591.86, 351.34
601.01, 343.22, 94.35
603.58, 340.92, 219.30
606.15, 338.62, 344.25
604.42, 468.15, 96.57
606.99, 465.86, 221.53
609.56, 463.56, 346.48
607.83, 593.09, 98.80
610.41, 590.79, 223.75
612.98, 588.49, 348.71
349.30, 350.14, 225.78
347.51, 352.90, 350.73
345.72, 355.66, 475.69
349.92, 475.11, 223.02
348.12, 477.87, 347.98
346.33, 480.63, 472.94
350.53, 600.07, 220.27
348.73, 602.84, 345.23
346.94, 605.60, 470.18
474.29, 349.57, 227.58
472.50, 352.33, 352.54
470.70, 355.09, 477.50
474.90, 474.53, 224.83
473.11, 477.30, 349.79
471.31, 480.06, 474.74
475.51, 599.50, 222.08
473.72, 602.26, 347.03
471.93, 605.03, 471.99
599.28, 348.99, 229.39
597.48, 351.76, 354.35
595.69, 354.52, 479.30
599.89, 473.96, 226.64
598.09, 476.72, 351.59
596.30, 479.49, 476.55
600.50, 598.93, 223.88
598.70, 601.69, 348.84
596.91, 604.45, 473.80
349.77, 351.52, 351.38
347.06, 350.70, 476.34
344.36, 349.87, 601.31
352.31, 476.49, 352.26
349.61, 475.67, 477.22
346.90, 474.84, 602.19
354.86, 601.47, 353.14
352.15, 600.64, 478.10
349.44, 599.81, 603.07
474.72, 348.96, 354.07
472.01, 348.14, 479.03
469.30, 347.31, 604.00
477.26, 473.93, 354.95
474.55, 473.11, 479.92
471.84, 472.28, 604.88
479.80, 598.90, 355.83
477.09, 598.08, 480.80
474.39, 597.25, 605.76
599.66, 346.40, 356.76
596.95, 345.58, 481.73
594.25, 344.75, 606.69
602.20, 471.37, 357.64
599.50, 470.55, 482.61
596.79, 469.72, 607.57
604.75, 596.34, 358.52
602.04, 595.52, 483.49
599.33, 594.69, 608.45
349.86, 349.14, 476.22
352.20, 352.16, 601.16
354.55, 355.18, 726.10
348.81, 474.10, 473.21
351.16, 477.12, 598.16
353.51, 480.14, 723.10
347.77, 599.06, 470.21
350.12, 602.08, 595.15
352.46, 605.10, 720.10
474.83, 350.12, 473.85
477.18, 353.14, 598.79
479.52, 356.16, 723.73
473.79, 475.08, 470.84
476.13, 478.10, 595.79
478.48, 481.12, 720.73
472.74, 600.04, 467.84
475.09, 603.06, 592.78
477.44, 606.08, 717.73
599.80, 351.11, 471.48
602.15, 354.13, 596.42
604.50, 357.15, 721.36
598.76, 476.07, 468.47
601.11, 479.09, 593.42
603.45, 482.11, 718.36
597.72, 601.03, 465.47
600.06, 604.05, 590.41
602.41, 607.07, 715.36
348.57, 351.28, 599.28
348.32, 354.22, 724.24
348.08, 357.17, 849.21
350.75, 476.22, 596.34
350.51, 479.17, 721.30
350.27, 482.11, 846.27
352.94, 601.17, 593.40
352.70, 604.11, 718.37
352.46, 607.06, 843.33
473.55, 349.10, 599.57
473.31, 352.04, 724.54
473.06, 354.99, 849.50
475.73, 474.04, 596.63
475.49, 476.99, 721.60
475.25, 479.93, 846.56
477.92, 598.99, 593.69
477.68, 601.93, 718.66
477.44, 604.88, 843.62
598.53, 346.92, 599.86
598.29, 349.86, 724.83
598.04, 352.81, 849.79
600.71, 471.86, 596.92
600.47, 474.81, 721.89
600.23, 477.75, 846.85
602.90, 596.81, 593.98
602.66, 599.75, 718.95
602.42, 602.70, 843.92
348.68, 474.35, 98.49
352.09, 474.48, 223.44
355.50, 474.61, 348.39
351.51, 599.32, 98.28
354.92, 599.45, 223.23
358.33, 599.58, 348.18
354.34, 724.28, 98.07
357.75, 724.42, 223.02
361.17, 724.55, 347.98
473.60, 471.51, 95.08
477.01, 471.64, 220.03
480.42, 471.77, 344.99
476.43, 596.48, 94.87
479.84, 596.61, 219.82
483.25, 596.74, 344.78
479.26, 721.45, 94.66
482.68, 721.58, 219.62
486.09, 721.71, 344.57
598.52, 468.67, 91.67
601.93, 468.81, 216.62
605.34, 468.94, 341.58
601.35, 593.64, 91.46
604.76, 593.77, 216.42
608.18, 593.90, 341.37
604.19, 718.61, 91.25
607.60, 718.74, 216.21
611.01, 718.87, 341.16
351.76, 474.92, 226.22
352.39, 478.38, 351.17
353.02, 481.84, 476.12
355.13, 599.83, 222.75
355.76, 603.28, 347.70
356.39, 606.74, 472.65
358.50, 724.73, 219.27
359.13, 728.19, 344.22
359.76, 731.65, 469.17
476.71, 471.53, 225.68
477.34, 474.99, 350.64
477.97, 478.45, 475.59
480.08, 596.44, 222.21
480.71, 599.90, 347.16
481.34, 603.35, 472.11
483.46, 721.34, 218.74
484.09, 724.80, 343.69
484.72, 728.26, 468.64
601.66, 468.14, 225.15
602.29, 471.60, 350.10
602.92, 475.06, 475.05
605.04, 593.05, 221.68
605.67, 596.51, 346.63
606.30, 599.96, 471.58
608.41, 717.96, 218.20
609.04, 721.41, 343.15
609.67, 724.87, 468.10
351.93, 475.88, 350.88
348.83, 475.59, 475.84
345.73, 475.29, 600.80
352.58, 600.88, 351.19
349.49, 600.59, 476.15
346.39, 600.29, 601.11
353.24, 725.88, 351.50
350.14, 725.58, 476.46
347.04, 725.29, 601.42
476.89, 475.22, 353.98
473.79, 474.93, 478.94
470.69, 474.63, 603.90
477.54, 600.22, 354.29
474.45, 599.93, 479.25
471.35, 599.63, 604.21
478.20, 725.22, 354.60
475.10, 724.92, 479.56
472.00, 724.63, 604.52
601.85, 474.56, 357.08
598.75, 474.27, 482.04
595.65, 473.97, 607.00
602.50, 599.56, 357.39
599.41, 599.27, 482.35
596.31, 598.97, 607.31
603.16, 724.56, 357.70
600.06, 724.26, 482.66
596.96, 723.97, 607.62
350.49, 475.24, 475.33
353.93, 476.58, 600.28
357.37, 477.92, 725.22
349.91, 600.23, 474.01
353.35, 601.57, 598.95
356.78, 602.91, 723.90
349.32, 725.22, 472.68
352.76, 726.56, 597.63
356.20, 727.90, 722.57
475.44, 475.79, 471.89
478.88, 477.13, 596.83
482.32, 478.47, 721.78
474.86, 600.78, 470.56
478.30, 602.12, 595.51
481.73, 603.46, 720.46
474.28, 725.77, 469.24
477.71, 727.11, 594.18
481.15, 728.45, 719.13
600.40, 476.34, 468.44
603.83, 477.68, 593.39
607.27, 479.02, 718.34
599.81, 601.33, 467.12
603.25, 602.67, 592.07
606.69, 604.01, 717.01
599.23, 726.32, 465.80
602.66, 727.66, 590.74
606.10, 729.00, 715.69
350.50, 476.34, 600.58
352.30, 478.43, 725.55
354.10, 480.53, 850.52
351.80, 601.31, 598.46
353.60, 603.41, 723.43
355.40, 605.51, 848.40
353.10, 726.29, 596.35
354.90, 728.38, 721.32
356.70, 730.48, 846.29
475.48, 475.01, 598.80
477.28, 477.10, 723.77
479.08, 479.20, 848.74
476.78, 599.98, 596.69
478.58, 602.08, 721.66
480.38, 604.18, 846.62
478.08, 724.96, 594.57
479.88, 727.06, 719.54
481.68, 729.15, 844.51
600.46, 473.68, 597.02
602.26, 475.78, 721.99
604.06, 477.87, 846.96
601.76, 598.65, 594.91
603.56, 600.75, 719.88
605.36, 602.85, 844.85
603.06, 723.63, 592.79
604.86, 725.73, 717.76
606.66, 727.82, 842.73
350.22, 599.30, 99.19
348.45, 599.55, 224.18
346.68, 599.80, 349.16
349.29, 724.30, 98.93
347.52, 724.55, 223.92
345.76, 724.79, 348.90
348.37, 849.30, 98.67
346.60, 849.54, 223.66
344.83, 849.79, 348.64
475.20, 600.23, 100.96
473.43, 600.48, 225.94
471.67, 600.73, 350.93
474.28, 725.23, 100.70
472.51, 725.48, 225.68
470.74, 725.72, 350.67
473.35, 850.23, 100.44
471.58, 850.47, 225.42
469.82, 850.72, 350.41
600.19, 601.16, 102.72
598.42, 601.41, 227.71
596.65, 601.65, 352.70
599.26, 726.16, 102.46
597.49, 726.40, 227.45
595.72, 726.65, 352.44
598.34, 851.15, 102.20
596.57, 851.40, 227.19
594.80, 851.65, 352.18
351.86, 598.24, 223.70
350.35, 601.26, 348.65
348.85, 604.27, 473.61
350.90, 723.20, 220.67
349.39, 726.22, 345.63
347.88, 729.23, 470.58
349.93, 848.16, 217.65
348.42, 851.18, 342.60
346.91, 854.19, 467.55
476.85, 599.25, 225.18
475.34, 602.26, 350.14
473.83, 605.28, 475.09
475.88, 724.21, 222.16
474.38, 727.22, 347.11
472.87, 730.24, 472.06
474.92, 849.17, 219.13
473.41, 852.18, 344.08
471.90, 855.20, 469.04
601.84, 600.25, 226.66
600.33, 603.26, 351.62
598.82, 606.28, 476.57
600.87, 725.21, 223.64
599.36, 728.22, 348.59
597.86, 731.24, 473.55
599.90, 850.17, 220.61
598.40, 853.18, 345.57
596.89, 856.20, 470.52
349.11, 598.00, 351.09
349.07, 598.54, 476.09
349.03, 599.07, 601.09
351.80, 722.97, 350.55
351.76, 723.51, 475.55
351.72, 724.04, 600.55
354.49, 847.94, 350.02
354.45, 848.48, 475.02
354.41, 849.01, 600.02
474.08, 595.31, 351.14
474.04, 595.84, 476.14
474.00, 596.38, 601.14
476.77, 720.28, 350.61
476.73, 720.81, 475.61
476.69, 721.35, 600.60
479.47, 845.25, 350.07
479.42, 845.78, 475.07
479.38, 846.32, 600.07
599.05, 592.61, 351.20
599.01, 593.15, 476.20
598.97, 593.69, 601.19
601.74, 717.58, 350.66
601.70, 718.12, 475.66
601.66, 718.66, 600.66
604.44, 842.55, 350.12
604.40, 843.09, 475.12
604.35, 843.63, 600.12
350.88, 601.38, 474.48
350.57, 600.77, 599.48
350.26, 600.16, 724.47
347.27, 726.32, 475.07
346.96, 725.72, 600.07
346.65, 725.11, 725.07
343.67, 851.27, 475.67
343.36, 850.66, 600.67
343.05, 850.06, 725.67
475.82, 604.98, 474.80
475.52, 604.37, 599.80
475.21, 603.77, 724.80
472.22, 729.93, 475.40
471.91, 729.32, 600.40
471.60, 728.71, 725.40
468.61, 854.87, 476.00
468.31, 854.27, 601.00
468.00, 853.66, 726.00
600.77, 608.58, 475.13
600.46, 607.98, 600.13
600.15, 607.37, 725.13
597.17, 733.53, 475.73
596.86, 732.92, 600.73
596.55, 732.32, 725.72
593.56, 858.48, 476.32
593.25, 857.87, 601.32
592.94, 857.26, 726.32
349.21, 600.57, 601.55
345.51, 599.78, 726.49
341.81, 598.98, 851.44
351.82, 725.54, 602.42
348.12, 724.75, 727.37
344.42, 723.95, 852.31
354.42, 850.51, 603.30
350.72, 849.72, 728.24
347.02, 848.92, 853.18
474.13, 597.94, 605.24
470.43, 597.15, 730.18
466.73, 596.35, 855.12
476.74, 722.91, 606.11
473.03, 722.12, 731.05
469.33, 721.32, 855.99
479.34, 847.88, 606.98
475.64, 847.09, 731.92
471.94, 846.29, 856.86
599.05, 595.31, 608.92
595.35, 594.52, 733.86
591.65, 593.72, 858.80
601.65, 720.28, 609.79
597.95, 719.49, 734.73
594.25, 718.69, 859.68
604.26, 845.25, 610.66
600.56, 844.46, 735.60
596.86, 843.66, 860.55
473.20, 101.61, 98.57
471.46, 100.08, 223.55
469.72, 98.56, 348.53
470.31, 226.57, 100.06
468.57, 225.04, 225.04
466.84, 223.51, 350.02
467.42, 351.53, 101.55
465.69, 350.00, 226.53
463.95, 348.47, 351.50
598.15, 104.48, 100.34
596.42, 102.95, 225.32
594.68, 101.42, 350.30
595.27, 229.44, 101.83
593.53, 227.91, 226.81
591.79, 226.38, 351.79
592.38, 354.40, 103.32
590.64, 352.87, 228.30
588.90, 351.34, 353.28
723.11, 107.35, 102.12
721.37, 105.82, 227.09
719.63, 104.29, 352.07
720.22, 232.30, 103.60
718.48, 230.78, 228.58
716.75, 229.25, 353.56
717.33, 357.26, 105.09
715.60, 355.73, 230.07
713.86, 354.21, 355.05
475.37, 100.12, 225.07
474.96, 98.05, 350.05
474.55, 95.97, 475.03
477.47, 225.08, 227.15
477.06, 223.01, 352.13
476.65, 220.94, 477.11
479.56, 350.05, 229.23
479.16, 347.98, 354.21
478.75, 345.90, 479.19
600.35, 98.01, 225.44
599.94, 95.94, 350.42
599.53, 93.87, 475.41
602.45, 222.98, 227.52
602.04, 220.91, 352.50
601.63, 218.83, 477.49
604.55, 347.94, 229.60
604.14, 345.87, 354.58
603.73, 343.80, 479.57
725.33, 95.91, 225.82
724.92, 93.84, 350.80
724.52, 91.76, 475.78
727.43, 220.88, 227.90
727.02, 218.80, 352.88
726.61, 216.73, 477.86
729.53, 345.84, 229.97
729.12, 343.77, 354.96
728.71, 341.69, 479.94
474.32, 99.40, 348.50
474.00, 98.49, 473.49
473.69, 97.57, 598.49
471.33, 224.36, 349.40
471.02, 223.45, 474.40
470.71, 222.53, 599.40
468.35, 349.32, 350.31
468.04, 348.41, 475.31
467.73, 347.49, 600.30
599.28, 102.38, 348.83
598.97, 101.46, 473.83
598.65, 100.55, 598.82
596.30, 227.34, 349.74
595.99, 226.43, 474.73
595.67, 225.51, 599.73
593.32, 352.30, 350.65
593.00, 351.39, 475.64
592.69, 350.47, 600.64
724.24, 105.36, 349.16
723.93, 104.44, 474.16
723.62, 103.53, 599.16
721.26, 230.32, 350.07
720.95, 229.41, 475.07
720.64, 228.49, 600.06
718.28, 355.28, 350.98
717.97, 354.37, 475.98
717.65, 353.45, 600.97
473.37, 98.00, 473.80
471.41, 96.48, 598.78
469.46, 94.96, 723.75
470.73, 222.96, 475.28
468.77, 221.44, 600.26
466.82, 219.93, 725.23
468.09, 347.93, 476.76
466.13, 346.41, 601.73
464.18, 344.89, 726.71
598.33, 100.61, 475.79
596.37, 99.10, 600.77
594.41, 97.58, 725.74
595.69, 225.58, 477.27
593.73, 224.06, 602.24
591.77, 222.54, 727.22
593.05, 350.54, 478.75
591.09, 349.02, 603.72
589.13, 347.50, 728.70
723.28, 103.23, 477.78
721.33, 101.71, 602.76
719.37, 100.19, 727.73
720.64, 228.19, 479.26
718.69, 226.68, 604.23
716.73, 225.16, 729.21
718.00, 353.16, 480.73
716.05, 351.64, 605.71
714.09, 350.12, 730.68
474.30, 99.15, 598.03
476.22, 96.41, 722.99
478.14, 93.67, 847.94
474.00, 224.12, 600.78
475.92, 221.38, 725.73
477.84, 218.64, 850.69
473.71, 349.09, 603.52
475.62, 346.35, 728.48
477.54, 343.61, 853.43
599.29, 99.49, 596.12
601.20, 96.75, 721.08
603.12, 94.00, 846.03
598.99, 224.46, 598.87
600.91, 221.72, 723.82
602.82, 218.97, 848.78
598.69, 349.43, 601.61
600.61, 346.68, 726.57
602.53, 343.94, 851.53
724.27, 99.83, 594.21
726.19, 97.08, 719.17
728.10, 94.34, 844.12
723.97, 224.80, 596.96
725.89, 222.05, 721.91
727.81, 219.31, 846.87
723.68, 349.76, 599.70
725.59, 347.02, 724.66
727.51, 344.28, 849.62
474.51, 226.87, 99.66
473.07, 227.76, 224.65
471.63, 228.65, 349.64
472.77, 351.86, 98.75
471.33, 352.75, 223.74
469.89, 353.64, 348.73
471.03, 476.84, 97.84
469.59, 477.73, 222.83
468.15, 478.62, 347.81
599.49, 228.62, 101.09
598.05, 229.51, 226.07
596.61, 230.40, 351.06
597.75, 353.61, 100.18
596.31, 354.50, 225.16
594.87, 355.39, 350.15
596.01, 478.59, 99.27
594.57, 479.48, 224.25
593.13, 480.37, 349.24
724.47, 230.37, 102.51
723.03, 231.26, 227.50
721.59, 232.15, 352.49
722.73, 355.36, 101.60
721.29, 356.25, 226.59
719.85, 357.14, 351.58
720.99, 480.34, 100.69
719.55, 481.23, 225.68
718.11, 482.12, 350.67
473.35, 224.07, 223.59
475.98, 224.61, 348.56
478.61, 225.15, 473.53
471.50, 349.06, 223.09
474.13, 349.60, 348.06
476.76, 350.14, 473.03
469.65, 474.04, 222.59
472.28, 474.58, 347.56
474.91, 475.12, 472.53
598.31, 225.91, 220.95
600.94, 226.45, 345.92
603.57, 226.99, 470.89
596.46, 350.89, 220.45
599.09, 351.43, 345.42
601.72, 351.97, 470.39
594.61, 475.88, 219.94
597.24, 476.42, 344.92
599.87, 476.96, 469.89
723.27, 227.75, 218.31
725.90, 228.29, 343.28
728.53, 228.83, 468.25
721.42, 352.73, 217.81
724.05, 353.27, 342.78
726.68, 353.81, 467.75
719.57, 477.72, 217.30
722.20, 478.26, 342.28
724.83, 478.80, 467.25
473.90, 226.56, 348.68
474.02, 227.62, 473.68
474.13, 228.68, 598.67
471.16, 351.53, 347.62
471.27, 352.59, 472.62
471.39, 353.65, 597.61
468.41, 476.49, 346.57
468.52, 477.55, 471.56
468.64, 478.62, 596.56
598.87, 229.31, 348.54
598.99, 230.37, 473.54
599.10, 231.43, 598.53
596.13, 354.28, 347.49
596.24, 355.34, 472.48
596.35, 356.40, 597.48
593.38, 479.24, 346.43
593.49, 480.30, 471.42
593.61, 481.36, 596.42
723.84, 232.06, 348.41
723.96, 233.12, 473.40
724.07, 234.18, 598.40
721.10, 357.02, 347.35
721.21, 358.08, 472.34
721.32, 359.14, 597.34
718.35, 481.99, 346.29
718.46, 483.05, 471.29
718.58, 484.11, 596.28
475.79, 223.90, 475.16
472.44, 222.71, 600.11
469.09, 221.52, 725.06
473.98, 348.89, 476.31
470.63, 347.69, 601.26
467.29, 346.50, 726.20
472.17, 473.87, 477.45
468.82, 472.68, 602.40
465.48, 471.48, 727.35
600.73, 225.68, 478.53
597.38, 224.49, 603.48
594.04, 223.30, 728.43
598.92, 350.66, 479.67
595.58, 349.47, 604.62
592.23, 348.28, 729.57
597.11, 475.65, 480.81
593.77, 474.45, 605.76
590.42, 473.26, 730.71
725.67, 227.46, 481.89
722.33, 226.27, 606.84
718.98, 225.08, 731.79
723.87, 352.44, 483.04
720.52, 351.25, 607.98
717.17, 350.06, 732.93
722.06, 477.42, 484.18
718.71, 476.23, 609.13
715.36, 475.04, 734.08
474.10, 224.83, 598.34
474.87, 228.21, 723.29
475.64, 231.59, 848.24
474.20, 349.78, 594.96
474.97, 353.16, 719.91
475.74, 356.54, 844.86
474.30, 474.74, 591.58
475.07, 478.12, 716.53
475.85, 481.50, 841.48
599.10, 224.70, 597.57
599.87, 228.08, 722.52
600.64, 231.46, 847.47
599.20, 349.66, 594.19
599.97, 353.04, 719.14
600.74, 356.42, 844.09
599.30, 474.61, 590.81
600.07, 477.99, 715.76
600.84, 481.37, 840.71
724.09, 224.58, 596.80
724.87, 227.96, 721.75
725.64, 231.34, 846.70
724.20, 349.53, 593.42
724.97, 352.92, 718.37
725.74, 356.30, 843.32
724.30, 474.49, 590.04
725.07, 477.87, 714.99
725.84, 481.25, 839.94
474.49, 351.58, 100.46
470.97, 353.06, 225.40
467.46, 354.54, 350.34
474.76, 476.57, 98.98
471.25, 478.05, 223.93
467.73, 479.53, 348.87
475.04, 601.56, 97.51
471.53, 603.04, 222.45
468.01, 604.52, 347.40
599.44, 351.35, 103.97
595.92, 352.83, 228.92
592.41, 354.31, 353.86
599.71, 476.34, 102.50
596.20, 477.82, 227.44
592.68, 479.30, 352.39
599.99, 601.33, 101.03
596.48, 602.81, 225.97
592.96, 604.29, 350.91
724.39, 351.11, 107.49
720.87, 352.59, 232.43
717.36, 354.07, 357.38
724.66, 476.10, 106.02
721.15, 477.58, 230.96
717.64, 479.06, 355.90
724.94, 601.09, 104.55
721.43, 602.57, 229.49
717.91, 604.05, 354.43
476.53, 350.48, 224.76
479.70, 353.59, 349.68
482.87, 356.70, 474.60
476.28, 475.44, 221.65
479.45, 478.55, 346.57
482.62, 481.66, 471.49
476.03, 600.40, 218.55
479.20, 603.51, 343.47
482.38, 606.62, 468.39
601.49, 350.65, 221.58
604.66, 353.76, 346.50
607.83, 356.86, 471.42
601.24, 475.61, 218.48
604.41, 478.72, 343.40
607.58, 481.83, 468.32
600.99, 600.57, 215.37
604.16, 603.68, 340.29
607.33, 606.79, 465.21
726.45, 350.82, 218.40
729.62, 353.92, 343.32
732.79, 357.03, 468.24
726.20, 475.78, 215.30
729.37, 478.89, 340.22
732.54, 482.00, 465.14
725.95, 600.74, 212.19
729.12, 603.85, 337.12
732.29, 606.96, 462.04
476.74, 349.41, 349.19
479.65, 347.43, 474.14
482.56, 345.46, 599.10
474.05, 474.36, 351.23
476.96, 472.39, 476.18
479.87, 470.42, 601.13
471.35, 599.31, 353.26
474.27, 597.34, 478.21
477.18, 595.37, 603.17
601.68, 352.15, 346.32
604.59, 350.17, 471.28
607.50, 348.20, 596.23
598.98, 477.10, 348.36
601.90, 475.13, 473.31
604.81, 473.15, 598.26
596.29, 602.05, 350.40
599.20, 600.08, 475.35
602.12, 598.11, 600.30
726.61, 354.88, 343.46
729.53, 352.91, 468.41
732.44, 350.94, 593.36
723.92, 479.84, 345.49
726.83, 477.87, 470.44
729.75, 475.89, 595.39
721.23, 604.79, 347.53
724.14, 602.82, 472.48
727.05, 600.85, 597.43
475.73, 348.86, 473.35
475.27, 347.14, 598.34
474.80, 345.42, 723.33
476.50, 473.84, 475.07
476.04, 472.12, 600.06
475.57, 470.40, 725.05
477.27, 598.83, 476.80
476.81, 597.11, 601.78
476.34, 595.39, 726.77
600.73, 348.08, 473.81
600.26, 346.36, 598.79
599.80, 344.64, 723.78
601.50, 473.07, 475.53
601.03, 471.35, 600.52
600.57, 469.63, 725.50
602.27, 598.05, 477.25
601.80, 596.33, 602.24
601.34, 594.61, 727.23
725.72, 347.30, 474.26
725.26, 345.58, 599.25
724.79, 343.86, 724.23
726.49, 472.29, 475.98
726.03, 470.57, 600.97
725.56, 468.85, 725.96
727.26, 597.28, 477.71
726.80, 595.55, 602.69
726.33, 593.83, 727.68
475.99, 351.85, 600.74
475.51, 348.36, 725.69
475.03, 344.87, 850.64
473.69, 476.78, 604.21
473.21, 473.29, 729.16
472.74, 469.80, 854.12
471.40, 601.71, 607.69
470.92, 598.22, 732.64
470.44, 594.73, 857.59
600.97, 354.13, 601.28
600.49, 350.64, 726.23
600.01, 347.15, 851.18
598.67, 479.06, 604.76
598.19, 475.57, 729.71
597.71, 472.08, 854.66
596.38, 603.99, 608.24
595.90, 600.50, 733.19
595.42, 597.01, 858.14
725.95, 356.41, 601.82
725.47, 352.92, 726.77
724.99, 349.44, 851.72
723.65, 481.34, 605.30
723.17, 477.85, 730.25
722.69, 474.37, 855.20
721.35, 606.27, 608.78
720.87, 602.78, 733.73
720.39, 599.30, 858.68
476.39, 473.22, 99.61
477.66, 472.73, 224.60
478.92, 472.24, 349.60
474.43, 598.21, 100.12
475.70, 597.72, 225.11
476.96, 597.22, 350.11
472.47, 723.19, 100.63
473.74, 722.70, 225.63
475.01, 722.21, 350.62
601.37, 475.19, 98.35
602.64, 474.70, 223.34
603.90, 474.20, 348.34
599.41, 600.17, 98.86
600.68, 599.68, 223.86
601.94, 599.19, 348.85
597.45, 725.15, 99.37
598.72, 724.66, 224.37
599.98, 724.17, 349.36
726.35, 477.15, 97.09
727.61, 476.66, 222.09
728.88, 476.17, 347.08
724.39, 602.13, 97.60
725.65, 601.64, 222.60
726.92, 601.15, 347.59
722.43, 727.12, 98.12
723.70, 726.63, 223.11
724.96, 726.14, 348.10
473.16, 474.64, 223.09
472.56, 474.45, 348.09
471.95, 474.27, 473.09
475.28, 599.62, 223.29
474.68, 599.43, 348.29
474.08, 599.25, 473.28
477.40, 724.60, 223.48
476.80, 724.42, 348.48
476.20, 724.23, 473.48
598.14, 472.52, 223.69
597.54, 472.33, 348.69
596.93, 472.15, 473.69
600.26, 597.50, 223.89
599.66, 597.31, 348.88
599.06, 597.13, 473.88
602.38, 722.48, 224.08
601.78, 722.29, 349.08
601.18, 722.11, 474.08
723.12, 470.39, 224.29
722.52, 470.21, 349.29
721.91, 470.02, 474.29
725.24, 595.37, 224.49
724.64, 595.19, 349.48
724.04, 595.00, 474.48
727.36, 720.36, 224.68
726.76, 720.17, 349.68
726.16, 719.99, 474.68
474.36, 473.45, 351.99
472.26, 475.17, 476.96
470.16, 476.90, 601.93
473.73, 598.44, 350.26
471.64, 600.16, 475.23
469.54, 601.88, 600.20
473.11, 723.42, 348.52
471.01, 725.15, 473.49
468.91, 726.87, 598.46
599.34, 474.10, 354.08
597.24, 475.83, 479.05
595.14, 477.55, 604.02
598.71, 599.09, 352.35
596.62, 600.81, 477.32
594.52, 602.54, 602.29
598.09, 724.07, 350.61
595.99, 725.80, 475.58
593.90, 727.52, 600.55
724.32, 474.75, 356.17
722.22, 476.48, 481.14
720.12, 478.20, 606.11
723.70, 599.74, 354.43
721.60, 601.46, 479.41
719.50, 603.19, 604.38
723.07, 724.73, 352.70
720.97, 726.45, 477.67
718.88, 728.17, 602.64
476.15, 475.65, 474.29
474.59, 477.62, 599.27
473.04, 479.59, 724.24
476.69, 600.63, 472.33
475.14, 602.60, 597.30
473.59, 604.57, 722.28
477.24, 725.62, 470.37
475.69, 727.58, 595.34
474.13, 729.55, 720.32
601.13, 475.13, 475.85
599.58, 477.09, 600.83
598.03, 479.06, 725.80
601.68, 600.11, 473.89
600.13, 602.08, 598.87
598.57, 604.05, 723.84
602.23, 725.09, 471.93
600.68, 727.06, 596.91
599.12, 729.03, 721.88
726.12, 474.60, 477.42
724.57, 476.57, 602.39
723.02, 478.54, 727.37
726.67, 599.59, 475.45
725.12, 601.55, 600.43
723.56, 603.52, 725.40
727.22, 724.57, 473.49
725.67, 726.54, 598.47
724.11, 728.51, 723.44
474.82, 473.70, 601.13
474.87, 472.82, 726.12
474.92, 471.94, 851.12
472.60, 598.68, 602.01
472.65, 597.80, 727.00
472.70, 596.92, 852.00
470.39, 723.66, 602.89
470.44, 722.78, 727.88
470.49, 721.90, 852.88
599.80, 475.92, 601.09
599.85, 475.04, 726.09
599.90, 474.16, 851.08
597.58, 600.90, 601.97
597.63, 600.02, 726.97
597.68, 599.14, 851.97
595.37, 725.87, 602.85
595.42, 724.99, 727.85
595.47, 724.11, 852.85
724.78, 478.13, 601.06
724.83, 477.25, 726.05
724.88, 476.37, 851.05
722.56, 603.11, 601.94
722.61, 602.23, 726.93
722.66, 601.35, 851.93
720.35, 728.09, 602.82
720.40, 727.21, 727.81
720.45, 726.33, 852.81
476.72, 601.10, 100.35
474.67, 601.60, 225.34
472.61, 602.09, 350.32
479.80, 726.06, 99.91
477.75, 726.56, 224.89
475.69, 727.05, 349.87
482.88, 851.02, 99.46
480.83, 851.52, 224.45
478.77, 852.01, 349.43
601.66, 598.03, 102.42
599.61, 598.52, 227.40
597.56, 599.02, 352.38
604.74, 722.99, 101.97
602.69, 723.48, 226.96
600.64, 723.98, 351.94
607.83, 847.95, 101.53
605.77, 848.45, 226.51
603.72, 848.94, 351.49
726.61, 594.95, 104.49
724.56, 595.45, 229.47
722.50, 595.95, 354.45
729.69, 719.92, 104.04
727.64, 720.41, 229.02
725.58, 720.91, 354.00
732.77, 844.88, 103.60
730.72, 845.37, 228.58
728.66, 845.87, 353.56
477.00, 601.92, 225.40
476.83, 602.86, 350.40
476.66, 603.80, 475.40
475.30, 726.90, 224.46
475.13, 727.84, 349.46
474.96, 728.78, 474.45
473.61, 851.88, 223.52
473.44, 852.83, 348.51
473.27, 853.77, 473.51
601.99, 603.61, 225.56
601.82, 604.55, 350.56
601.65, 605.49, 475.56
600.29, 728.60, 224.62
600.12, 729.54, 349.62
599.95, 730.48, 474.61
598.60, 853.58, 223.68
598.42, 854.52, 348.67
598.25, 855.46, 473.67
726.98, 605.31, 225.72
726.80, 606.25, 350.72
726.63, 607.19, 475.71
725.28, 730.29, 224.78
725.11, 731.24, 349.77
724.94, 732.18, 474.77
723.58, 855.28, 223.83
723.41, 856.22, 348.83
723.24, 857.16, 473.83
474.43, 598.06, 351.56
477.64, 594.38, 476.47
480.85, 590.71, 601.37
476.16, 722.99, 355.19
479.37, 719.32, 480.10
482.59, 715.64, 605.00
477.90, 847.93, 358.82
481.11, 844.25, 483.73
484.32, 840.58, 608.63
599.37, 596.41, 348.30
602.58, 592.74, 473.21
605.79, 589.07, 598.11
601.11, 721.35, 351.93
604.32, 717.67, 476.84
607.53, 714.00, 601.74
602.85, 846.28, 355.56
606.06, 842.61, 480.47
609.27, 838.94, 605.37
724.32, 594.77, 345.04
727.53, 591.10, 469.95
730.74, 587.42, 594.85
726.06, 719.70, 348.67
729.27, 716.03, 473.58
732.48, 712.36, 598.48
727.79, 844.64, 352.30
731.01, 840.97, 477.21
734.22, 837.29, 602.11
473.75, 600.17, 473.07
476.49, 600.00, 598.03
479.23, 599.83, 723.00
476.26, 725.14, 473.18
479.00, 724.97, 598.15
481.74, 724.81, 723.12
478.77, 850.12, 473.29
481.51, 849.95, 598.26
484.25, 849.78, 723.23
598.69, 597.66, 470.32
601.44, 597.49, 595.29
604.18, 597.32, 720.26
601.20, 722.64, 470.43
603.95, 722.47, 595.40
606.69, 722.30, 720.37
603.71, 847.61, 470.55
606.46, 847.44, 595.52
609.20, 847.27, 720.49
723.64, 595.16, 467.57
726.38, 594.99, 592.54
729.12, 594.82, 717.51
726.15, 720.13, 467.69
728.89, 719.96, 592.66
731.63, 719.79, 717.63
728.66, 845.11, 467.80
731.40, 844.94, 592.77
734.14, 844.77, 717.74
476.83, 601.03, 598.50
478.62, 598.33, 723.46
480.41, 595.62, 848.41
479.24, 725.97, 601.16
481.03, 723.27, 726.12
482.82, 720.57, 851.08
481.65, 850.92, 603.83
483.44, 848.22, 728.79
485.24, 845.52, 853.75
601.79, 598.65, 596.65
603.58, 595.95, 721.61
605.38, 593.25, 846.57
604.20, 723.60, 599.32
605.99, 720.90, 724.28
607.79, 718.20, 849.24
606.61, 848.55, 601.99
608.41, 845.85, 726.94
610.20, 843.15, 851.90
726.75, 596.28, 594.81
728.55, 593.58, 719.77
730.34, 590.88, 844.73
729.17, 721.23, 597.48
730.96, 718.53, 722.43
732.75, 715.83, 847.39
731.58, 846.18, 600.14
733.37, 843.48, 725.10
735.16, 840.78, 850.06
598.25, 101.24, 100.59
597.88, 100.61, 225.59
597.51, 99.98, 350.59
600.76, 226.21, 101.23
600.39, 225.58, 226.23
600.02, 224.95, 351.23
603.27, 351.19, 101.87
602.90, 350.56, 226.87
602.53, 349.92, 351.86
723.22, 98.73, 100.95
722.85, 98.10, 225.95
722.48, 97.47, 350.95
725.73, 223.70, 101.59
725.36, 223.07, 226.59
724.99, 222.44, 351.58
728.24, 348.67, 102.23
727.87, 348.04, 227.22
727.50, 347.41, 352.22
848.19, 96.21, 101.31
847.83, 95.58, 226.30
847.46, 94.95, 351.30
850.71, 221.19, 101.94
850.34, 220.56, 226.94
849.97, 219.93, 351.94
853.22, 346.16, 102.58
852.85, 345.53, 227.58
852.48, 344.90, 352.58
600.96, 99.41, 224.11
597.83, 99.43, 349.07
594.70, 99.44, 474.03
598.89, 224.40, 224.05
595.76, 224.41, 349.01
592.63, 224.42, 473.97
596.81, 349.38, 223.98
593.68, 349.39, 348.94
590.55, 349.41, 473.91
725.90, 101.49, 227.24
722.77, 101.50, 352.20
719.64, 101.51, 477.16
723.83, 226.47, 227.18
720.70, 226.48, 352.14
717.57, 226.50, 477.10
721.76, 351.46, 227.11
718.63, 351.47, 352.07
715.50, 351.48, 477.04
850.85, 103.56, 230.37
847.72, 103.58, 355.33
844.59, 103.59, 480.29
848.77, 228.55, 230.31
845.64, 228.56, 355.27
842.51, 228.57, 480.23
846.70, 353.53, 230.24
843.57, 353.54, 355.20
840.44, 353.55, 480.16
599.03, 98.01, 350.41
601.14, 97.48, 475.39
603.25, 96.95, 600.37
600.30, 223.01, 350.92
602.41, 222.47, 475.90
604.52, 221.94, 600.88
601.58, 348.00, 351.43
603.69, 347.47, 476.41
605.80, 346.93, 601.40
724.00, 96.74, 348.30
726.11, 96.21, 473.28
728.22, 95.68, 598.26
725.28, 221.74, 348.81
727.39, 221.20, 473.79
729.50, 220.67, 598.77
726.56, 346.73, 349.32
728.67, 346.20, 474.30
730.78, 345.66, 599.28
848.98, 95.47, 346.18
851.09, 94.94, 471.16
853.20, 94.41, 596.14
850.26, 220.47, 346.69
852.37, 219.93, 471.67
854.48, 219.40, 596.65
851.53, 345.46, 347.20
853.64, 344.93, 472.18
855.75, 344.39, 597.17
601.99, 98.49, 475.12
604.26, 101.60, 600.06
606.52, 104.72, 725.00
604.23, 223.43, 471.96
606.50, 226.54, 596.90
608.76, 229.66, 721.84
606.47, 348.37, 468.81
608.74, 351.48, 593.75
611.00, 354.60, 718.69
726.95, 96.20, 472.91
729.22, 99.31, 597.85
731.48, 102.42, 722.79
729.19, 221.14, 469.75
731.46, 224.25, 594.69
733.72, 227.36, 719.63
731.43, 346.08, 466.60
733.69, 349.19, 591.54
735.96, 352.30, 716.48
851.91, 93.90, 470.70
854.18, 97.01, 595.64
856.44, 100.13, 720.58
854.15, 218.84, 467.54
856.42, 221.95, 592.48
858.68, 225.07, 717.42
856.39, 343.78, 464.39
858.65, 346.89, 589.33
860.92, 350.01, 714.27
600.40, 101.19, 601.67
602.93, 104.59, 726.60
605.45, 108.00, 851.52
599.33, 226.14, 598.28
601.85, 229.54, 723.21
604.38, 232.95, 848.14
598.26, 351.09, 594.90
600.78, 354.49, 719.83
603.31, 357.90, 844.76
725.37, 102.19, 599.12
727.90, 105.60, 724.05
730.42, 109.00, 848.97
724.30, 227.14, 595.73
726.82, 230.55, 720.66
729.35, 233.95, 845.59
723.23, 352.09, 592.35
725.75, 355.50, 717.28
728.28, 358.90, 842.20
850.34, 103.19, 596.57
852.87, 106.60, 721.50
855.39, 110.01, 846.42
849.27, 228.14, 593.18
851.79, 231.55, 718.11
854.32, 234.96, 843.04
848.20, 353.09, 589.80
850.72, 356.50, 714.73
853.25, 359.90, 839.65
599.40, 223.50, 99.03
601.95, 224.47, 224.00
604.50, 225.44, 348.97
602.84, 348.45, 97.98
605.39, 349.42, 222.95
607.94, 350.39, 347.93
606.29, 473.39, 96.94
608.84, 474.36, 221.91
611.38, 475.33, 346.88
724.33, 220.03, 96.50
726.88, 221.00, 221.48
729.42, 221.97, 346.45
727.77, 344.98, 95.46
730.32, 345.95, 220.43
732.87, 346.92, 345.40
731.21, 469.93, 94.42
733.76, 470.90, 219.39
736.31, 471.87, 344.36
849.25, 216.57, 93.98
851.80, 217.54, 218.95
854.35, 218.51, 343.93
852.70, 341.52, 92.94
855.25, 342.49, 217.91
857.79, 343.46, 342.88
856.14, 466.47, 91.90
858.69, 467.44, 216.87
861.24, 468.41, 341.84
599.29, 225.09, 226.60
598.60, 223.53, 351.59
597.90, 221.98, 476.58
599.05, 350.08, 228.16
598.36, 348.52, 353.15
597.66, 346.97, 478.14
598.82, 475.07, 229.72
598.12, 473.51, 354.71
597.42, 471.96, 479.69
724.29, 225.32, 227.30
723.59, 223.76, 352.29
722.90, 222.20, 477.28
724.05, 350.31, 228.86
723.36, 348.75, 353.85
722.66, 347.19, 478.84
723.81, 475.30, 230.42
723.12, 473.74, 355.41
722.42, 472.18, 480.39
849.29, 225.55, 228.00
848.59, 223.99, 352.99
847.89, 222.43, 477.98
849.05, 350.54, 229.56
848.35, 348.98, 354.55
847.66, 347.42, 479.53
848.81, 475.53, 231.12
848.12, 473.97, 356.10
847.42, 472.41, 481.09
601.21, 223.31, 351.26
599.70, 219.59, 476.19
598.19, 215.88, 601.13
600.16, 348.25, 354.96
598.65, 344.53, 479.90
597.14, 340.82, 604.84
599.12, 473.19, 358.67
597.61, 469.48, 483.61
596.10, 465.76, 608.54
726.19, 224.31, 352.80
724.68, 220.59, 477.73
723.17, 216.87, 602.67
725.15, 349.25, 356.50
723.64, 345.53, 481.44
722.13, 341.81, 606.38
724.11, 474.19, 360.21
722.60, 470.47, 485.15
721.09, 466.75, 610.08
851.18, 225.30, 354.34
849.67, 221.59, 479.28
848.16, 217.87, 604.21
850.14, 350.25, 358.05
848.63, 346.53, 482.98
847.12, 342.81, 607.92
849.10, 475.19, 361.75
847.59, 471.47, 486.69
846.08, 467.75, 611.62
601.95, 225.28, 476.33
599.31, 224.88, 601.31
596.68, 224.48, 726.28
601.75, 350.28, 476.73
599.11, 349.88, 601.70
596.47, 349.48, 726.67
601.54, 475.28, 477.13
598.90, 474.88, 602.10
596.26, 474.48, 727.07
726.92, 225.48, 478.97
724.29, 225.08, 603.94
721.65, 224.68, 728.92
726.72, 350.48, 479.37
724.08, 350.08, 604.34
721.44, 349.68, 729.31
726.51, 475.48, 479.77
723.87, 475.08, 604.74
721.23, 474.68, 729.71
851.90, 225.68, 481.61
849.26, 225.28, 606.58
846.62, 224.88, 731.55
851.69, 350.68, 482.01
849.05, 350.28, 606.98
846.41, 349.88, 731.95
851.48, 475.68, 482.41
848.84, 475.28, 607.38
846.21, 474.88, 732.35
600.28, 226.95, 599.97
598.60, 227.68, 724.95
596.92, 228.42, 849.94
599.22, 351.94, 599.22
597.54, 352.68, 724.21
595.86, 353.41, 849.19
598.16, 476.94, 598.47
596.48, 477.67, 723.46
594.80, 478.41, 848.44
725.27, 228.02, 601.64
723.58, 228.75, 726.63
721.90, 229.49, 851.62
724.20, 353.01, 600.89
722.52, 353.75, 725.88
720.84, 354.48, 850.87
723.14, 478.01, 600.15
721.46, 478.74, 725.13
719.78, 479.48, 850.12
850.25, 229.09, 603.32
848.57, 229.82, 728.31
846.88, 230.56, 853.29
849.19, 354.08, 602.57
847.51, 354.82, 727.56
845.82, 355.55, 852.54
848.13, 479.08, 601.82
846.45, 479.81, 726.81
844.76, 480.55, 851.79
598.61, 349.79, 101.81
598.58, 352.49, 226.78
598.54, 355.19, 351.76
600.01, 474.75, 99.12
599.98, 477.45, 224.09
599.94, 480.15, 349.06
601.41, 599.72, 96.42
601.38, 602.41, 221.39
601.34, 605.11, 346.36
723.61, 348.39, 101.88
723.57, 351.09, 226.85
723.53, 353.79, 351.82
725.00, 473.36, 99.18
724.97, 476.05, 224.15
724.93, 478.75, 349.12
726.40, 598.32, 96.49
726.37, 601.02, 221.46
726.33, 603.71, 346.43
848.60, 346.99, 101.95
848.56, 349.69, 226.92
848.53, 352.39, 351.89
850.00, 471.96, 99.25
849.96, 474.65, 224.22
849.93, 477.35, 349.19
851.40, 596.92, 96.55
851.36, 599.62, 221.52
851.33, 602.31, 346.49
601.30, 349.27, 223.73
602.89, 346.35, 348.68
604.48, 343.43, 473.64
601.44, 474.24, 226.65
603.03, 471.31, 351.60
604.62, 468.39, 476.56
601.58, 599.20, 229.56
603.17, 596.28, 354.52
604.76, 593.36, 479.48
726.29, 349.16, 222.14
727.88, 346.24, 347.09
729.47, 343.32, 472.05
726.43, 474.13, 225.06
728.02, 471.21, 350.01
729.61, 468.29, 474.97
726.57, 599.10, 227.97
728.16, 596.18, 352.93
729.75, 593.26, 477.89
851.28, 349.06, 220.55
852.87, 346.14, 345.50
854.46, 343.22, 470.46
851.42, 474.03, 223.47
853.01, 471.11, 348.42
854.60, 468.19, 473.38
851.56, 598.99, 226.38
853.15, 596.07, 351.34
854.74, 593.15, 476.30
600.99, 349.96, 350.89
601.45, 346.78, 475.85
601.91, 343.61, 600.81
602.84, 474.91, 354.06
603.30, 471.73, 479.02
603.76, 468.55, 603.98
604.69, 599.85, 357.23
605.15, 596.68, 482.19
605.60, 593.50, 607.15
725.98, 348.13, 350.39
726.44, 344.95, 475.35
726.90, 341.77, 600.31
727.83, 473.07, 353.56
728.28, 469.90, 478.52
728.74, 466.72, 603.48
729.67, 598.02, 356.73
730.13, 594.84, 481.69
730.59, 591.67, 606.65
850.97, 346.29, 349.89
851.42, 343.11, 474.84
851.88, 339.94, 599.80
852.81, 471.24, 353.05
853.27, 468.06, 478.01
853.73, 464.88, 602.97
854.66, 596.18, 356.22
855.12, 593.01, 481.18
855.57, 589.83, 606.14
598.67, 350.80, 476.66
602.29, 350.00, 601.60
605.92, 349.20, 726.55
601.07, 475.78, 477.39
604.70, 474.98, 602.33
608.32, 474.18, 727.28
603.48, 600.75, 478.12
607.10, 599.95, 603.06
610.72, 599.15, 728.01
723.60, 348.42, 473.02
727.22, 347.62, 597.96
730.84, 346.82, 722.91
726.00, 473.40, 473.75
729.62, 472.60, 598.69
733.24, 471.80, 723.64
728.40, 598.37, 474.48
732.02, 597.57, 599.43
735.65, 596.77, 724.37
848.52, 346.04, 469.38
852.14, 345.24, 594.33
855.77, 344.44, 719.27
850.92, 471.02, 470.11
854.55, 470.22, 595.06
858.17, 469.41, 720.00
853.33, 595.99, 470.84
856.95, 595.19, 595.79
860.57, 594.39, 720.73
598.56, 349.09, 601.73
597.80, 348.99, 726.73
597.04, 348.90, 851.72
596.77, 474.07, 601.81
596.01, 473.98, 726.81
595.26, 473.89, 851.80
594.99, 599.06, 601.89
594.23, 598.97, 726.89
593.47, 598.88, 851.89
723.54, 350.87, 602.49
722.78, 350.78, 727.49
722.02, 350.68, 852.48
721.76, 475.85, 602.57
721.00, 475.76, 727.57
720.24, 475.67, 852.56
719.97, 600.84, 602.65
719.22, 600.75, 727.65
718.46, 600.66, 852.65
848.53, 352.65, 603.25
847.77, 352.56, 728.25
847.01, 352.47, 853.24
846.74, 477.64, 603.33
845.98, 477.55, 728.33
845.22, 477.45, 853.32
844.96, 602.62, 603.41
844.20, 602.53, 728.41
843.44, 602.44, 853.41
600.88, 473.73, 101.46
597.33, 477.41, 226.35
593.78, 481.09, 351.25
604.14, 598.63, 97.87
600.58, 602.32, 222.76
597.03, 606.00, 347.66
607.39, 723.54, 94.28
603.83, 727.22, 219.18
600.28, 730.90, 344.07
725.79, 470.58, 105.10
722.24, 474.26, 230.00
718.68, 477.94, 354.89
729.04, 595.49, 101.52
725.49, 599.17, 226.41
721.94, 602.85, 351.31
732.29, 720.39, 97.93
728.74, 724.08, 222.82
725.19, 727.76, 347.72
850.70, 467.44, 108.75
847.14, 471.12, 233.65
843.59, 474.80, 358.54
853.95, 592.34, 105.16
850.40, 596.02, 230.06
846.84, 599.70, 354.95
857.20, 717.25, 101.57
853.65, 720.93, 226.47
850.09, 724.61, 351.36
601.17, 474.25, 226.04
601.36, 474.45, 351.04
601.55, 474.65, 476.04
597.54, 599.20, 225.85
597.73, 599.40, 350.84
597.92, 599.60, 475.84
593.90, 724.14, 225.65
594.09, 724.35, 350.65
594.28, 724.55, 475.65
726.12, 477.89, 225.84
726.31, 478.09, 350.84
726.50, 478.29, 475.84
722.48, 602.83, 225.65
722.67, 603.03, 350.65
722.86, 603.24, 475.65
718.85, 727.78, 225.45
719.04, 727.98, 350.45
719.23, 728.18, 475.45
851.07, 481.52, 225.65
851.26, 481.72, 350.65
851.45, 481.92, 475.65
847.43, 606.47, 225.45
847.62, 606.67, 350.45
847.81, 606.87, 475.45
843.79, 731.42, 225.26
843.98, 731.62, 350.26
844.18, 731.82, 475.26
601.40, 476.00, 350.58
600.01, 476.70, 475.57
598.62, 477.40, 600.56
604.39, 600.96, 349.91
603.00, 601.66, 474.90
601.60, 602.36, 599.89
607.37, 725.93, 349.25
605.98, 726.62, 474.24
604.59, 727.32, 599.23
726.36, 473.03, 351.98
724.97, 473.72, 476.97
723.58, 474.42, 601.96
729.34, 597.99, 351.32
727.95, 598.69, 476.31
726.56, 599.39, 601.30
732.33, 722.95, 350.65
730.94, 723.65, 475.65
729.54, 724.35, 600.64
851.32, 470.05, 353.39
849.93, 470.75, 478.38
848.54, 471.45, 603.37
854.30, 595.01, 352.73
852.91, 595.71, 477.72
851.52, 596.41, 602.71
857.28, 719.98, 352.06
855.89, 720.67, 477.05
854.50, 721.37, 602.04
600.03, 473.07, 474.51
600.70, 473.05, 599.51
601.36, 473.03, 724.50
600.59, 598.07, 474.52
601.25, 598.05, 599.52
601.92, 598.03, 724.52
601.14, 723.07, 474.54
601.81, 723.05, 599.54
602.48, 723.03, 724.54
725.03, 472.51, 473.84
725.70, 472.49, 598.84
726.36, 472.47, 723.84
725.59, 597.51, 473.86
726.25, 597.49, 598.86
726.92, 597.47, 723.86
726.14, 722.51, 473.88
726.81, 722.49, 598.87
727.47, 722.47, 723.87
850.03, 471.96, 473.18
850.69, 471.94, 598.18
851.36, 471.92, 723.17
850.58, 596.96, 473.19
851.25, 596.94, 598.19
851.91, 596.92, 723.19
851.14, 721.96, 473.21
851.80, 721.94, 598.21
852.47, 721.92, 723.21
600.67, 475.57, 600.80
598.11, 473.47, 725.76
595.54, 471.38, 850.71
599.29, 600.54, 602.87
596.73, 598.45, 727.82
594.17, 596.35, 852.78
597.91, 725.52, 604.93
595.35, 723.42, 729.89
592.79, 721.33, 854.85
725.63, 476.90, 603.38
723.07, 474.81, 728.34
720.51, 472.71, 853.29
724.25, 601.88, 605.45
721.69, 599.78, 730.40
719.13, 597.69, 855.36
722.87, 726.85, 607.52
720.31, 724.76, 732.47
717.75, 722.66, 857.43
850.60, 478.24, 605.96
848.04, 476.14, 730.92
845.48, 474.05, 855.88
849.22, 603.22, 608.03
846.66, 601.12, 732.99
844.10, 599.03, 857.94
847.84, 728.19, 610.10
845.28, 726.10, 735.05
842.72, 724.00, 860.01
601.97, 598.97, 101.08
600.60, 599.33, 226.07
599.23, 599.69, 351.07
598.27, 723.92, 100.68
596.91, 724.27, 225.68
595.54, 724.63, 350.67
594.58, 848.86, 100.28
593.21, 849.22, 225.28
591.85, 849.58, 350.27
726.90, 602.67, 102.44
725.54, 603.03, 227.43
724.17, 603.39, 352.42
723.21, 727.61, 102.04
721.84, 727.97, 227.03
720.48, 728.33, 352.02
719.52, 852.56, 101.64
718.15, 852.92, 226.63
716.78, 853.28, 351.63
851.84, 606.37, 103.80
850.48, 606.72, 228.79
849.11, 607.08, 353.78
848.15, 731.31, 103.40
846.78, 731.67, 228.39
845.41, 732.03, 353.38
844.46, 856.26, 103.00
843.09, 856.61, 227.99
841.72, 856.97, 352.98
601.09, 600.73, 223.10
601.93, 597.64, 348.06
602.76, 594.55, 473.02
599.12, 725.68, 226.21
599.95, 722.59, 351.17
600.78, 719.49, 476.12
597.14, 850.63, 229.31
597.98, 847.53, 354.27
598.81, 844.44, 479.23
726.08, 602.73, 222.32
726.91, 599.64, 347.28
727.74, 596.54, 472.23
724.10, 727.68, 225.42
724.93, 724.58, 350.38
725.77, 721.49, 475.34
722.13, 852.62, 228.53
722.96, 849.53, 353.49
723.79, 846.43, 478.45
851.06, 604.72, 221.53
851.89, 601.63, 346.49
852.72, 598.54, 471.45
849.08, 729.67, 224.64
849.91, 726.58, 349.60
850.75, 723.48, 474.56
847.11, 854.62, 227.75
847.94, 851.52, 352.71
848.77, 848.43, 477.66
598.22, 601.35, 349.98
596.93, 604.88, 474.92
595.64, 608.40, 599.87
601.97, 726.24, 346.49
600.68, 729.77, 471.43
599.39, 733.30, 596.38
605.72, 851.14, 343.00
604.43, 854.67, 467.95
603.15, 858.19, 592.89
723.16, 597.63, 351.37
721.87, 601.16, 476.32
720.58, 604.69, 601.26
726.91, 722.53, 347.88
725.62, 726.06, 472.83
724.33, 729.58, 597.77
730.66, 847.42, 344.40
729.37, 850.95, 469.34
728.08, 854.48, 594.28
848.09, 593.92, 352.76
846.81, 597.45, 477.71
845.52, 600.98, 602.65
851.85, 718.82, 349.28
850.56, 722.34, 474.22
849.27, 725.87, 599.16
855.60, 843.71, 345.79
854.31, 847.24, 470.73
853.02, 850.77, 595.68
599.28, 598.07, 476.79
596.78, 596.81, 601.76
594.29, 595.55, 726.73
598.24, 723.06, 478.03
595.75, 721.80, 603.00
593.25, 720.54, 727.97
597.21, 848.05, 479.27
594.72, 846.79, 604.24
592.22, 845.53, 729.20
724.25, 599.08, 479.30
721.75, 597.82, 604.27
719.26, 596.56, 729.24
723.22, 724.07, 480.54
720.72, 722.81, 605.50
718.23, 721.55, 730.47
722.18, 849.06, 481.77
719.69, 847.80, 606.74
717.19, 846.54, 731.71
849.22, 600.09, 481.80
846.73, 598.83, 606.77
844.23, 597.57, 731.74
848.19, 725.08, 483.04
845.69, 723.82, 608.01
843.20, 722.56, 732.98
847.15, 850.07, 484.28
844.66, 848.81, 609.25
842.16, 847.55, 734.22
601.06, 599.80, 598.49
599.15, 598.89, 723.47
597.23, 597.99, 848.45
604.58, 724.75, 599.45
602.67, 723.84, 724.43
600.76, 722.94, 849.41
608.10, 849.69, 600.40
606.19, 848.79, 725.39
604.28, 847.88, 850.37
726.00, 596.26, 600.37
724.08, 595.36, 725.36
722.17, 594.45, 850.34
729.52, 721.21, 601.33
727.60, 720.30, 726.32
725.69, 719.40, 851.30
733.04, 846.16, 602.29
731.13, 845.25, 727.27
729.21, 844.35, 852.26
850.93, 592.73, 602.26
849.02, 591.82, 727.24
847.10, 590.92, 852.23
854.45, 717.67, 603.22
852.54, 716.77, 728.20
850.63, 715.86, 853.18
857.98, 842.62, 604.18
856.06, 841.71, 729.16
854.15, 840.81, 854.14
