27, 125, pa2-unknown-i-output1.txt
196.94, 191.85, 196.03
401.01, 405.90, 201.77
101.72, 101.64, 98.28
99.30, 99.20, 223.31
96.88, 96.76, 348.16
102.16, 226.49, 100.63
99.69, 224.22, 225.47
97.41, 221.68, 350.55
102.74, 351.64, 103.14
100.53, 349.25, 228.16
97.74, 346.79, 352.93
226.63, 101.12, 100.74
224.33, 98.57, 225.64
221.82, 96.11, 350.64
227.29, 226.05, 103.01
224.93, 223.68, 228.25
222.21, 221.34, 353.17
227.76, 350.92, 105.63
225.28, 348.61, 230.44
222.75, 346.00, 355.32
351.59, 100.53, 103.13
349.08, 98.14, 228.05
346.90, 95.85, 353.09
352.27, 225.36, 105.55
349.94, 222.93, 230.40
347.35, 220.42, 355.38
352.79, 350.29, 108.07
350.44, 348.01, 232.87
347.69, 345.47, 357.99
98.10, 99.36, 225.36
101.81, 98.61, 350.40
105.32, 98.07, 475.30
97.67, 224.38, 226.24
101.27, 223.74, 351.14
104.92, 223.10, 476.13
97.35, 349.33, 226.70
101.17, 348.69, 351.83
104.69, 347.93, 476.70
223.16, 99.60, 222.01
226.52, 99.17, 346.84
230.11, 98.36, 471.75
222.74, 224.70, 222.65
226.22, 224.04, 347.59
229.82, 223.54, 472.47
222.25, 349.70, 223.15
226.16, 348.96, 348.13
229.53, 348.14, 473.32
348.15, 99.97, 218.16
351.68, 99.20, 343.06
355.35, 98.72, 468.13
347.77, 224.90, 218.99
351.38, 224.46, 343.93
355.02, 223.82, 468.78
347.20, 350.21, 219.52
351.14, 349.33, 344.75
354.78, 348.43, 469.41
98.29, 102.03, 349.93
101.25, 101.83, 474.73
104.11, 101.99, 599.90
95.77, 226.97, 349.90
98.59, 226.78, 475.04
101.28, 227.03, 599.87
92.78, 351.82, 350.18
95.79, 351.71, 475.24
98.47, 351.86, 600.09
223.49, 104.90, 346.94
226.36, 104.58, 471.95
229.18, 104.48, 596.99
220.61, 229.66, 347.07
223.46, 229.56, 471.91
226.32, 229.54, 597.15
217.77, 354.78, 347.18
220.61, 354.67, 472.28
223.47, 354.75, 597.04
348.23, 107.74, 344.36
351.06, 107.35, 469.28
354.06, 107.53, 594.12
345.55, 232.43, 344.30
348.35, 232.43, 469.31
351.30, 232.41, 594.16
342.55, 357.45, 344.57
345.55, 357.59, 469.27
348.52, 357.30, 594.18
98.42, 101.30, 473.61
96.30, 99.62, 598.43
94.08, 97.83, 723.40
96.42, 226.19, 475.29
94.43, 224.52, 599.97
92.15, 222.80, 725.19
94.29, 351.44, 477.01
92.15, 349.38, 601.98
90.24, 347.67, 726.73
223.42, 103.24, 475.51
221.28, 101.53, 600.71
218.93, 99.71, 725.51
221.46, 228.12, 477.18
219.39, 226.48, 602.23
217.07, 224.80, 727.46
219.44, 353.22, 478.86
217.18, 351.44, 604.17
215.27, 349.55, 728.90
348.40, 105.13, 477.74
346.16, 103.56, 602.65
344.14, 101.77, 727.73
346.44, 230.15, 479.45
344.40, 228.32, 604.33
342.21, 226.63, 729.30
344.23, 354.99, 481.33
342.10, 353.40, 606.28
340.02, 351.53, 731.24
99.84, 98.32, 601.11
102.32, 98.90, 726.12
104.72, 99.38, 851.13
103.09, 223.42, 600.69
105.47, 223.80, 725.64
107.92, 224.33, 850.63
106.39, 348.46, 600.29
108.63, 348.90, 725.11
111.20, 349.15, 850.22
224.80, 95.30, 598.62
227.20, 95.79, 723.84
229.68, 96.01, 848.83
228.01, 220.30, 598.36
230.52, 220.73, 723.06
232.69, 220.96, 848.14
231.11, 344.96, 597.63
233.62, 345.70, 722.82
236.18, 345.87, 847.60
349.82, 91.94, 596.19
352.21, 92.41, 721.32
354.59, 92.96, 846.22
353.16, 216.94, 596.01
355.54, 217.42, 720.80
357.84, 217.94, 845.77
356.17, 341.79, 595.24
358.78, 342.45, 720.42
360.89, 342.96, 845.20
101.92, 224.19, 99.20
99.92, 223.53, 224.17
97.49, 223.24, 349.24
104.58, 349.07, 99.61
102.57, 348.46, 224.57
100.35, 348.11, 349.68
107.18, 474.10, 100.14
105.05, 473.54, 225.09
102.94, 472.93, 350.30
226.67, 221.42, 101.42
224.72, 221.10, 226.28
222.56, 220.53, 351.12
229.58, 346.45, 101.78
227.40, 346.00, 226.92
225.13, 345.40, 351.80
232.08, 471.30, 102.17
230.13, 470.92, 227.25
227.90, 470.20, 352.15
351.82, 218.91, 103.43
349.55, 218.42, 228.32
347.67, 217.92, 353.24
354.25, 343.84, 103.78
352.33, 343.26, 229.09
350.04, 342.87, 353.78
357.02, 468.58, 104.31
355.00, 468.16, 229.45
352.76, 467.75, 354.56
100.95, 226.70, 224.17
100.50, 224.26, 349.13
99.96, 221.67, 473.85
99.52, 351.82, 226.57
99.04, 349.24, 351.51
98.56, 346.79, 476.39
98.29, 476.82, 229.25
97.73, 474.12, 354.22
97.27, 471.59, 478.90
225.62, 228.22, 224.44
225.35, 225.74, 349.66
224.99, 223.10, 474.73
224.67, 353.03, 227.30
223.97, 350.66, 352.31
223.50, 347.96, 477.20
223.29, 478.15, 229.69
222.81, 475.33, 354.47
222.22, 473.15, 479.66
350.76, 229.47, 224.91
350.25, 226.83, 349.96
349.81, 224.26, 475.01
349.53, 354.42, 227.70
349.26, 351.90, 352.40
348.69, 349.28, 477.49
348.31, 479.27, 230.10
347.64, 476.68, 355.12
347.37, 474.20, 480.03
100.47, 224.61, 351.17
99.65, 224.81, 476.23
98.71, 225.07, 601.29
103.05, 349.62, 351.09
102.16, 349.72, 476.17
101.09, 349.78, 600.97
105.14, 474.76, 351.05
104.34, 474.80, 475.88
103.40, 474.85, 600.84
225.64, 222.22, 352.12
224.67, 222.58, 476.95
223.64, 222.81, 602.16
227.78, 347.40, 352.02
227.16, 347.50, 477.06
225.96, 347.61, 602.00
230.33, 472.50, 351.68
229.43, 472.33, 476.94
228.44, 472.70, 601.95
350.62, 219.95, 352.96
349.74, 220.08, 477.86
348.62, 220.42, 602.94
352.74, 344.90, 352.88
352.03, 345.27, 477.82
350.99, 345.08, 602.75
355.16, 470.01, 352.88
354.22, 470.09, 477.65
353.56, 470.12, 602.86
100.64, 225.75, 475.13
100.93, 227.75, 600.39
101.44, 230.23, 725.17
103.52, 350.37, 472.97
103.94, 352.86, 597.82
104.43, 355.04, 722.99
106.55, 475.45, 470.89
106.95, 477.87, 595.72
107.32, 479.83, 720.76
225.48, 222.46, 475.07
225.79, 224.69, 600.02
226.33, 226.87, 724.69
228.67, 347.65, 472.57
228.98, 349.84, 597.56
229.31, 351.88, 722.66
231.49, 472.58, 470.45
231.86, 474.75, 595.32
232.52, 477.08, 720.37
350.55, 219.48, 474.73
350.76, 221.98, 599.69
351.17, 224.12, 724.66
353.48, 344.37, 472.47
353.95, 346.73, 597.25
354.08, 349.15, 722.17
356.71, 469.40, 470.18
356.88, 471.65, 595.10
357.31, 473.72, 720.15
99.34, 224.18, 598.20
98.91, 223.86, 723.19
98.54, 223.78, 848.29
97.14, 349.22, 598.46
96.48, 349.09, 723.58
96.08, 348.70, 848.52
94.74, 474.33, 598.72
94.30, 473.93, 723.87
93.90, 473.67, 848.82
224.50, 226.74, 598.69
224.05, 226.49, 723.89
223.58, 226.25, 848.68
222.02, 351.47, 599.05
221.62, 351.30, 724.04
221.21, 351.06, 848.99
219.75, 476.36, 599.17
219.46, 476.37, 724.31
218.77, 476.04, 849.35
349.28, 228.87, 599.41
348.91, 228.63, 724.14
348.47, 228.26, 849.39
346.90, 353.82, 599.49
346.72, 353.47, 724.51
346.00, 353.54, 849.41
344.77, 478.82, 599.82
344.14, 478.44, 724.73
343.81, 478.40, 849.84
101.68, 350.10, 101.11
103.81, 350.79, 226.19
105.92, 351.42, 351.16
104.82, 475.09, 100.37
107.01, 475.73, 225.28
109.17, 476.51, 350.14
108.15, 600.10, 99.70
110.19, 600.73, 224.66
112.38, 601.45, 349.67
226.60, 347.09, 98.74
228.92, 347.60, 223.89
231.13, 348.26, 348.92
229.84, 471.89, 98.05
231.88, 472.49, 223.23
234.36, 473.09, 348.28
232.85, 596.95, 97.57
235.08, 597.42, 222.31
237.34, 598.36, 347.42
351.76, 343.73, 96.90
353.72, 344.42, 221.59
356.17, 345.26, 346.57
354.85, 468.91, 95.85
357.01, 469.52, 221.21
359.08, 470.11, 345.85
357.80, 593.66, 95.33
360.13, 594.43, 220.20
362.47, 594.85, 345.15
101.14, 348.92, 225.57
104.87, 345.95, 350.26
108.55, 342.90, 475.26
101.83, 473.98, 228.57
105.42, 470.65, 353.27
108.86, 467.79, 478.48
102.08, 598.95, 231.69
105.83, 595.61, 356.59
109.19, 592.85, 481.32
226.15, 348.60, 221.72
229.70, 345.38, 346.78
233.64, 342.60, 471.53
226.79, 473.65, 225.03
230.18, 470.63, 350.01
233.94, 467.32, 474.81
227.13, 598.47, 227.99
230.69, 595.38, 352.75
234.39, 592.24, 477.97
351.07, 348.19, 218.13
354.69, 345.16, 343.32
358.28, 342.24, 468.03
351.47, 473.23, 221.14
355.16, 470.26, 346.33
358.73, 467.04, 471.27
352.08, 598.34, 224.43
355.59, 595.13, 349.45
359.22, 592.08, 474.22
100.87, 349.33, 350.36
97.38, 353.37, 475.01
94.27, 356.98, 600.27
100.33, 474.55, 346.55
96.93, 478.06, 471.31
93.83, 481.78, 596.32
99.86, 599.47, 342.78
96.61, 602.89, 467.91
93.34, 606.82, 592.88
225.75, 350.06, 353.74
222.51, 353.61, 478.28
219.25, 357.39, 603.25
225.38, 474.82, 349.82
221.84, 478.57, 474.82
218.61, 482.32, 599.63
224.97, 599.78, 346.17
221.70, 603.44, 471.13
218.27, 607.16, 595.95
350.50, 350.38, 356.98
347.14, 354.21, 481.78
344.21, 357.80, 606.55
350.42, 475.34, 353.21
346.85, 479.01, 477.86
343.86, 482.90, 603.06
349.77, 600.17, 349.51
346.48, 603.95, 474.42
343.38, 607.87, 599.04
101.92, 350.99, 474.65
99.51, 352.29, 599.41
96.92, 353.85, 724.58
99.44, 475.90, 472.91
97.10, 477.30, 597.89
94.51, 479.03, 722.79
97.06, 600.83, 471.33
94.69, 602.27, 596.30
92.15, 603.78, 721.39
226.82, 353.29, 477.01
224.29, 355.04, 602.12
222.09, 356.36, 726.80
224.30, 478.35, 475.26
221.99, 479.74, 600.23
219.36, 481.25, 725.35
221.73, 603.26, 473.60
219.47, 604.64, 598.80
217.11, 606.33, 723.79
351.74, 355.91, 479.19
349.37, 357.49, 604.40
346.96, 358.73, 729.51
349.55, 480.68, 477.89
346.90, 482.12, 602.58
344.43, 483.78, 727.83
346.92, 605.86, 476.08
344.33, 607.18, 601.19
342.15, 608.94, 726.10
100.94, 350.75, 600.26
103.19, 350.40, 725.22
105.28, 350.10, 850.24
101.66, 475.71, 600.84
103.83, 475.34, 725.57
105.94, 474.97, 850.69
102.49, 600.77, 601.06
104.61, 600.24, 726.14
106.74, 599.85, 851.09
225.72, 349.77, 598.39
227.87, 349.43, 723.18
230.20, 349.20, 848.12
226.70, 475.15, 598.52
228.68, 474.50, 723.51
230.84, 474.20, 848.48
227.35, 599.97, 599.11
229.66, 599.60, 723.77
231.68, 599.01, 848.84
350.69, 349.13, 596.15
353.13, 348.96, 720.95
355.19, 348.35, 846.12
351.72, 474.20, 596.38
353.92, 473.97, 721.25
356.13, 473.42, 846.29
352.44, 599.19, 596.98
354.40, 598.96, 721.86
356.62, 598.39, 846.78
98.84, 476.63, 99.63
95.47, 473.20, 224.30
92.05, 470.09, 349.49
97.65, 601.75, 102.76
94.26, 598.13, 227.81
90.92, 594.79, 352.76
96.46, 726.60, 106.25
92.88, 723.25, 231.03
89.61, 720.02, 355.93
223.96, 477.85, 103.03
220.58, 474.30, 227.87
216.95, 471.17, 352.94
222.60, 602.84, 106.35
219.16, 599.26, 231.28
215.77, 596.01, 356.20
221.20, 727.67, 109.58
218.10, 724.51, 234.45
214.78, 721.09, 359.54
348.85, 478.79, 106.42
345.50, 475.55, 231.20
342.00, 472.11, 356.12
347.50, 603.86, 109.55
344.21, 600.52, 234.70
340.62, 596.97, 359.50
346.38, 728.66, 112.90
342.97, 725.35, 237.80
339.65, 721.99, 362.67
101.84, 475.01, 227.00
100.59, 477.48, 351.82
99.35, 479.82, 476.84
100.77, 599.96, 224.39
99.49, 602.56, 349.30
98.04, 604.64, 474.40
99.74, 724.91, 222.18
98.37, 727.35, 346.92
96.98, 729.94, 471.99
227.00, 476.44, 227.97
225.42, 478.51, 353.27
224.06, 481.11, 478.10
225.84, 601.30, 225.77
224.25, 603.55, 350.76
223.12, 605.98, 475.82
224.73, 726.27, 223.40
223.26, 728.49, 348.60
222.06, 730.83, 473.43
351.93, 477.26, 229.40
350.64, 479.71, 354.39
349.11, 482.16, 479.50
350.67, 602.21, 227.21
349.25, 604.80, 352.34
347.89, 606.97, 477.11
349.72, 727.36, 224.92
348.17, 729.58, 349.95
346.67, 732.13, 474.68
98.87, 474.80, 348.34
97.13, 476.74, 473.50
95.28, 478.68, 598.44
97.10, 599.61, 346.51
95.18, 601.80, 471.35
93.52, 603.56, 596.33
95.39, 724.71, 344.64
93.72, 726.66, 469.62
91.75, 728.48, 594.47
223.64, 476.56, 350.19
221.87, 478.62, 475.09
220.33, 480.31, 600.16
222.22, 601.48, 348.32
220.35, 603.41, 473.04
218.41, 605.31, 598.19
220.36, 726.55, 346.28
218.70, 728.48, 471.36
216.77, 730.08, 596.19
348.86, 478.28, 351.82
347.10, 480.10, 476.78
345.24, 482.23, 602.04
346.96, 603.35, 350.01
345.20, 605.19, 474.98
343.52, 607.20, 599.77
345.37, 728.24, 348.14
343.49, 730.07, 472.98
341.59, 731.88, 598.07
100.63, 475.92, 474.16
97.11, 472.36, 598.95
93.89, 468.89, 723.98
103.66, 600.89, 477.80
100.22, 597.45, 602.72
96.95, 593.91, 727.49
106.53, 725.89, 481.32
103.29, 722.23, 606.38
99.96, 718.90, 731.33
225.50, 472.95, 477.44
222.25, 469.23, 602.08
218.65, 465.78, 727.22
228.53, 597.80, 480.74
225.20, 594.39, 605.81
221.81, 590.54, 730.63
231.40, 722.73, 484.67
228.13, 719.18, 609.62
225.06, 715.42, 734.55
350.35, 469.62, 480.62
347.14, 466.03, 605.50
343.76, 462.73, 730.11
353.22, 594.45, 484.04
349.93, 590.88, 608.87
346.96, 587.44, 733.84
356.42, 719.50, 487.84
353.28, 715.78, 612.55
349.92, 712.36, 737.60
100.51, 476.88, 601.05
98.07, 476.19, 725.79
95.40, 475.73, 850.73
99.51, 601.89, 601.38
96.98, 601.11, 726.39
94.31, 600.79, 851.41
98.36, 726.74, 602.03
95.91, 726.17, 726.94
93.24, 725.69, 851.96
225.43, 477.80, 603.36
223.04, 477.36, 728.37
220.54, 476.83, 853.20
224.46, 602.79, 604.00
222.00, 602.37, 728.70
219.31, 601.85, 853.72
223.32, 727.65, 604.48
220.85, 727.27, 729.51
218.45, 726.70, 854.42
350.56, 478.90, 605.99
347.82, 478.31, 731.03
345.29, 477.76, 855.83
349.32, 603.74, 606.33
346.75, 603.31, 731.61
344.35, 602.79, 856.48
348.32, 728.88, 606.87
345.68, 728.43, 732.13
343.14, 727.66, 856.94
101.00, 601.47, 99.40
102.44, 598.67, 224.17
103.84, 595.62, 349.07
103.89, 726.50, 102.22
105.26, 723.57, 227.06
106.53, 720.57, 352.18
106.72, 851.48, 105.21
108.06, 848.53, 230.20
109.36, 845.63, 355.08
226.24, 598.93, 97.95
227.48, 595.91, 223.03
228.80, 592.93, 347.90
229.06, 723.79, 100.65
230.08, 720.74, 225.94
231.53, 717.62, 350.87
231.71, 848.70, 103.89
232.97, 845.79, 228.83
234.33, 842.82, 353.71
351.07, 596.03, 96.65
352.43, 593.21, 221.29
353.70, 589.96, 346.45
353.86, 720.87, 99.55
355.06, 717.87, 224.50
356.41, 714.93, 349.27
356.59, 846.05, 102.45
357.96, 842.77, 227.31
359.38, 840.15, 352.36
99.09, 599.21, 226.69
101.79, 599.00, 351.62
105.07, 599.15, 476.54
97.25, 724.15, 226.74
100.18, 723.95, 351.57
103.01, 724.05, 476.59
95.17, 849.02, 226.60
98.21, 849.10, 351.63
101.09, 849.06, 476.41
223.91, 600.84, 223.53
226.84, 601.10, 348.69
229.85, 601.16, 473.42
222.16, 725.88, 223.82
224.81, 726.09, 348.63
227.81, 725.77, 473.48
220.00, 850.91, 223.50
223.20, 850.90, 348.54
226.10, 851.09, 473.70
348.76, 602.89, 220.59
351.81, 602.95, 345.46
354.98, 602.95, 470.36
347.08, 728.02, 220.50
350.06, 728.04, 345.55
353.04, 727.88, 470.57
345.15, 852.95, 220.72
348.16, 852.74, 345.53
351.16, 852.97, 470.64
99.98, 599.61, 348.37
96.91, 601.93, 473.34
93.69, 604.08, 598.09
99.36, 724.42, 346.12
96.43, 726.57, 470.86
93.44, 729.20, 595.92
98.95, 849.27, 343.59
95.94, 851.69, 468.69
92.98, 854.15, 593.38
224.78, 600.00, 351.16
221.92, 602.08, 476.24
218.70, 604.45, 601.04
224.30, 724.82, 348.89
221.58, 727.36, 473.89
218.49, 729.68, 598.90
223.95, 850.02, 346.50
220.95, 852.35, 471.62
217.93, 854.61, 596.24
349.90, 600.52, 354.19
346.80, 602.89, 479.24
343.89, 604.99, 604.12
349.32, 725.57, 352.09
346.18, 727.86, 476.77
343.33, 730.18, 601.78
348.77, 850.55, 349.49
345.79, 852.78, 474.56
342.76, 854.92, 599.48
99.84, 600.36, 476.39
99.52, 603.41, 601.48
98.61, 606.86, 726.27
100.76, 725.27, 473.32
100.24, 728.60, 598.22
99.74, 731.60, 723.16
101.89, 850.37, 470.11
101.28, 853.32, 595.17
100.58, 856.50, 719.94
225.06, 599.35, 477.13
224.48, 602.76, 602.10
223.56, 605.86, 727.01
225.73, 724.53, 473.89
225.16, 727.69, 598.85
224.63, 730.60, 723.72
226.83, 849.46, 470.73
226.32, 852.60, 595.92
225.66, 855.57, 720.90
349.93, 598.59, 477.62
349.29, 601.61, 602.67
348.75, 604.73, 727.80
351.00, 723.43, 474.74
350.08, 726.53, 599.70
349.74, 729.63, 724.65
351.64, 848.54, 471.39
351.21, 851.76, 596.53
350.62, 854.71, 721.51
99.94, 600.29, 599.02
96.72, 600.25, 724.07
93.49, 600.06, 848.95
102.14, 725.30, 599.06
98.61, 725.09, 724.11
95.46, 725.08, 849.09
103.84, 850.39, 599.59
100.61, 850.27, 724.56
97.32, 850.08, 849.40
225.03, 598.53, 602.36
221.74, 598.22, 727.19
218.32, 598.20, 852.38
227.08, 723.56, 602.45
223.47, 723.17, 727.55
220.28, 722.99, 852.60
228.90, 848.50, 602.73
225.60, 848.43, 727.66
222.17, 848.23, 852.75
349.84, 596.62, 605.56
346.59, 596.51, 730.63
343.34, 596.34, 855.53
351.72, 721.41, 605.96
348.45, 721.40, 730.69
345.30, 721.19, 855.83
353.79, 846.35, 606.22
350.59, 846.12, 731.00
347.26, 846.21, 856.03
226.32, 99.69, 99.41
226.76, 100.13, 224.21
227.15, 99.94, 349.36
222.75, 224.69, 99.24
223.13, 224.85, 224.12
223.44, 224.95, 349.34
219.15, 349.53, 99.06
219.72, 349.94, 224.01
220.19, 349.92, 349.30
351.21, 103.24, 99.05
351.68, 103.35, 223.86
352.02, 103.41, 348.93
347.68, 228.32, 98.88
348.19, 228.24, 224.06
348.57, 228.65, 348.81
344.13, 353.08, 98.70
344.44, 353.21, 223.85
345.17, 353.58, 348.84
476.07, 106.76, 98.58
476.65, 106.91, 223.60
477.12, 107.14, 348.52
472.54, 231.59, 98.35
473.07, 231.78, 223.65
473.36, 232.12, 348.32
469.03, 356.68, 98.44
469.63, 356.85, 223.40
470.07, 357.12, 348.42
224.49, 101.59, 225.99
223.19, 99.13, 350.97
221.84, 96.82, 475.89
220.88, 226.45, 228.37
219.32, 223.92, 353.39
218.01, 221.57, 478.38
217.32, 351.58, 230.73
215.82, 349.04, 355.70
214.32, 346.68, 480.87
349.62, 105.40, 227.64
348.06, 102.95, 352.41
346.70, 100.41, 477.64
345.90, 230.42, 229.78
344.30, 227.90, 354.78
342.92, 225.42, 479.93
342.24, 355.22, 232.21
340.78, 352.82, 357.39
339.36, 350.41, 482.24
474.66, 109.04, 228.84
473.12, 106.78, 354.10
471.74, 104.30, 479.04
470.89, 234.19, 231.36
469.42, 231.62, 356.48
467.67, 229.09, 481.39
466.87, 358.86, 233.77
465.69, 356.32, 358.68
464.14, 354.08, 483.76
226.49, 100.66, 348.46
228.29, 97.69, 473.35
229.85, 94.60, 598.48
228.20, 225.40, 351.30
229.81, 222.77, 476.31
231.32, 219.72, 601.21
229.47, 350.69, 354.35
231.18, 347.42, 479.27
233.04, 344.80, 604.05
351.56, 99.15, 346.78
353.22, 96.09, 471.53
354.84, 93.27, 596.70
353.09, 224.00, 349.71
354.52, 221.09, 474.43
356.38, 218.19, 599.37
354.54, 348.88, 352.54
356.36, 346.01, 477.48
357.87, 343.27, 602.62
476.26, 97.56, 345.14
478.34, 94.73, 469.80
479.94, 91.75, 594.90
477.95, 222.68, 347.92
479.55, 219.67, 472.68
481.47, 216.57, 597.69
479.52, 347.63, 350.90
481.27, 344.73, 475.91
483.13, 341.79, 600.73
223.08, 101.26, 475.52
224.15, 101.99, 600.45
225.05, 102.66, 725.35
220.10, 226.26, 474.79
220.89, 226.84, 599.87
221.72, 227.52, 724.89
216.95, 351.13, 474.32
217.58, 351.68, 598.96
218.68, 352.60, 724.17
348.02, 104.61, 474.53
348.93, 105.12, 599.43
349.99, 105.87, 724.62
345.04, 229.47, 473.77
345.83, 230.34, 598.84
346.61, 230.92, 723.76
341.53, 354.49, 473.14
342.50, 355.04, 598.12
343.38, 355.89, 723.11
473.23, 107.68, 473.56
473.90, 108.38, 598.76
475.03, 109.01, 723.49
469.96, 232.64, 472.84
470.89, 233.31, 597.89
471.90, 234.01, 723.13
466.72, 357.43, 472.32
467.57, 358.47, 597.36
468.61, 358.83, 722.20
226.75, 101.23, 600.71
229.32, 99.16, 725.79
231.37, 97.57, 850.65
226.30, 225.99, 602.62
228.40, 224.31, 727.83
230.51, 222.25, 852.60
225.35, 351.04, 604.47
227.49, 349.22, 729.38
229.62, 347.51, 854.26
351.93, 101.88, 598.63
354.07, 100.05, 723.56
356.36, 98.25, 848.64
351.11, 226.98, 600.56
353.16, 224.91, 725.45
355.61, 223.21, 850.29
350.25, 352.00, 602.18
352.45, 350.11, 727.16
354.76, 348.26, 852.23
476.87, 102.62, 596.65
479.00, 101.11, 721.69
481.31, 99.00, 846.23
476.04, 227.82, 598.37
478.34, 225.78, 723.12
480.58, 224.18, 848.11
475.29, 352.66, 600.04
477.52, 350.80, 725.14
479.80, 349.04, 849.84
223.47, 223.26, 100.65
223.51, 221.68, 225.57
223.58, 219.99, 350.50
221.43, 348.16, 102.38
221.36, 346.48, 227.17
221.37, 345.24, 352.28
219.10, 473.18, 103.71
219.15, 471.66, 228.68
219.35, 470.06, 353.87
348.31, 225.17, 100.55
348.61, 223.66, 225.81
348.35, 222.18, 350.62
346.22, 350.27, 102.22
346.39, 348.74, 227.22
346.39, 347.24, 352.15
344.21, 475.24, 103.92
344.24, 473.85, 228.76
344.24, 472.10, 353.75
473.40, 227.30, 100.50
473.59, 225.88, 225.59
473.35, 224.22, 350.63
471.22, 352.27, 102.23
471.45, 351.04, 227.23
471.55, 349.48, 352.16
469.20, 477.38, 103.95
469.39, 475.70, 228.81
469.34, 474.42, 353.94
226.28, 224.33, 225.89
227.41, 221.74, 350.75
228.31, 218.82, 475.90
228.45, 349.23, 228.68
229.46, 346.50, 353.62
230.45, 343.68, 478.48
230.16, 474.36, 231.67
231.56, 471.61, 356.65
232.38, 468.47, 481.37
351.20, 222.45, 224.63
352.15, 219.66, 349.80
353.32, 216.50, 474.78
353.42, 347.24, 227.78
354.50, 344.62, 352.73
355.54, 341.38, 477.39
355.29, 472.36, 230.42
356.25, 469.53, 355.39
357.41, 466.40, 480.54
476.02, 220.42, 223.47
477.19, 217.38, 348.52
478.32, 214.53, 473.52
478.22, 345.41, 226.62
479.10, 342.57, 351.29
480.20, 339.69, 476.59
480.34, 470.47, 229.29
481.23, 467.40, 354.31
482.32, 464.59, 479.44
226.93, 226.41, 349.78
229.53, 225.03, 474.48
232.28, 223.70, 599.58
225.92, 351.50, 350.94
228.37, 350.02, 475.99
231.09, 348.83, 600.81
224.90, 476.26, 352.44
227.43, 475.24, 477.43
230.05, 473.72, 602.31
351.77, 227.36, 347.21
354.42, 226.02, 472.28
356.86, 224.77, 597.18
350.76, 352.36, 348.56
353.43, 351.03, 473.53
355.94, 349.94, 598.38
349.96, 477.19, 349.90
352.59, 475.96, 474.79
355.11, 474.64, 599.57
476.92, 228.30, 344.41
479.46, 227.23, 469.57
481.95, 225.98, 594.40
476.03, 353.49, 345.88
478.30, 351.89, 470.71
480.92, 350.87, 595.62
475.02, 478.36, 347.15
477.59, 476.95, 472.03
480.05, 475.65, 596.98
225.20, 224.87, 473.45
224.92, 223.49, 598.28
224.73, 222.47, 723.22
227.27, 349.71, 474.70
226.91, 348.58, 599.62
226.52, 347.49, 724.53
229.33, 474.77, 475.73
228.66, 473.47, 600.58
228.49, 472.53, 725.74
350.37, 222.81, 473.66
350.05, 221.70, 598.74
349.59, 220.54, 723.66
352.11, 347.97, 474.96
351.89, 346.79, 599.88
351.65, 345.42, 725.00
354.29, 472.80, 475.78
353.77, 471.50, 600.91
353.53, 470.51, 726.15
475.51, 220.99, 473.91
474.98, 219.85, 599.03
474.65, 218.68, 723.95
477.29, 346.02, 475.35
477.09, 344.90, 600.17
476.62, 343.60, 725.35
479.08, 471.03, 476.37
478.64, 469.93, 601.56
478.46, 468.64, 726.22
223.41, 225.69, 601.83
225.68, 226.33, 726.76
228.35, 227.30, 852.02
221.95, 350.74, 601.36
224.15, 351.49, 726.35
226.43, 352.14, 851.35
220.48, 475.58, 600.84
222.74, 476.29, 725.58
224.91, 477.22, 850.44
348.58, 227.35, 599.52
350.87, 228.04, 724.74
353.05, 228.74, 849.62
346.87, 352.20, 598.98
349.27, 353.18, 723.72
351.45, 353.87, 848.92
345.20, 477.25, 598.23
347.43, 477.92, 723.08
350.02, 478.84, 848.34
473.41, 228.81, 597.05
475.65, 229.65, 722.03
478.13, 230.38, 847.28
471.97, 353.77, 596.67
474.34, 354.80, 721.46
476.45, 355.15, 846.55
470.23, 478.96, 595.82
472.54, 479.73, 720.95
475.01, 480.33, 845.85
225.95, 351.92, 101.86
222.81, 354.15, 226.78
220.15, 356.77, 351.57
224.42, 476.73, 99.40
221.45, 479.25, 224.35
218.41, 481.61, 349.19
222.86, 601.67, 96.60
219.80, 604.18, 221.74
216.77, 606.47, 346.77
351.10, 353.54, 104.57
347.77, 355.68, 229.63
344.80, 358.07, 354.47
349.41, 478.36, 102.04
346.15, 480.62, 227.09
343.21, 483.39, 352.18
347.88, 603.50, 99.67
344.66, 605.69, 224.71
341.90, 608.30, 349.64
475.93, 355.13, 107.65
473.02, 357.32, 232.84
469.77, 360.04, 357.35
474.25, 480.13, 105.41
471.22, 482.38, 230.15
468.23, 484.68, 355.05
472.67, 604.95, 102.69
469.68, 607.33, 227.64
466.89, 609.80, 352.45
226.40, 350.26, 223.51
228.87, 351.56, 348.12
231.45, 352.99, 473.06
225.16, 475.05, 222.02
227.51, 476.66, 346.81
230.07, 477.93, 472.01
223.71, 600.28, 220.36
226.06, 601.56, 345.32
228.76, 602.98, 470.30
351.37, 351.76, 220.69
354.06, 352.84, 345.55
356.70, 354.62, 470.89
350.08, 476.48, 219.53
352.70, 478.02, 344.28
355.01, 479.44, 469.42
348.72, 601.43, 218.02
351.03, 602.99, 343.01
353.64, 604.36, 467.93
476.49, 352.94, 218.10
478.77, 354.29, 343.24
481.59, 356.04, 468.25
475.04, 478.06, 216.93
477.65, 479.24, 341.62
480.13, 480.71, 466.69
473.69, 603.01, 215.35
476.23, 604.41, 340.23
478.55, 605.94, 465.27
225.65, 349.35, 351.49
227.13, 353.00, 476.42
228.85, 357.02, 601.44
222.73, 474.13, 347.84
224.43, 478.17, 472.74
225.97, 481.76, 597.74
219.78, 599.41, 344.24
221.17, 603.10, 469.32
222.81, 606.60, 593.98
350.31, 352.51, 349.82
352.34, 355.93, 474.84
353.78, 359.82, 599.61
347.58, 477.42, 346.25
349.10, 480.89, 471.28
350.69, 484.82, 596.04
344.44, 602.27, 342.47
346.23, 605.85, 467.58
347.66, 609.43, 592.52
475.47, 355.31, 348.33
476.94, 358.82, 473.14
478.72, 362.52, 598.22
472.43, 480.25, 344.35
474.14, 483.73, 469.53
475.93, 487.69, 594.46
469.48, 605.16, 341.04
471.35, 608.90, 465.93
472.68, 612.44, 590.86
226.47, 349.32, 476.14
229.30, 348.48, 601.28
231.53, 347.20, 726.07
225.10, 474.38, 477.20
227.19, 473.21, 602.29
229.78, 472.24, 727.21
222.94, 599.32, 478.55
225.58, 598.36, 603.32
228.00, 597.21, 728.26
351.42, 351.01, 473.88
354.20, 350.13, 598.62
356.37, 348.82, 723.52
349.98, 476.10, 474.72
352.11, 475.17, 599.88
354.74, 473.83, 724.73
347.92, 601.24, 475.82
350.73, 600.14, 601.05
353.10, 599.12, 725.78
476.63, 353.09, 471.10
479.00, 351.98, 596.15
481.46, 350.65, 721.22
474.90, 478.00, 472.27
477.20, 476.86, 597.35
479.70, 475.72, 722.26
472.94, 603.19, 473.69
475.57, 602.09, 598.58
477.79, 600.88, 723.43
223.53, 351.88, 598.89
225.76, 349.90, 723.53
228.28, 348.07, 848.77
226.59, 476.70, 600.62
228.93, 474.78, 725.54
231.34, 472.74, 850.64
229.73, 601.82, 602.56
231.96, 599.77, 727.33
234.55, 597.70, 852.35
348.13, 348.73, 596.25
350.84, 346.79, 721.17
353.27, 344.77, 846.13
351.22, 473.87, 598.04
353.70, 471.64, 723.02
356.18, 469.80, 848.02
354.56, 598.61, 599.94
357.09, 596.77, 724.80
359.24, 594.69, 850.04
473.06, 345.66, 593.95
475.43, 343.73, 718.62
478.01, 341.76, 843.55
476.32, 470.41, 595.77
478.76, 468.83, 720.79
481.13, 466.56, 845.71
479.49, 595.50, 597.45
481.91, 593.72, 722.51
484.45, 591.82, 847.61
225.76, 475.63, 100.47
223.29, 474.79, 225.27
220.84, 473.93, 350.24
226.37, 600.54, 101.13
224.01, 599.91, 225.97
221.61, 599.02, 351.10
227.22, 725.55, 101.96
224.69, 724.64, 226.95
222.30, 724.07, 351.79
350.90, 474.82, 102.80
348.27, 474.23, 227.86
345.93, 473.29, 352.75
351.38, 600.05, 103.79
349.16, 599.13, 228.48
346.75, 598.28, 353.36
351.98, 725.03, 104.55
349.67, 724.09, 229.28
347.35, 723.31, 354.52
475.74, 474.20, 105.27
473.51, 473.50, 230.09
470.77, 472.88, 355.28
476.54, 599.22, 106.04
473.94, 598.47, 231.03
471.39, 597.79, 356.09
477.13, 724.41, 106.84
474.44, 723.45, 231.89
472.20, 722.74, 356.54
226.02, 476.87, 224.37
223.49, 477.19, 349.56
220.96, 477.04, 474.44
225.11, 601.88, 224.59
222.55, 601.91, 349.50
219.80, 602.16, 474.32
224.03, 727.06, 224.14
221.58, 727.16, 349.22
219.14, 727.16, 474.13
351.32, 478.00, 227.05
348.40, 477.97, 352.02
345.74, 478.21, 477.21
349.98, 602.94, 226.87
347.68, 603.07, 351.92
344.98, 603.01, 476.99
349.39, 727.90, 226.99
346.56, 727.90, 351.84
343.94, 728.10, 477.00
475.97, 478.76, 229.69
473.28, 478.88, 354.80
471.05, 479.13, 479.68
474.92, 604.07, 229.65
472.72, 603.78, 354.48
469.89, 604.11, 479.37
474.17, 728.96, 229.39
471.69, 729.08, 354.47
469.07, 729.18, 479.37
226.56, 475.00, 351.72
229.48, 473.65, 476.96
232.40, 472.36, 601.74
224.56, 599.97, 353.09
227.51, 598.49, 478.41
230.46, 597.40, 603.03
223.03, 724.86, 354.47
225.88, 723.55, 479.54
228.58, 722.20, 604.49
351.39, 476.89, 349.24
354.22, 475.48, 474.08
357.35, 474.16, 598.90
349.82, 601.81, 350.51
352.58, 600.37, 475.40
355.28, 599.16, 600.23
347.89, 726.79, 351.85
350.76, 725.20, 476.63
353.74, 724.20, 601.90
476.23, 478.36, 346.29
479.40, 477.33, 471.23
482.24, 475.76, 596.11
474.59, 603.49, 347.36
477.49, 602.38, 472.36
480.55, 600.80, 597.61
472.66, 728.65, 348.91
475.69, 727.32, 474.06
478.63, 725.97, 598.86
225.81, 476.27, 476.61
223.79, 472.73, 601.71
221.90, 469.32, 726.51
222.61, 601.49, 480.35
220.79, 597.62, 605.51
218.75, 594.07, 730.42
219.56, 726.19, 484.09
217.45, 722.75, 609.07
215.42, 719.00, 734.07
350.78, 479.77, 479.04
348.68, 476.02, 604.01
346.94, 472.38, 728.82
347.82, 604.60, 482.51
345.86, 600.81, 607.43
343.46, 597.29, 732.62
344.39, 729.48, 486.07
342.25, 725.66, 611.01
340.25, 722.09, 735.87
475.65, 482.94, 481.00
473.85, 479.23, 605.87
471.59, 475.47, 731.01
472.54, 607.66, 484.60
470.74, 604.06, 609.77
468.50, 600.27, 734.60
469.34, 732.39, 488.48
467.23, 728.79, 613.21
465.47, 725.21, 738.11
226.12, 474.07, 600.68
226.92, 476.69, 725.62
228.01, 479.69, 850.66
223.27, 598.82, 597.85
223.98, 601.62, 722.82
224.89, 604.84, 847.78
220.17, 723.78, 594.93
220.97, 726.86, 719.58
221.91, 729.69, 844.68
351.37, 476.76, 599.57
352.04, 479.90, 724.77
352.77, 482.60, 849.56
348.31, 601.96, 596.87
349.19, 604.60, 721.95
349.93, 607.70, 846.83
345.32, 726.94, 594.00
345.97, 729.72, 718.92
346.94, 732.45, 843.76
476.34, 479.89, 598.61
476.89, 482.65, 723.72
477.60, 485.61, 848.63
473.07, 604.75, 595.94
474.04, 607.66, 720.89
474.78, 610.66, 845.76
470.22, 729.84, 593.01
470.88, 732.74, 718.02
471.84, 735.64, 842.98
226.87, 599.58, 101.46
229.01, 603.26, 226.50
231.28, 606.96, 351.02
227.96, 724.72, 97.95
230.45, 728.11, 222.71
232.75, 731.57, 347.63
229.32, 849.64, 94.17
231.77, 853.26, 219.16
233.87, 856.76, 343.99
351.79, 598.38, 99.04
354.17, 601.98, 223.95
356.41, 605.47, 348.97
353.02, 723.40, 95.39
355.29, 727.03, 220.49
357.49, 730.40, 345.53
354.33, 848.34, 91.99
356.38, 851.72, 216.84
358.84, 855.19, 342.00
476.79, 597.21, 96.79
478.94, 600.57, 221.68
481.14, 604.18, 346.66
478.00, 721.92, 93.30
480.40, 725.67, 218.22
482.56, 728.98, 343.23
479.20, 846.98, 89.65
481.41, 850.31, 214.59
483.77, 854.11, 339.58
223.29, 600.37, 224.98
222.13, 597.91, 350.26
221.00, 595.54, 474.89
224.24, 725.38, 227.38
223.13, 722.98, 352.58
221.89, 720.60, 477.20
225.17, 850.14, 229.98
224.21, 847.89, 354.77
222.99, 845.39, 479.77
347.96, 599.19, 226.28
347.08, 596.87, 351.01
345.89, 594.51, 476.11
349.09, 724.19, 228.67
348.09, 721.86, 353.57
347.17, 719.62, 478.35
350.33, 849.37, 230.85
349.02, 846.87, 355.92
348.06, 844.26, 480.97
473.09, 598.05, 227.24
471.98, 595.66, 352.22
470.97, 593.36, 477.17
474.09, 723.07, 229.72
472.97, 721.02, 354.43
472.13, 718.55, 479.54
475.13, 848.18, 232.07
474.06, 845.65, 356.91
473.16, 843.49, 481.87
223.20, 599.82, 350.77
223.55, 603.16, 475.75
224.10, 606.49, 600.69
221.40, 724.91, 347.24
221.98, 728.06, 472.52
222.49, 731.41, 597.32
219.81, 849.65, 344.52
220.36, 853.05, 469.22
220.88, 856.16, 594.13
347.94, 601.51, 350.16
348.62, 604.76, 475.07
348.85, 607.62, 600.11
346.57, 726.55, 346.77
346.98, 729.51, 471.74
347.37, 732.72, 596.68
344.94, 851.23, 343.74
345.49, 854.59, 468.62
345.84, 857.68, 593.58
473.04, 603.15, 349.34
473.35, 606.11, 474.68
473.84, 609.32, 599.63
471.33, 727.90, 346.39
471.96, 731.07, 471.40
472.48, 734.22, 596.14
470.03, 852.95, 343.29
470.42, 856.07, 468.17
470.93, 859.26, 593.13
224.94, 600.58, 473.65
228.21, 602.38, 598.68
231.51, 604.15, 723.68
223.70, 725.57, 471.88
227.36, 727.29, 596.61
230.89, 729.43, 721.67
223.04, 850.31, 469.87
226.41, 852.39, 594.90
229.74, 854.34, 719.73
349.78, 601.38, 470.28
353.28, 603.33, 595.20
356.62, 605.24, 720.19
348.92, 726.27, 468.28
352.31, 728.43, 593.13
355.85, 730.11, 718.15
347.71, 851.33, 466.37
351.36, 853.32, 591.41
354.91, 855.25, 716.17
474.79, 602.44, 466.54
478.11, 604.21, 591.54
481.68, 606.17, 716.54
473.63, 727.22, 464.79
477.22, 729.02, 589.88
480.81, 731.07, 714.86
472.83, 852.14, 462.86
476.20, 854.04, 587.74
479.73, 856.11, 712.74
225.77, 598.90, 599.57
226.50, 598.55, 724.91
226.91, 597.81, 849.84
229.42, 723.85, 600.46
229.85, 723.21, 725.27
230.06, 722.86, 850.34
232.69, 848.85, 600.93
233.24, 848.16, 725.99
233.81, 847.56, 850.91
350.84, 595.55, 599.45
351.41, 594.83, 724.32
351.56, 594.36, 849.09
354.45, 720.52, 599.95
354.63, 720.03, 724.71
355.31, 719.24, 850.00
357.87, 845.55, 600.31
358.07, 845.03, 725.67
358.53, 844.26, 850.48
475.88, 592.28, 598.86
476.26, 591.52, 723.73
476.81, 590.93, 848.92
479.06, 717.04, 599.55
479.62, 716.38, 724.38
480.02, 715.87, 849.49
482.67, 841.94, 600.13
483.15, 841.47, 724.95
483.78, 840.81, 850.04
350.83, 100.31, 98.38
351.66, 97.46, 223.53
352.86, 94.26, 348.33
352.41, 225.18, 101.50
353.26, 222.36, 226.16
354.28, 219.18, 351.39
353.68, 350.37, 104.29
354.98, 347.18, 229.19
355.80, 344.17, 354.33
475.82, 98.88, 97.39
476.71, 95.88, 222.31
477.81, 92.90, 347.17
477.35, 223.89, 100.47
478.46, 220.82, 225.36
479.51, 218.03, 350.30
478.93, 348.68, 103.35
479.81, 345.78, 228.11
480.75, 342.85, 353.16
600.69, 97.18, 96.22
601.74, 94.32, 221.20
602.82, 91.27, 346.08
602.34, 222.16, 99.32
603.40, 219.27, 224.18
604.16, 216.06, 349.31
603.89, 347.05, 102.27
604.84, 344.30, 227.22
605.69, 341.14, 351.98
349.63, 100.66, 226.52
348.21, 98.52, 351.51
347.08, 96.76, 476.50
351.34, 225.63, 228.74
350.44, 223.76, 353.56
349.25, 221.72, 478.62
353.37, 350.66, 230.53
352.03, 348.44, 355.61
351.09, 346.59, 480.57
474.52, 98.83, 227.58
473.29, 96.85, 352.56
472.25, 94.64, 477.84
476.27, 223.56, 229.88
475.38, 221.86, 354.52
473.89, 219.51, 479.72
478.34, 348.79, 231.74
477.12, 346.53, 356.81
476.11, 344.54, 481.74
599.44, 96.86, 228.91
598.37, 94.71, 353.94
597.09, 92.84, 478.79
601.59, 221.82, 230.82
600.10, 219.63, 355.76
598.99, 217.85, 480.88
603.42, 346.87, 232.74
602.20, 344.83, 357.76
601.04, 342.61, 482.99
348.23, 98.18, 351.50
345.82, 101.51, 476.38
343.54, 105.34, 601.40
347.71, 222.87, 348.04
345.42, 226.44, 472.75
343.07, 230.12, 597.76
347.54, 347.95, 344.42
345.29, 351.61, 469.16
342.94, 355.30, 594.04
473.08, 98.52, 353.75
470.91, 102.13, 478.64
468.72, 105.75, 603.68
472.67, 223.38, 350.24
470.65, 227.00, 475.33
468.20, 230.86, 600.08
472.35, 348.56, 346.63
470.04, 352.08, 471.45
467.84, 355.41, 596.58
598.16, 98.98, 356.16
595.87, 102.38, 481.22
593.52, 105.97, 605.87
597.85, 223.77, 352.59
595.55, 227.56, 477.39
593.05, 230.92, 602.56
597.46, 348.60, 348.80
595.09, 352.34, 473.87
592.88, 356.12, 598.65
349.35, 101.97, 473.46
351.89, 98.83, 598.45
354.48, 96.02, 723.23
345.87, 226.83, 476.38
348.44, 223.83, 601.15
351.35, 220.93, 726.21
342.42, 351.64, 479.11
345.27, 348.93, 604.25
347.90, 346.05, 729.35
474.05, 105.28, 470.89
476.75, 102.47, 595.77
479.66, 99.68, 720.71
470.90, 230.14, 474.01
473.42, 227.25, 598.82
476.17, 224.43, 723.80
467.58, 355.15, 476.70
469.88, 352.20, 601.60
472.60, 349.54, 726.64
599.32, 108.87, 468.24
601.93, 106.11, 593.12
604.49, 103.26, 718.24
595.62, 233.60, 471.39
598.34, 230.69, 596.34
600.99, 228.12, 721.29
592.37, 358.65, 474.23
594.80, 355.89, 599.07
597.76, 352.98, 723.91
351.07, 101.26, 600.87
349.58, 101.46, 725.79
348.45, 101.65, 850.70
354.03, 226.06, 600.54
352.82, 226.42, 725.35
351.79, 226.65, 850.41
357.40, 351.16, 600.30
356.36, 351.31, 725.21
354.90, 351.45, 850.27
475.76, 97.81, 601.97
474.63, 98.22, 727.00
473.48, 98.43, 852.02
479.18, 222.73, 601.88
477.71, 222.94, 726.91
476.54, 223.46, 851.65
482.45, 347.65, 601.34
481.08, 348.00, 726.43
480.09, 348.32, 851.50
600.78, 94.68, 603.20
599.47, 94.82, 728.31
598.34, 95.08, 853.08
604.00, 219.71, 603.01
602.69, 219.94, 727.96
601.54, 219.99, 852.82
607.41, 344.53, 602.54
606.25, 344.86, 727.61
604.91, 345.02, 852.70
348.40, 224.91, 100.46
352.22, 223.91, 225.67
355.83, 222.95, 350.27
344.86, 349.85, 101.59
348.69, 348.71, 226.57
352.42, 347.66, 351.43
341.27, 474.82, 102.76
345.10, 473.57, 227.62
348.66, 472.87, 352.60
473.37, 228.58, 96.91
477.21, 227.42, 221.70
480.74, 226.36, 346.89
469.83, 353.41, 97.99
473.68, 352.32, 222.74
477.36, 351.44, 347.67
466.12, 478.13, 99.06
469.78, 477.25, 223.85
473.66, 476.43, 349.07
598.44, 232.03, 93.08
602.17, 231.11, 218.13
605.67, 230.20, 343.15
594.65, 357.03, 94.17
598.39, 356.07, 219.30
602.25, 355.19, 344.01
590.99, 481.93, 95.42
595.04, 480.84, 220.47
598.50, 479.90, 345.23
349.12, 225.81, 226.63
349.03, 224.81, 351.56
348.53, 223.66, 476.59
348.81, 350.81, 227.67
348.33, 349.88, 352.66
347.90, 348.71, 477.71
348.02, 475.75, 228.79
347.78, 474.74, 353.62
347.22, 473.57, 478.57
474.29, 226.50, 227.04
473.69, 225.19, 352.16
473.33, 224.14, 477.16
473.60, 351.20, 227.99
473.18, 350.51, 352.93
472.71, 349.29, 478.00
472.93, 476.39, 229.28
472.50, 475.15, 354.30
472.03, 474.13, 479.21
599.17, 226.94, 227.53
599.05, 226.00, 352.31
598.59, 224.96, 477.63
598.65, 352.00, 228.33
598.15, 350.86, 353.34
597.97, 349.91, 478.64
597.86, 476.88, 229.36
597.51, 475.97, 354.43
597.11, 474.71, 479.55
349.55, 226.52, 349.39
352.10, 228.03, 474.47
354.85, 229.42, 599.20
349.95, 351.41, 347.94
352.42, 352.91, 472.85
355.26, 354.45, 597.82
349.93, 476.43, 346.41
352.68, 477.99, 471.04
355.40, 479.61, 596.11
474.63, 225.98, 346.56
477.39, 227.72, 471.69
479.91, 229.24, 596.52
474.91, 351.13, 345.13
477.31, 352.51, 469.90
480.19, 354.20, 595.01
474.94, 476.15, 343.57
477.53, 477.61, 468.39
480.43, 479.30, 593.53
599.37, 226.04, 343.84
602.05, 227.66, 469.11
604.90, 229.09, 594.05
599.56, 350.99, 342.41
602.47, 352.29, 467.43
605.18, 354.07, 592.44
599.83, 475.81, 341.01
602.60, 477.64, 465.80
605.31, 479.10, 590.76
348.54, 223.80, 476.42
350.27, 221.25, 601.35
351.73, 219.01, 726.45
348.05, 348.75, 479.01
350.00, 346.29, 603.76
351.46, 343.98, 728.86
347.74, 473.66, 481.10
349.49, 471.38, 606.29
351.15, 468.88, 731.11
473.42, 224.02, 474.81
475.32, 221.54, 599.70
476.99, 219.44, 724.69
473.18, 348.88, 477.30
474.75, 346.67, 602.10
476.77, 344.28, 727.12
472.89, 473.84, 479.54
474.42, 471.79, 604.62
476.17, 469.38, 729.51
598.56, 224.18, 472.97
600.32, 221.91, 597.83
601.92, 219.59, 723.19
597.98, 349.48, 475.27
599.95, 346.82, 600.40
601.59, 344.47, 725.34
597.79, 474.14, 477.69
599.63, 471.94, 602.69
601.20, 469.46, 727.62
350.05, 225.36, 601.60
353.70, 225.96, 726.57
357.03, 226.59, 851.26
348.73, 350.27, 601.14
351.98, 350.83, 725.94
355.78, 351.30, 850.94
347.22, 475.45, 600.47
350.73, 476.04, 725.41
354.27, 476.53, 850.45
474.93, 226.76, 597.98
478.31, 227.14, 722.70
482.10, 227.82, 847.91
473.31, 351.91, 597.48
476.95, 352.22, 722.31
480.76, 352.95, 847.46
472.01, 476.85, 597.08
475.56, 477.47, 721.90
479.27, 477.78, 846.94
599.82, 228.17, 594.15
603.50, 228.64, 719.03
606.94, 229.22, 844.17
598.24, 353.05, 593.87
602.00, 353.77, 718.80
605.71, 354.21, 843.59
597.18, 478.18, 593.32
600.53, 478.83, 718.24
604.22, 479.13, 843.38
349.20, 350.40, 98.59
350.46, 353.91, 223.52
351.52, 357.23, 348.24
351.73, 475.50, 95.40
353.08, 478.90, 220.23
354.21, 482.11, 344.95
354.55, 600.35, 91.91
355.75, 603.77, 216.79
356.79, 606.72, 341.61
474.07, 347.73, 97.50
475.27, 350.91, 222.41
476.29, 354.31, 347.52
476.97, 472.53, 94.02
477.95, 475.87, 219.19
479.02, 479.19, 343.92
479.67, 597.60, 90.72
480.70, 600.89, 215.69
481.85, 604.30, 340.71
598.89, 344.87, 96.49
600.17, 348.23, 221.19
601.24, 351.41, 346.35
601.85, 470.00, 93.18
603.08, 473.20, 217.94
604.13, 476.41, 342.92
604.47, 594.74, 89.60
605.79, 598.09, 214.57
606.93, 601.33, 339.61
350.30, 352.06, 226.63
351.28, 348.31, 351.47
352.31, 344.71, 476.38
347.36, 477.00, 230.42
348.36, 473.02, 355.08
349.30, 469.45, 480.00
344.44, 601.84, 234.06
345.05, 598.19, 358.84
345.89, 594.37, 483.93
475.51, 355.17, 225.68
476.19, 351.22, 350.78
477.21, 347.65, 475.65
472.38, 479.79, 229.68
472.97, 476.28, 354.57
473.99, 472.74, 479.38
469.22, 604.96, 233.26
469.94, 601.07, 358.05
470.97, 597.33, 483.15
600.32, 358.05, 224.90
601.33, 354.62, 350.09
602.01, 350.62, 474.92
597.21, 483.03, 228.71
597.93, 479.21, 353.60
599.03, 475.51, 478.79
594.02, 607.77, 232.55
595.14, 604.17, 357.29
596.02, 600.56, 482.19
349.05, 348.35, 350.96
347.34, 348.02, 476.19
345.83, 347.51, 601.19
351.64, 473.39, 351.47
349.79, 473.25, 476.60
348.18, 472.48, 601.55
354.16, 598.54, 351.83
352.48, 598.11, 476.92
350.63, 597.60, 601.80
474.24, 346.04, 352.67
472.57, 345.47, 477.60
470.51, 345.12, 602.68
476.71, 470.79, 353.12
474.89, 470.57, 478.23
473.06, 470.06, 603.06
479.03, 596.02, 353.68
477.36, 595.34, 478.64
475.67, 595.07, 603.62
599.26, 343.56, 354.58
597.22, 343.24, 479.36
595.74, 342.71, 604.22
601.68, 468.30, 354.75
599.73, 468.22, 479.89
597.97, 467.66, 605.09
603.99, 593.41, 355.28
602.14, 593.21, 480.53
600.45, 592.76, 605.28
351.22, 348.46, 476.85
350.36, 347.96, 601.95
349.50, 347.90, 726.75
347.50, 473.43, 477.15
346.51, 472.92, 601.96
346.11, 472.51, 727.03
343.66, 598.23, 477.33
343.16, 598.03, 602.40
342.47, 597.58, 727.28
475.95, 352.05, 477.56
475.40, 351.50, 602.81
474.40, 351.32, 727.70
472.39, 476.74, 477.83
471.71, 476.63, 602.72
470.85, 476.36, 727.76
468.85, 601.83, 478.08
467.91, 601.54, 603.31
467.17, 601.39, 728.07
600.93, 355.71, 478.25
600.41, 355.22, 603.45
599.39, 354.85, 728.46
597.52, 480.40, 478.65
596.63, 480.29, 603.82
595.72, 479.95, 728.49
593.73, 605.35, 478.82
593.06, 605.16, 603.87
592.21, 604.80, 729.08
351.15, 351.26, 600.31
351.52, 352.00, 725.39
352.13, 352.59, 850.35
353.87, 476.38, 599.77
354.03, 477.11, 724.58
354.59, 477.77, 849.51
356.31, 601.32, 599.14
356.62, 601.87, 724.09
357.23, 602.47, 849.08
475.86, 348.93, 600.11
476.59, 349.46, 724.95
477.02, 350.06, 849.92
478.77, 473.66, 599.38
479.34, 474.34, 724.43
479.43, 475.18, 849.29
481.18, 598.64, 598.53
481.74, 599.44, 723.57
482.18, 599.95, 848.64
601.19, 346.12, 599.50
601.71, 346.89, 724.34
601.97, 347.58, 849.45
603.76, 471.27, 598.96
603.91, 471.80, 723.92
604.63, 472.41, 849.00
606.14, 596.04, 598.26
606.86, 596.68, 723.09
607.01, 597.41, 848.27
351.22, 474.13, 100.34
351.71, 470.88, 225.39
352.45, 467.70, 350.05
354.10, 598.91, 103.45
354.80, 596.05, 228.57
355.38, 592.73, 353.27
357.32, 724.17, 106.53
358.02, 720.73, 231.61
358.42, 717.80, 356.35
476.21, 471.25, 99.46
476.58, 468.03, 224.52
477.40, 464.82, 349.35
479.31, 595.89, 102.86
479.91, 592.90, 227.87
480.29, 589.82, 352.85
482.17, 720.78, 105.98
482.83, 717.67, 231.01
483.59, 714.45, 355.70
601.21, 467.85, 98.91
601.64, 464.83, 224.10
602.25, 461.68, 348.73
604.04, 592.84, 102.14
604.80, 589.87, 226.97
605.28, 586.47, 351.88
607.29, 717.81, 105.34
607.66, 714.69, 230.08
608.25, 711.50, 355.22
351.70, 473.99, 223.54
354.93, 473.36, 348.50
358.43, 472.92, 473.40
351.06, 598.82, 224.06
354.11, 598.36, 349.16
357.51, 597.83, 474.15
350.02, 723.96, 224.50
353.26, 723.25, 349.61
356.73, 722.96, 474.53
476.67, 474.93, 220.29
480.05, 474.28, 345.37
483.45, 474.04, 470.36
475.93, 599.73, 220.80
479.24, 599.14, 345.86
482.53, 598.86, 470.71
474.75, 724.72, 221.28
478.41, 724.33, 346.41
481.44, 723.85, 471.18
601.55, 475.57, 217.01
605.10, 475.35, 341.92
608.33, 474.64, 466.96
600.71, 600.90, 217.51
604.19, 600.14, 342.41
607.57, 599.94, 467.50
599.86, 725.87, 218.22
603.27, 725.28, 343.07
606.63, 724.64, 467.82
350.51, 475.90, 350.62
351.28, 474.19, 475.71
351.89, 472.42, 600.82
349.99, 600.81, 352.49
350.29, 599.27, 477.19
351.07, 597.69, 602.25
348.94, 725.69, 353.85
349.49, 724.39, 478.96
350.42, 722.36, 604.17
475.39, 476.80, 350.05
476.02, 474.94, 475.18
476.94, 473.18, 600.29
474.92, 601.64, 351.69
475.51, 599.85, 476.80
476.16, 598.41, 601.81
474.02, 726.51, 353.58
474.68, 725.15, 478.32
475.16, 723.27, 603.37
600.43, 477.53, 349.42
601.34, 475.75, 474.61
601.63, 474.35, 599.59
599.79, 602.56, 351.30
600.51, 600.97, 476.17
600.85, 599.17, 601.28
599.16, 727.33, 353.04
599.66, 725.62, 477.98
600.39, 724.25, 602.95
351.28, 473.21, 474.45
349.93, 475.47, 599.39
349.00, 478.17, 724.34
350.86, 598.01, 471.89
349.75, 600.59, 596.54
348.66, 603.27, 721.49
350.49, 722.77, 469.25
349.37, 725.69, 594.09
348.06, 728.29, 718.96
476.28, 473.43, 475.39
474.91, 475.89, 600.35
474.06, 478.58, 725.51
475.93, 598.56, 473.00
474.93, 600.95, 597.74
473.64, 603.72, 722.96
475.65, 723.57, 470.26
474.16, 725.90, 595.19
472.97, 728.72, 720.27
601.24, 473.84, 476.82
599.99, 476.42, 601.83
599.03, 479.05, 726.74
600.70, 598.98, 473.86
599.71, 601.49, 599.12
598.72, 604.23, 723.86
600.61, 723.70, 471.49
599.19, 726.54, 596.57
598.11, 729.04, 721.51
348.94, 475.24, 599.03
349.96, 474.33, 723.93
350.78, 473.10, 849.01
346.52, 600.13, 599.88
347.16, 599.19, 724.97
348.28, 598.33, 849.89
344.08, 725.14, 600.74
344.67, 724.18, 725.57
345.54, 723.40, 850.61
474.15, 477.56, 598.08
474.88, 476.55, 722.95
475.56, 475.70, 847.98
471.40, 602.60, 599.08
472.11, 601.83, 724.05
472.97, 600.89, 848.91
469.11, 727.74, 599.95
469.62, 726.64, 724.96
470.62, 725.69, 849.90
599.07, 480.10, 597.26
599.99, 479.34, 722.11
600.45, 478.44, 847.22
596.46, 605.03, 598.14
597.19, 604.27, 723.35
597.95, 603.20, 847.95
593.73, 729.94, 599.16
594.87, 729.06, 724.00
595.72, 728.38, 849.02
348.57, 598.69, 100.43
346.25, 596.59, 225.61
344.22, 594.51, 350.68
347.24, 723.58, 102.71
345.07, 721.63, 227.64
343.08, 719.53, 352.63
345.80, 848.55, 104.70
343.75, 846.65, 229.62
341.80, 844.43, 354.58
473.37, 599.84, 102.76
471.55, 597.91, 227.81
469.30, 595.95, 352.73
471.96, 724.83, 104.68
470.20, 722.78, 229.64
468.18, 720.65, 354.56
470.85, 849.98, 106.74
468.71, 847.79, 231.65
466.82, 845.60, 356.70
598.36, 601.21, 104.61
596.21, 599.04, 229.53
594.47, 597.18, 354.41
597.13, 726.22, 106.72
595.02, 724.00, 231.63
593.17, 722.19, 356.51
595.72, 851.24, 108.80
593.90, 849.21, 233.60
591.91, 847.18, 358.82
349.18, 600.12, 226.72
347.60, 602.06, 351.82
345.87, 603.50, 476.82
349.82, 725.28, 225.01
348.46, 726.90, 349.82
346.47, 728.69, 475.16
350.83, 850.16, 223.46
348.89, 851.88, 348.20
347.47, 853.44, 473.11
474.35, 599.49, 228.43
472.60, 601.09, 353.62
470.58, 603.08, 478.36
475.14, 724.33, 226.73
473.16, 726.31, 351.74
471.36, 727.68, 476.59
475.92, 849.58, 225.16
474.11, 850.99, 350.01
472.29, 852.72, 475.16
599.08, 598.70, 230.36
597.48, 600.34, 355.33
595.53, 602.08, 480.25
600.00, 723.51, 228.41
598.20, 725.54, 353.64
596.42, 727.21, 478.50
600.92, 848.57, 226.86
599.07, 850.31, 351.80
597.40, 852.03, 476.76
349.91, 599.37, 348.71
347.37, 600.97, 473.35
344.95, 602.64, 598.62
347.35, 724.48, 346.82
345.01, 725.97, 471.74
342.57, 727.66, 596.73
345.01, 849.42, 345.32
342.50, 851.01, 470.00
340.14, 852.73, 594.90
474.95, 601.84, 351.03
472.33, 603.41, 476.01
470.08, 605.18, 600.78
472.38, 726.79, 349.18
470.07, 728.36, 474.33
467.30, 730.33, 599.10
469.87, 852.03, 347.69
467.44, 853.54, 472.42
464.93, 855.11, 597.48
600.00, 604.67, 353.38
597.30, 606.02, 478.50
594.92, 607.70, 603.40
597.27, 729.27, 351.47
595.00, 731.07, 476.45
592.56, 732.63, 601.59
594.71, 854.49, 349.96
592.30, 856.05, 474.95
590.02, 857.62, 599.86
349.14, 599.86, 474.11
346.75, 600.04, 598.81
344.40, 600.29, 723.75
351.82, 724.91, 473.88
349.62, 725.12, 598.54
347.54, 725.15, 723.86
354.46, 849.86, 473.47
352.46, 850.17, 598.55
349.95, 850.30, 723.42
473.76, 596.88, 475.99
471.63, 597.22, 601.35
469.61, 597.52, 726.26
476.59, 721.97, 476.10
474.43, 722.39, 600.91
472.44, 722.64, 726.01
479.55, 846.89, 475.76
477.05, 847.51, 600.58
474.96, 847.61, 725.55
599.01, 594.22, 478.56
596.61, 594.41, 603.43
594.25, 594.97, 728.33
601.66, 719.17, 478.33
599.60, 719.64, 602.94
597.03, 719.70, 727.99
604.29, 844.32, 477.87
602.37, 844.47, 602.90
599.96, 844.86, 727.74
348.44, 599.73, 601.33
344.69, 601.54, 725.95
341.13, 603.68, 850.88
347.22, 724.59, 598.90
343.68, 726.80, 724.00
339.96, 728.88, 848.86
345.90, 849.45, 597.03
342.39, 851.76, 721.67
338.67, 853.75, 846.82
473.35, 601.09, 604.76
469.65, 602.90, 729.76
466.13, 605.06, 854.83
472.33, 726.02, 602.88
468.65, 727.95, 727.72
464.89, 730.12, 852.54
471.22, 850.80, 600.78
467.41, 852.95, 725.53
463.63, 855.04, 850.33
598.40, 602.07, 608.61
594.80, 604.51, 733.60
591.05, 606.47, 858.32
597.30, 727.17, 606.54
593.59, 729.26, 731.30
589.70, 731.38, 856.21
595.92, 852.20, 604.30
592.25, 854.32, 729.21
588.54, 856.34, 854.16
475.38, 99.78, 101.84
473.56, 99.48, 227.09
471.82, 99.03, 351.86
477.54, 224.76, 102.31
475.55, 224.51, 227.31
474.04, 224.27, 352.14
479.70, 349.97, 102.57
477.89, 349.27, 227.66
476.02, 348.97, 352.75
600.40, 97.77, 103.64
598.62, 97.32, 228.56
596.91, 96.93, 353.65
602.29, 222.93, 104.05
600.59, 222.49, 228.85
598.96, 221.97, 353.93
604.47, 347.65, 104.59
602.96, 347.37, 229.61
600.92, 347.15, 354.53
725.33, 95.60, 105.49
723.56, 95.24, 230.57
721.62, 94.93, 355.43
727.34, 220.42, 105.93
725.42, 220.28, 230.87
723.68, 219.86, 355.85
729.64, 345.59, 106.25
727.88, 345.28, 231.28
725.95, 344.83, 356.12
474.29, 101.59, 226.33
477.54, 102.27, 351.48
480.64, 103.13, 476.18
472.93, 226.71, 225.64
476.00, 227.27, 350.67
479.27, 228.14, 475.77
471.30, 351.41, 225.12
474.87, 352.21, 350.16
477.85, 352.78, 475.08
599.23, 102.97, 223.29
602.29, 103.70, 348.10
605.72, 104.21, 473.23
597.72, 228.08, 222.53
601.17, 228.57, 347.61
604.37, 229.36, 472.30
596.45, 352.86, 221.75
599.66, 353.44, 346.91
602.96, 354.26, 471.65
724.15, 104.30, 219.95
727.24, 104.93, 345.05
730.37, 105.76, 469.97
722.85, 229.41, 219.28
726.04, 229.88, 344.29
729.30, 230.68, 469.28
721.32, 354.37, 218.65
724.73, 355.16, 343.47
727.82, 355.74, 468.44
473.36, 100.23, 349.44
472.70, 100.12, 474.58
471.80, 100.11, 599.36
472.84, 225.33, 349.55
472.00, 225.50, 474.49
471.33, 225.21, 599.49
472.23, 350.33, 349.58
471.71, 350.34, 474.43
470.93, 350.35, 599.60
598.40, 100.81, 350.22
597.76, 100.87, 475.17
597.03, 100.78, 600.36
597.89, 226.13, 350.26
597.19, 225.88, 475.16
596.45, 225.95, 600.32
597.23, 350.81, 350.32
596.62, 350.75, 475.28
595.83, 350.72, 600.52
723.61, 101.67, 351.06
722.77, 101.36, 475.90
722.14, 101.32, 600.96
722.82, 226.44, 351.02
722.00, 226.62, 476.06
721.26, 226.50, 601.00
722.38, 351.59, 351.16
721.42, 351.32, 476.30
720.71, 351.58, 600.97
476.63, 98.96, 472.92
478.63, 97.18, 597.95
480.05, 94.93, 722.95
474.37, 224.02, 475.06
476.00, 222.18, 600.09
477.63, 220.08, 725.09
472.00, 348.93, 477.41
473.65, 346.79, 602.14
475.32, 344.93, 727.18
601.67, 101.56, 471.37
603.27, 99.32, 596.51
604.98, 97.45, 721.50
599.33, 226.56, 473.63
600.96, 224.58, 598.58
602.79, 222.22, 723.77
597.00, 351.59, 475.57
598.49, 349.41, 600.67
600.03, 347.31, 725.79
726.87, 104.00, 469.84
728.23, 101.92, 594.79
729.96, 99.93, 719.81
724.25, 229.00, 471.93
725.84, 227.02, 597.08
727.67, 224.92, 721.91
722.08, 353.87, 474.06
723.74, 352.09, 599.18
725.25, 350.00, 724.28
473.33, 100.09, 598.15
473.02, 101.04, 723.10
472.41, 102.32, 848.25
474.52, 225.15, 597.07
473.95, 226.12, 722.29
473.40, 227.02, 847.01
475.46, 350.04, 596.21
474.99, 351.20, 721.18
474.29, 352.18, 846.01
598.60, 99.39, 598.71
598.13, 100.06, 723.71
597.44, 101.37, 848.86
599.43, 224.22, 597.77
599.15, 225.28, 722.61
598.60, 226.23, 847.66
600.58, 349.11, 596.81
600.10, 350.14, 721.82
599.46, 351.08, 846.97
723.47, 98.31, 599.42
723.01, 99.15, 724.20
722.47, 100.36, 849.41
724.31, 223.41, 598.38
723.86, 224.14, 723.05
723.35, 225.34, 848.28
725.61, 348.47, 597.40
725.04, 349.14, 722.11
724.41, 350.08, 847.38
475.56, 225.89, 98.06
472.94, 227.22, 223.04
470.46, 228.76, 348.18
473.36, 350.67, 96.60
470.86, 352.52, 221.56
468.25, 353.73, 346.56
471.01, 475.74, 94.94
468.66, 477.13, 219.82
466.23, 478.88, 344.83
600.53, 228.09, 100.64
598.05, 229.48, 225.60
595.50, 231.01, 350.38
598.43, 353.04, 99.15
595.86, 354.58, 224.02
593.32, 355.94, 348.77
596.20, 477.98, 97.45
593.48, 479.75, 222.28
591.26, 481.10, 347.44
725.54, 230.45, 102.88
722.92, 231.69, 228.08
720.52, 233.39, 352.90
723.37, 355.42, 101.38
720.63, 356.79, 226.53
718.44, 358.23, 351.32
721.15, 480.33, 99.92
718.46, 481.80, 224.68
716.11, 483.44, 349.88
474.44, 223.99, 223.43
475.38, 221.30, 348.49
476.39, 218.79, 473.32
472.05, 348.82, 225.92
472.74, 346.39, 351.06
473.48, 343.54, 475.74
469.58, 473.86, 228.50
470.34, 471.22, 353.64
471.24, 468.70, 478.59
599.45, 226.31, 222.68
600.48, 223.89, 347.50
601.10, 221.17, 472.56
596.92, 351.24, 225.12
597.69, 348.88, 350.30
598.56, 346.39, 475.01
594.45, 476.41, 227.79
595.26, 473.91, 352.83
596.08, 471.27, 477.69
724.52, 229.14, 221.81
725.45, 226.46, 346.83
726.25, 224.08, 471.82
721.87, 354.03, 224.33
722.88, 351.30, 349.48
723.45, 348.77, 474.19
719.28, 479.06, 227.01
720.31, 476.31, 352.04
720.91, 473.93, 476.87
473.94, 224.63, 350.19
476.87, 222.56, 474.91
480.00, 220.25, 600.06
471.76, 349.63, 352.23
475.17, 347.64, 477.37
478.23, 345.15, 602.22
470.27, 474.55, 354.72
473.28, 472.59, 479.43
476.27, 470.12, 604.40
598.59, 226.55, 347.04
601.64, 224.55, 471.94
604.72, 222.26, 596.92
597.02, 351.56, 349.23
599.85, 349.50, 474.43
603.12, 347.13, 599.38
595.16, 476.50, 351.78
598.30, 474.24, 476.58
601.32, 472.10, 601.44
723.80, 228.57, 343.94
726.84, 226.20, 468.86
730.02, 223.89, 593.88
721.68, 353.28, 346.48
724.98, 351.35, 471.27
728.15, 348.93, 596.23
720.13, 478.60, 348.46
723.24, 476.26, 473.52
726.16, 474.18, 598.62
476.58, 223.23, 475.32
477.64, 219.63, 600.15
478.21, 216.35, 725.02
476.77, 348.05, 478.93
477.86, 344.72, 603.89
478.55, 341.23, 728.71
477.45, 473.25, 482.26
478.20, 469.67, 607.27
479.07, 466.20, 732.29
601.61, 222.78, 474.53
602.48, 219.40, 599.30
603.25, 215.89, 724.44
601.76, 347.71, 478.00
602.61, 344.31, 603.05
603.57, 340.83, 727.93
602.33, 472.80, 481.56
603.34, 469.21, 606.50
604.20, 465.72, 731.35
726.39, 222.66, 473.41
727.66, 218.95, 598.53
728.33, 215.38, 723.36
726.75, 347.54, 476.99
727.91, 343.91, 601.97
728.60, 340.35, 727.07
727.32, 472.55, 480.53
728.21, 469.01, 605.34
728.98, 465.53, 730.58
475.96, 226.36, 599.49
475.84, 228.24, 724.31
475.28, 229.81, 849.35
473.67, 351.32, 597.36
473.34, 353.05, 722.59
472.82, 354.89, 847.58
471.60, 476.34, 595.50
470.86, 477.93, 720.71
470.66, 480.03, 845.52
601.25, 228.57, 599.56
600.88, 230.46, 724.59
600.19, 232.40, 849.73
598.90, 353.64, 598.02
598.25, 355.56, 722.73
597.99, 357.16, 847.80
596.32, 478.66, 596.23
596.06, 480.38, 720.98
595.48, 482.05, 846.05
726.02, 231.10, 599.89
725.46, 232.93, 725.31
725.05, 234.59, 850.22
723.55, 356.12, 598.23
723.29, 357.75, 723.12
722.92, 359.73, 848.10
721.26, 480.92, 596.39
720.92, 482.76, 721.63
720.35, 484.74, 846.53
473.61, 350.33, 99.61
474.29, 350.25, 224.96
475.39, 350.30, 349.91
470.43, 475.43, 99.68
471.28, 475.33, 224.88
472.38, 475.31, 350.02
467.46, 600.43, 99.81
468.41, 600.11, 224.86
469.07, 600.19, 349.98
598.52, 353.38, 98.94
599.26, 353.59, 224.07
600.32, 353.14, 349.02
595.62, 478.16, 99.06
596.18, 478.50, 224.07
597.13, 478.27, 349.14
592.68, 603.48, 99.02
593.08, 603.28, 224.27
594.05, 603.30, 349.24
723.52, 356.61, 98.00
724.20, 356.29, 223.08
725.27, 356.39, 348.08
720.33, 481.50, 98.35
721.41, 481.48, 223.24
722.15, 481.45, 348.38
717.52, 606.30, 98.22
718.40, 606.40, 223.27
718.99, 606.34, 348.36
474.23, 350.45, 224.88
471.84, 349.88, 349.55
469.15, 349.80, 474.51
471.57, 475.39, 225.04
469.15, 475.00, 349.80
466.16, 474.50, 474.91
468.87, 600.05, 225.25
466.18, 599.87, 350.06
463.83, 599.41, 475.06
599.20, 353.05, 227.43
596.46, 352.66, 352.39
593.85, 352.39, 477.36
596.63, 477.79, 227.47
593.87, 477.70, 352.42
591.23, 477.21, 477.55
593.96, 602.96, 227.95
591.14, 602.47, 352.89
588.57, 602.24, 477.64
724.27, 355.49, 230.01
721.46, 355.38, 354.93
718.99, 354.78, 479.87
721.38, 480.40, 230.21
719.02, 480.38, 355.18
716.14, 479.85, 480.33
718.93, 605.59, 230.36
716.35, 605.10, 355.31
713.46, 605.08, 480.53
476.60, 350.19, 352.03
475.98, 350.64, 477.12
475.73, 351.12, 601.83
476.35, 475.33, 351.50
475.82, 475.52, 476.78
475.55, 475.89, 601.67
476.43, 600.23, 351.50
476.07, 600.57, 476.18
475.45, 600.88, 601.21
601.37, 350.37, 352.23
600.97, 350.60, 477.45
600.82, 351.10, 602.22
601.34, 475.17, 352.13
601.01, 475.62, 476.85
600.48, 475.95, 601.88
601.57, 600.34, 351.76
601.13, 600.54, 476.53
600.68, 600.92, 601.90
726.30, 350.38, 352.62
726.05, 350.67, 477.68
725.72, 350.92, 602.89
726.35, 475.36, 352.29
725.86, 475.90, 477.28
725.49, 475.97, 602.50
726.55, 600.20, 352.11
726.01, 600.87, 477.12
725.59, 600.92, 601.93
476.72, 348.37, 474.33
478.68, 350.46, 599.24
481.22, 352.56, 724.24
478.43, 473.53, 472.15
480.74, 475.35, 597.30
482.99, 477.45, 722.16
480.25, 598.47, 470.20
482.61, 600.46, 594.87
484.85, 602.37, 719.93
601.65, 346.59, 472.19
603.96, 348.49, 597.14
605.93, 350.49, 722.10
603.64, 471.31, 470.04
605.56, 473.49, 594.89
607.92, 475.37, 719.88
605.52, 596.34, 467.86
607.70, 598.60, 592.73
609.74, 600.38, 717.99
726.57, 344.45, 469.99
728.58, 346.57, 594.57
730.97, 348.59, 719.56
728.46, 469.38, 467.90
730.77, 471.67, 592.64
732.83, 473.56, 717.59
730.49, 594.42, 465.63
732.45, 596.59, 590.64
734.91, 598.47, 715.78
473.70, 350.03, 599.61
474.39, 350.74, 724.30
475.40, 352.03, 849.59
470.42, 474.87, 598.38
471.38, 475.87, 723.59
472.40, 476.79, 848.47
467.11, 599.76, 597.80
467.91, 600.79, 722.66
469.11, 601.59, 847.46
598.41, 353.21, 598.32
599.49, 354.30, 723.53
600.38, 355.11, 848.38
595.25, 477.98, 597.37
596.09, 478.88, 722.72
597.35, 480.13, 847.62
592.08, 602.88, 596.62
592.87, 604.04, 721.64
594.17, 605.14, 846.72
723.52, 356.29, 597.59
724.52, 357.32, 722.53
725.41, 358.40, 847.55
720.25, 481.22, 596.51
721.07, 482.11, 721.46
722.32, 483.16, 846.48
717.01, 606.26, 595.68
718.05, 607.35, 720.45
718.85, 608.19, 845.51
473.62, 475.60, 101.83
476.28, 476.99, 226.86
479.09, 478.68, 351.76
475.54, 600.60, 100.36
478.06, 602.06, 225.32
480.72, 603.59, 350.11
477.36, 725.72, 98.78
480.10, 727.21, 223.68
482.79, 728.45, 348.77
598.51, 473.61, 99.05
601.04, 475.21, 224.22
603.96, 476.68, 349.06
600.28, 598.46, 97.65
602.94, 600.09, 222.47
605.84, 601.55, 347.67
602.27, 723.56, 96.05
604.91, 724.92, 221.09
607.97, 726.64, 345.98
723.31, 471.58, 96.27
726.31, 473.13, 221.56
728.85, 474.70, 346.24
725.42, 596.53, 94.97
727.96, 597.94, 219.75
730.67, 599.57, 344.90
727.18, 721.66, 93.44
730.06, 722.88, 218.46
732.77, 724.36, 343.29
474.23, 475.66, 226.65
475.65, 473.09, 351.80
476.90, 470.54, 476.75
471.36, 600.77, 229.21
472.52, 598.15, 354.35
473.83, 595.60, 479.36
468.43, 725.49, 231.91
469.59, 723.25, 356.89
470.90, 720.60, 481.75
599.07, 478.78, 225.55
600.48, 476.15, 350.34
601.62, 473.62, 475.35
596.23, 603.50, 227.93
597.50, 600.98, 353.16
598.81, 598.59, 478.17
593.27, 728.57, 230.73
594.45, 726.11, 355.55
595.81, 723.37, 480.59
724.22, 481.51, 224.12
725.55, 478.96, 349.19
726.58, 476.60, 474.26
721.20, 606.74, 226.99
722.37, 604.26, 351.85
723.72, 601.57, 476.69
718.07, 731.68, 229.51
719.53, 729.24, 354.23
720.91, 726.39, 479.18
473.49, 473.68, 351.77
471.58, 474.86, 476.95
469.73, 476.04, 601.67
473.05, 598.66, 350.73
470.90, 599.79, 475.53
469.04, 600.90, 600.53
472.20, 723.67, 349.54
470.39, 724.94, 474.28
468.63, 726.04, 599.29
598.58, 473.92, 353.75
596.53, 475.39, 478.51
594.62, 476.36, 603.89
597.70, 599.05, 352.44
595.86, 600.47, 477.72
594.00, 601.35, 602.50
597.53, 724.13, 351.52
595.49, 725.27, 476.21
593.69, 726.62, 601.17
723.41, 474.47, 355.50
721.44, 475.73, 480.43
719.61, 477.00, 605.45
722.96, 599.70, 354.32
720.81, 600.70, 479.51
719.17, 602.13, 604.36
722.25, 724.69, 353.26
720.56, 725.75, 478.17
718.56, 727.13, 603.34
477.08, 474.44, 475.89
476.42, 471.02, 600.59
476.34, 467.32, 725.72
480.51, 599.28, 479.31
480.03, 595.66, 604.19
479.42, 592.18, 729.11
483.71, 724.12, 482.91
483.46, 720.67, 607.80
483.08, 717.22, 732.84
601.84, 471.08, 476.17
601.40, 467.67, 600.88
601.04, 463.94, 725.88
605.30, 596.00, 479.64
604.89, 592.55, 604.47
604.50, 589.09, 729.63
608.72, 720.77, 482.93
608.14, 717.45, 608.09
607.86, 713.94, 733.14
726.95, 467.58, 476.20
726.36, 464.25, 601.32
726.08, 460.70, 726.40
730.36, 592.71, 480.03
729.97, 589.04, 604.77
729.54, 585.59, 729.87
733.68, 717.51, 483.52
733.22, 713.97, 608.35
732.77, 710.30, 733.34
472.88, 475.35, 600.75
471.53, 479.12, 725.59
469.81, 482.42, 850.75
470.13, 600.48, 597.06
468.63, 603.92, 721.89
466.64, 607.50, 846.85
467.28, 725.28, 593.24
465.46, 728.67, 718.18
463.75, 732.47, 843.33
597.94, 478.27, 602.30
596.56, 481.86, 727.10
594.82, 485.60, 852.10
595.17, 603.36, 598.64
593.26, 606.74, 723.70
591.62, 610.42, 848.54
592.13, 728.10, 595.15
590.48, 731.91, 719.97
588.75, 735.58, 844.90
723.10, 481.42, 603.95
721.26, 484.99, 728.76
719.68, 488.53, 853.77
719.86, 606.36, 600.35
718.15, 610.08, 725.40
716.83, 613.52, 850.04
717.20, 731.18, 596.57
715.22, 734.71, 721.59
713.65, 738.44, 846.61
476.73, 598.26, 98.62
475.98, 599.80, 223.26
474.93, 601.28, 348.44
476.29, 723.31, 96.94
475.13, 724.74, 221.82
474.41, 726.13, 346.87
475.47, 848.18, 95.53
474.62, 849.88, 220.37
473.38, 851.48, 345.21
601.83, 598.99, 99.31
601.20, 600.49, 224.51
600.06, 602.19, 349.48
600.97, 723.96, 97.81
600.35, 725.51, 222.90
599.36, 726.90, 347.67
600.41, 849.09, 96.38
599.54, 850.46, 221.29
598.47, 852.00, 346.41
726.69, 599.76, 100.34
726.06, 601.16, 225.20
725.03, 602.97, 350.21
726.14, 724.84, 98.64
725.12, 726.23, 223.63
724.38, 727.89, 348.93
725.30, 849.99, 97.14
724.48, 851.29, 222.20
723.58, 852.98, 347.35
475.88, 601.91, 226.95
478.33, 604.93, 351.87
480.61, 607.61, 476.89
479.70, 726.99, 223.87
482.10, 729.66, 348.81
484.51, 732.55, 473.89
483.17, 851.65, 220.89
485.48, 854.47, 345.63
488.01, 857.68, 470.78
601.00, 597.98, 224.63
603.17, 601.12, 349.55
605.49, 604.18, 474.51
604.64, 723.02, 221.50
606.85, 725.98, 346.38
609.13, 728.93, 471.46
607.91, 847.99, 218.64
610.63, 850.82, 343.39
613.08, 853.71, 468.41
725.70, 594.49, 222.16
728.28, 597.37, 347.03
730.59, 600.30, 472.04
729.50, 719.51, 219.26
731.66, 722.24, 344.12
734.07, 725.40, 468.97
733.10, 844.21, 216.28
735.38, 847.18, 341.12
737.89, 850.14, 466.12
476.18, 601.63, 348.49
475.48, 599.20, 473.25
474.75, 596.50, 598.45
474.94, 726.71, 351.01
474.35, 724.02, 475.75
473.95, 721.50, 601.03
474.16, 851.70, 353.57
473.26, 849.36, 478.42
472.98, 846.52, 603.51
601.26, 603.03, 349.09
600.62, 600.31, 474.04
599.82, 597.76, 598.95
599.91, 727.63, 351.63
599.54, 725.14, 476.63
598.67, 722.46, 601.38
599.17, 852.67, 354.30
598.34, 850.12, 479.01
597.96, 847.68, 604.28
725.98, 603.81, 349.75
725.46, 601.10, 474.75
724.99, 598.62, 599.65
725.19, 728.68, 352.08
724.54, 726.28, 477.20
723.84, 723.65, 602.34
723.88, 853.74, 354.77
723.34, 851.24, 479.76
722.77, 848.71, 604.66
475.19, 598.36, 475.77
473.19, 600.06, 600.57
471.61, 601.27, 725.35
473.56, 723.41, 474.07
471.64, 724.82, 598.84
469.77, 726.57, 723.87
471.97, 848.36, 472.63
470.15, 850.10, 597.32
468.48, 851.34, 722.62
599.96, 600.04, 477.20
598.14, 601.51, 602.17
596.46, 602.90, 727.19
598.41, 725.09, 475.90
596.81, 726.63, 600.72
594.80, 728.01, 725.76
596.78, 849.93, 474.39
595.05, 851.49, 599.19
593.15, 853.09, 724.35
725.04, 601.72, 479.01
723.12, 603.07, 604.06
721.50, 604.42, 728.99
723.45, 726.42, 477.51
721.76, 728.14, 602.65
719.97, 729.67, 727.59
722.01, 851.58, 476.15
720.00, 853.11, 601.13
718.29, 854.42, 725.92
476.92, 598.99, 598.30
479.35, 598.41, 723.39
482.06, 598.39, 848.26
479.34, 723.74, 598.63
482.04, 723.48, 723.44
484.43, 723.11, 848.45
481.90, 848.80, 598.74
484.40, 848.40, 723.80
486.96, 848.21, 848.88
601.63, 596.36, 595.68
604.43, 596.08, 720.61
607.06, 595.71, 845.79
604.42, 721.38, 595.96
606.92, 720.88, 720.83
609.64, 720.60, 846.16
606.95, 846.07, 596.27
609.33, 845.88, 721.15
611.92, 845.59, 846.15
726.79, 593.70, 593.11
729.26, 593.56, 718.41
731.84, 592.96, 843.18
729.14, 718.56, 593.35
731.70, 718.50, 718.56
734.42, 718.13, 843.37
732.10, 843.53, 593.78
734.36, 843.49, 718.88
737.06, 843.01, 843.54
598.02, 102.05, 98.87
601.20, 99.80, 223.58
604.31, 97.89, 348.69
597.98, 226.88, 100.63
601.12, 224.84, 225.56
604.41, 223.07, 350.61
598.19, 351.82, 102.54
601.25, 349.99, 227.58
604.55, 347.90, 352.78
722.97, 101.95, 95.58
726.13, 100.05, 220.46
729.17, 98.02, 345.47
723.01, 226.90, 97.79
726.36, 224.97, 222.52
729.44, 223.02, 347.54
722.94, 351.76, 99.61
726.25, 349.99, 224.51
729.50, 347.81, 349.48
847.94, 101.90, 92.44
851.02, 99.89, 217.45
854.29, 97.97, 342.24
847.99, 226.79, 94.46
851.29, 224.77, 219.33
854.28, 222.90, 344.38
848.13, 351.89, 96.44
851.16, 349.91, 221.25
854.56, 348.05, 346.29
600.34, 101.95, 224.97
602.04, 104.80, 349.86
603.42, 107.42, 474.88
598.91, 226.78, 222.00
600.37, 229.65, 347.18
602.13, 232.55, 471.83
597.21, 351.75, 219.31
598.78, 354.57, 344.13
600.18, 357.45, 469.12
725.45, 103.30, 223.21
727.09, 106.25, 348.14
728.58, 109.12, 473.14
723.54, 228.47, 220.28
725.48, 231.08, 345.18
726.70, 233.97, 470.32
722.26, 353.49, 217.65
723.75, 356.26, 342.60
725.21, 359.03, 467.49
850.49, 105.04, 221.57
851.90, 107.81, 346.71
853.59, 110.82, 471.53
848.73, 229.85, 218.90
850.46, 232.90, 343.76
851.99, 235.59, 468.66
847.29, 354.94, 215.97
848.65, 357.67, 340.85
850.20, 360.75, 465.72
601.37, 102.06, 351.74
597.90, 100.87, 476.75
594.52, 99.43, 601.65
603.48, 227.00, 353.32
599.87, 225.70, 478.01
596.51, 224.47, 603.23
605.55, 351.93, 354.63
602.03, 350.79, 479.43
598.58, 349.45, 604.29
726.46, 99.72, 355.18
722.90, 98.59, 480.23
719.50, 97.33, 605.29
728.29, 224.90, 356.78
725.10, 223.55, 481.77
721.64, 222.37, 606.58
730.34, 349.89, 357.78
727.01, 348.67, 482.74
723.55, 347.20, 607.89
851.40, 97.77, 358.78
847.92, 96.45, 483.76
844.41, 95.32, 608.64
853.41, 222.72, 360.07
850.07, 221.42, 484.88
846.62, 220.46, 609.89
855.53, 347.53, 361.38
851.97, 346.53, 486.31
848.36, 345.16, 611.16
599.94, 100.21, 473.06
603.73, 97.08, 597.93
607.40, 94.15, 722.64
603.27, 225.08, 476.27
606.90, 221.97, 601.09
610.75, 218.72, 725.72
606.74, 350.01, 479.24
610.29, 346.84, 604.12
613.93, 343.69, 729.05
725.09, 97.21, 469.30
728.62, 93.94, 594.15
732.36, 90.82, 718.96
728.34, 221.96, 472.19
731.77, 218.91, 597.01
735.64, 215.78, 722.27
731.50, 346.85, 475.26
735.12, 343.83, 600.28
739.04, 340.69, 725.07
849.78, 94.01, 465.47
853.48, 90.80, 590.50
857.25, 87.73, 715.32
852.95, 219.00, 468.70
856.71, 215.66, 593.35
860.52, 212.57, 718.25
856.36, 343.74, 471.46
860.11, 340.60, 596.47
863.75, 337.45, 721.45
599.13, 101.47, 599.69
600.17, 102.26, 724.60
601.64, 103.28, 849.57
602.11, 226.54, 598.71
603.28, 227.49, 723.65
604.71, 228.25, 848.90
605.41, 351.40, 597.59
606.41, 352.32, 722.96
607.59, 353.23, 847.76
723.93, 98.51, 598.34
725.32, 99.40, 723.66
726.50, 100.15, 848.27
727.34, 223.37, 597.52
728.34, 224.14, 722.53
729.77, 225.32, 847.48
730.16, 348.31, 596.48
731.44, 349.16, 721.64
732.69, 350.29, 846.40
849.08, 95.31, 597.16
850.16, 96.18, 722.25
851.46, 97.12, 847.23
852.10, 220.28, 596.38
853.33, 221.33, 721.45
854.50, 222.10, 846.25
855.20, 345.36, 595.39
856.29, 346.25, 720.27
857.77, 347.03, 845.39
598.27, 225.48, 100.39
598.64, 224.51, 225.41
599.58, 223.63, 350.35
596.04, 350.79, 101.34
596.44, 349.47, 226.41
597.21, 348.45, 351.36
593.47, 475.65, 102.15
594.34, 474.43, 227.45
594.86, 473.74, 352.05
723.25, 227.95, 99.58
723.86, 226.85, 224.69
724.23, 225.79, 349.83
720.99, 352.77, 100.78
721.57, 351.95, 225.55
722.21, 351.04, 350.84
718.58, 477.71, 101.59
719.30, 476.79, 226.78
719.92, 475.85, 351.73
848.18, 230.22, 99.09
848.75, 229.25, 224.23
849.53, 228.22, 349.00
845.79, 355.11, 100.13
846.59, 354.13, 225.19
847.15, 353.09, 350.11
843.60, 480.08, 101.13
844.22, 478.94, 226.11
844.74, 478.28, 351.14
600.73, 224.90, 223.14
599.32, 227.69, 348.08
598.52, 230.23, 472.90
603.63, 349.64, 220.27
602.30, 352.59, 345.48
601.53, 355.45, 470.34
606.44, 474.73, 217.52
605.35, 477.63, 342.72
604.09, 480.27, 467.38
725.65, 221.72, 224.30
724.35, 224.86, 349.24
723.52, 227.50, 473.99
728.27, 346.87, 221.56
727.54, 349.71, 346.48
726.43, 352.38, 471.51
731.37, 471.86, 218.86
730.25, 474.55, 343.86
729.13, 477.57, 468.72
850.40, 219.27, 225.21
849.40, 221.92, 350.34
848.54, 224.67, 475.30
853.30, 344.07, 222.61
852.17, 347.01, 347.56
851.17, 349.53, 472.56
856.18, 468.82, 219.95
855.15, 471.67, 344.69
854.15, 474.46, 469.62
599.33, 223.94, 351.52
598.57, 223.34, 476.54
597.46, 223.05, 601.74
598.62, 349.04, 351.85
597.40, 348.34, 476.89
596.78, 348.01, 602.07
597.72, 474.00, 352.45
596.59, 473.63, 477.18
595.95, 473.02, 602.25
724.32, 224.86, 352.43
723.33, 224.41, 477.76
722.61, 223.97, 602.69
723.37, 349.54, 352.77
722.64, 349.46, 477.88
721.72, 348.87, 602.90
722.55, 474.81, 353.07
721.85, 474.17, 478.25
720.73, 473.90, 603.37
849.12, 225.39, 353.33
848.35, 225.06, 478.31
847.57, 224.71, 603.51
848.40, 350.38, 353.88
847.65, 350.15, 478.86
846.80, 349.68, 603.86
847.82, 475.42, 354.09
846.95, 475.10, 479.15
845.84, 474.83, 604.19
598.17, 226.54, 475.80
596.78, 226.14, 600.75
595.33, 226.18, 725.86
599.92, 351.36, 475.98
598.22, 351.31, 601.11
596.98, 351.22, 726.10
601.40, 476.41, 476.43
599.93, 476.14, 601.28
598.64, 476.12, 726.19
723.16, 224.74, 477.11
721.68, 224.43, 602.29
720.44, 224.55, 727.21
724.79, 349.99, 477.37
723.22, 349.72, 602.38
722.00, 349.30, 727.56
726.23, 474.77, 477.80
725.23, 474.56, 602.70
723.89, 474.56, 727.60
847.93, 223.46, 478.71
846.60, 223.10, 603.56
845.49, 222.90, 728.67
849.71, 348.22, 478.87
848.38, 348.04, 603.94
847.12, 347.74, 728.77
851.22, 473.42, 478.97
849.88, 473.18, 604.16
848.70, 472.73, 728.94
598.70, 223.77, 598.04
595.52, 220.35, 722.96
592.47, 217.40, 847.92
596.56, 348.57, 601.24
593.51, 345.47, 726.07
590.55, 342.51, 851.24
594.85, 473.58, 604.18
591.63, 470.35, 729.31
588.51, 467.38, 854.00
723.66, 225.60, 601.09
720.77, 222.52, 725.99
717.54, 219.20, 850.99
721.54, 350.37, 604.42
718.70, 347.45, 729.33
715.53, 344.26, 854.30
719.92, 475.62, 607.62
716.63, 472.16, 732.29
713.52, 469.35, 857.27
848.56, 227.39, 604.47
845.47, 224.19, 729.17
842.49, 221.19, 854.30
846.68, 352.45, 607.38
843.52, 349.18, 732.35
840.47, 346.20, 857.35
844.74, 477.38, 610.73
841.63, 474.18, 735.66
838.54, 471.03, 860.46
600.56, 349.29, 99.20
600.70, 349.27, 224.39
600.74, 349.79, 349.61
600.21, 474.17, 99.20
600.42, 474.53, 223.98
600.70, 474.41, 349.11
600.02, 599.04, 99.02
600.16, 599.45, 223.78
600.18, 599.45, 348.88
725.62, 349.29, 99.37
725.80, 349.51, 224.32
725.80, 350.12, 349.13
725.26, 474.55, 99.12
725.29, 474.73, 224.02
725.57, 474.87, 349.12
724.99, 599.55, 98.80
724.93, 599.53, 223.61
725.30, 600.16, 348.70
850.66, 349.76, 99.09
850.72, 350.11, 224.12
850.87, 350.55, 349.24
850.27, 474.79, 98.82
850.48, 474.99, 223.96
850.41, 475.42, 348.71
849.82, 599.66, 98.54
850.02, 600.12, 223.38
850.03, 600.50, 348.71
597.93, 348.57, 225.25
600.69, 348.83, 350.17
603.52, 349.17, 475.36
599.00, 473.73, 224.92
601.56, 473.98, 349.87
604.31, 474.21, 474.83
599.85, 598.73, 224.61
602.85, 598.82, 349.70
605.36, 598.97, 474.82
722.99, 347.55, 222.43
725.56, 347.69, 347.55
728.34, 348.20, 472.70
724.03, 472.60, 222.24
726.58, 472.64, 347.17
729.49, 473.10, 472.16
724.89, 597.68, 222.21
727.80, 597.81, 347.13
730.47, 597.89, 471.98
847.92, 346.47, 219.69
850.68, 346.83, 344.67
853.28, 347.21, 469.68
848.91, 471.83, 219.47
851.79, 471.78, 344.51
854.27, 471.95, 469.71
849.99, 596.64, 219.53
852.74, 596.68, 344.56
855.26, 597.24, 469.30
599.48, 351.24, 348.22
601.04, 350.91, 473.10
602.57, 350.71, 598.30
601.33, 476.26, 348.68
603.16, 475.82, 473.68
604.72, 475.76, 598.62
603.54, 601.35, 348.90
605.38, 600.88, 474.01
606.63, 600.65, 598.94
724.32, 349.22, 346.70
726.01, 348.85, 471.87
727.60, 348.53, 596.76
726.31, 474.05, 347.12
728.04, 473.78, 472.02
729.58, 473.27, 597.12
728.57, 599.17, 347.41
730.10, 598.68, 472.38
731.60, 598.47, 597.34
849.14, 346.88, 345.24
850.96, 346.70, 469.98
852.46, 346.50, 595.12
851.46, 472.12, 345.52
853.06, 471.44, 470.55
854.78, 471.16, 595.35
853.65, 596.85, 345.68
855.10, 596.63, 470.53
856.85, 596.27, 595.72
598.21, 351.74, 476.73
599.77, 352.54, 601.61
601.55, 353.18, 726.58
600.15, 476.73, 476.21
601.60, 477.41, 601.06
603.64, 478.14, 726.32
601.72, 601.53, 475.50
603.74, 602.52, 600.29
605.50, 603.01, 725.43
723.07, 349.90, 475.17
724.83, 350.40, 600.03
726.55, 351.18, 725.16
725.10, 474.92, 474.37
726.68, 475.34, 599.25
728.61, 476.19, 724.34
726.81, 599.80, 473.70
728.51, 600.50, 598.57
730.27, 601.11, 723.65
848.18, 347.97, 473.59
849.77, 348.60, 598.31
851.60, 349.36, 723.44
849.95, 473.16, 472.64
851.58, 473.78, 597.71
853.45, 474.31, 722.88
851.75, 597.89, 471.99
853.47, 598.63, 597.03
855.24, 599.21, 722.11
599.84, 351.40, 601.62
599.26, 349.37, 726.66
598.44, 347.41, 851.67
598.20, 476.59, 603.74
597.82, 474.46, 728.96
597.07, 472.50, 853.84
596.84, 601.57, 605.65
596.15, 599.61, 730.65
595.54, 597.37, 855.81
724.59, 353.03, 602.27
723.94, 351.11, 727.42
723.49, 348.86, 852.35
723.14, 477.88, 604.43
722.63, 475.98, 729.28
722.02, 473.76, 854.39
721.78, 602.81, 606.41
721.14, 600.84, 731.28
720.58, 598.91, 856.43
849.76, 354.40, 603.07
849.11, 352.62, 728.03
848.38, 350.39, 852.98
848.27, 479.28, 604.94
847.74, 477.23, 729.92
846.98, 475.56, 854.95
846.66, 604.18, 607.16
846.18, 602.49, 732.14
845.54, 600.34, 856.97
601.49, 474.35, 101.73
601.24, 477.63, 226.93
600.67, 481.54, 351.78
602.09, 599.42, 98.42
601.91, 602.92, 223.16
601.27, 606.44, 348.21
603.00, 724.20, 94.74
602.29, 727.75, 219.58
601.99, 731.13, 344.53
726.56, 473.51, 102.13
726.07, 477.27, 227.09
725.51, 480.73, 352.21
727.28, 598.64, 98.38
726.78, 602.13, 223.72
726.35, 605.57, 348.56
727.96, 723.54, 95.19
727.59, 726.98, 219.94
727.09, 730.60, 345.15
851.48, 472.85, 102.52
851.07, 476.48, 227.33
850.87, 479.92, 352.60
852.21, 597.97, 99.04
851.81, 601.40, 224.01
851.55, 604.97, 348.78
852.81, 722.77, 95.48
852.51, 726.21, 220.49
852.08, 729.88, 345.40
600.88, 475.16, 226.42
600.82, 473.91, 351.54
601.29, 472.44, 476.45
603.92, 600.31, 227.98
604.04, 598.76, 352.87
604.48, 597.23, 477.74
607.06, 725.31, 229.17
607.29, 723.86, 354.46
607.47, 722.49, 479.23
725.54, 472.03, 225.89
725.89, 470.72, 351.17
726.07, 469.18, 476.09
729.04, 596.98, 227.58
729.00, 595.76, 352.50
729.36, 594.13, 477.59
732.10, 722.04, 229.15
732.33, 720.57, 353.94
732.45, 719.27, 478.99
850.62, 469.08, 225.87
850.86, 467.31, 350.70
851.23, 466.16, 475.96
853.67, 593.77, 227.39
853.88, 592.53, 352.39
854.49, 591.09, 477.38
857.08, 718.81, 228.62
857.40, 717.40, 353.68
857.55, 715.91, 478.77
598.44, 473.28, 350.05
596.36, 475.41, 475.26
593.92, 477.69, 600.33
596.41, 598.18, 347.88
594.17, 600.37, 472.83
592.25, 602.66, 597.75
594.57, 723.21, 345.62
592.26, 725.28, 470.37
590.34, 727.78, 595.54
723.27, 474.97, 352.39
721.25, 477.53, 477.40
718.92, 479.59, 602.36
721.52, 600.10, 350.00
719.27, 602.22, 475.06
717.05, 604.57, 599.93
719.37, 724.89, 347.86
717.38, 727.12, 472.75
715.18, 729.35, 597.54
848.17, 477.04, 354.42
845.98, 479.16, 479.29
843.93, 481.53, 604.46
846.40, 601.86, 352.15
844.30, 604.07, 477.05
842.18, 606.66, 602.11
844.51, 727.04, 349.80
842.19, 729.15, 474.85
840.20, 731.53, 599.79
598.07, 474.08, 476.85
597.73, 471.56, 601.90
596.72, 468.94, 726.82
598.85, 598.94, 479.27
598.33, 596.26, 604.16
597.72, 593.87, 729.44
599.36, 723.88, 481.96
598.90, 721.23, 606.84
598.43, 718.97, 731.67
723.23, 473.15, 477.20
722.63, 470.73, 602.23
721.90, 468.39, 727.33
723.78, 598.23, 479.90
723.40, 595.58, 604.89
722.50, 593.03, 729.74
724.63, 723.26, 482.45
724.01, 720.75, 607.36
723.30, 718.25, 732.33
848.07, 472.45, 477.97
847.34, 469.93, 602.85
846.76, 467.61, 727.93
848.91, 597.28, 480.35
848.32, 594.89, 605.44
847.61, 592.34, 730.18
849.65, 722.26, 482.79
849.03, 719.95, 608.00
848.48, 717.34, 732.73
599.44, 473.49, 599.85
601.71, 476.88, 724.79
603.72, 479.94, 849.48
600.48, 598.55, 596.56
602.45, 601.73, 721.44
604.59, 604.77, 846.41
601.53, 723.66, 593.42
603.41, 726.60, 718.53
605.56, 729.73, 843.40
724.63, 472.56, 597.62
726.51, 475.78, 722.52
728.72, 478.94, 847.55
725.32, 597.66, 594.32
727.48, 600.60, 719.31
729.72, 604.07, 844.29
726.27, 722.63, 591.23
728.69, 725.80, 716.04
730.70, 728.68, 841.24
849.57, 471.72, 595.42
851.53, 475.00, 720.34
853.73, 477.88, 845.41
850.30, 596.64, 592.49
852.58, 599.84, 717.24
854.59, 602.77, 842.43
851.19, 721.68, 589.27
853.40, 724.69, 714.14
855.66, 727.89, 839.18
599.92, 598.98, 98.98
603.33, 598.50, 223.93
606.48, 597.81, 348.96
596.33, 723.93, 99.71
599.73, 723.45, 224.65
602.73, 723.00, 349.59
592.49, 848.65, 100.08
595.92, 848.38, 225.09
598.92, 847.97, 349.87
724.84, 602.60, 95.90
728.07, 602.24, 220.76
731.51, 601.63, 345.62
721.12, 727.40, 96.37
724.29, 727.20, 221.18
727.81, 726.75, 346.23
717.52, 852.30, 96.97
720.76, 852.14, 221.75
724.16, 851.65, 346.71
849.79, 606.31, 92.50
853.14, 605.81, 217.38
856.35, 605.52, 342.29
846.09, 731.27, 93.03
849.24, 730.94, 217.97
852.52, 730.38, 342.94
842.30, 856.21, 93.58
845.57, 855.83, 218.55
848.87, 855.45, 343.61
599.60, 601.24, 224.33
596.43, 599.98, 349.04
593.33, 598.74, 474.02
600.62, 726.39, 225.67
597.54, 725.12, 350.69
594.37, 723.66, 475.29
601.30, 851.28, 226.93
598.32, 849.90, 351.71
595.18, 848.69, 476.85
724.38, 600.36, 227.47
721.24, 598.84, 352.20
718.22, 597.54, 477.31
725.63, 725.26, 228.53
722.42, 723.92, 353.59
719.14, 722.51, 478.51
726.36, 850.26, 229.96
723.37, 848.93, 355.07
720.14, 847.76, 479.90
849.41, 599.28, 230.26
846.37, 597.94, 355.27
843.15, 596.78, 480.45
850.38, 724.23, 231.78
847.23, 722.86, 356.59
844.27, 721.56, 481.63
851.47, 849.13, 233.00
848.27, 847.94, 357.94
845.31, 846.70, 483.01
599.84, 597.97, 348.86
597.85, 599.58, 474.00
596.19, 600.91, 599.10
596.74, 723.14, 347.39
594.82, 724.72, 472.47
592.77, 725.93, 597.28
593.62, 848.17, 346.07
591.96, 849.61, 470.85
589.69, 851.09, 596.03
724.68, 601.16, 350.91
722.80, 602.73, 475.98
720.89, 604.35, 601.09
721.75, 726.14, 349.31
719.87, 727.84, 474.45
717.82, 729.10, 599.49
718.70, 851.06, 347.75
716.80, 852.57, 472.80
714.93, 854.20, 597.95
849.64, 604.20, 352.79
847.73, 606.03, 477.78
845.80, 607.38, 602.68
846.81, 729.22, 351.39
844.68, 730.83, 476.41
842.85, 732.23, 601.19
843.66, 854.10, 349.70
841.65, 855.73, 474.72
839.76, 857.18, 599.86
602.13, 598.99, 476.03
602.09, 596.36, 600.99
601.65, 593.78, 726.02
599.66, 723.91, 478.60
599.33, 721.34, 603.69
599.17, 718.89, 728.40
597.07, 848.93, 481.16
597.12, 846.10, 606.07
597.08, 843.76, 731.22
727.13, 601.25, 475.94
727.04, 598.70, 601.32
726.76, 596.30, 726.10
724.49, 726.38, 478.89
724.50, 723.57, 603.49
724.47, 721.23, 728.72
722.04, 851.11, 481.21
721.92, 848.64, 606.12
721.89, 846.21, 731.03
852.05, 603.66, 476.48
851.99, 601.17, 601.30
851.80, 598.82, 726.32
849.45, 728.85, 478.65
849.48, 726.07, 603.61
849.17, 723.81, 728.79
846.97, 853.63, 481.33
846.97, 851.21, 606.12
846.81, 848.68, 731.32
600.72, 598.61, 600.72
604.23, 600.74, 725.35
607.56, 602.84, 850.57
602.56, 723.67, 598.66
606.20, 725.69, 723.50
609.55, 727.72, 848.27
604.37, 848.91, 596.29
608.21, 850.56, 721.40
611.59, 852.82, 846.33
725.72, 596.88, 597.19
729.20, 598.84, 722.30
732.55, 600.91, 847.15
727.51, 721.64, 595.16
731.11, 723.63, 719.98
734.42, 725.87, 844.93
729.36, 846.59, 592.92
733.04, 848.70, 718.03
736.39, 850.82, 842.98
850.46, 594.97, 593.46
854.00, 596.91, 718.66
857.61, 599.03, 843.46
852.52, 719.89, 591.72
856.02, 721.82, 716.73
859.39, 723.83, 841.46
854.36, 844.76, 589.63
857.96, 846.75, 714.47
861.37, 848.81, 839.42
