15, "pa3-A-Output.txt"
28.509489 14.335045 17.697655 28.507339 14.333554 17.696325 0.002935
29.962078 17.338257 12.297371 29.960655 17.337184 12.296591 0.001945
-30.030870 8.774591 -32.639206 -30.031082 8.775285 -32.639503 0.000784
-11.255716 10.614186 32.210782 -11.259896 10.609722 32.212537 0.006362
1.195141 -18.618773 -23.607478 1.194188 -18.618170 -23.607033 0.001212
1.384612 18.894673 4.661890 1.381960 18.896207 4.659842 0.003685
-4.487722 11.015732 -0.459147 -4.487906 11.015963 -0.459214 0.000303
-21.075661 11.937639 -22.796423 -21.075654 11.938861 -22.796477 0.001224
36.403011 12.013941 -11.169378 36.405048 12.014251 -11.169638 0.002078
2.291676 18.289086 58.070506 2.293936 18.282889 58.069724 0.006643
-2.591992 14.289362 3.870594 -2.591478 14.288878 3.870879 0.000761
-18.995990 10.003461 -36.349362 -18.996010 10.003556 -36.349437 0.000122
3.988097 20.897430 1.952300 3.985357 20.898908 1.951158 0.003316
-25.005321 -18.015253 -6.577978 -25.004821 -18.014980 -6.579243 0.001387
19.797811 13.775878 60.240802 19.793874 13.772971 60.240144 0.004938
